0 0
0.001 0.406638
0.002 0.414272
0.003 0.421914
0.004 0.429564
0.005 0.437221
0.006 0.444884
0.007 0.452552
0.008 0.460226
0.009 0.467904
0.01 0.475585
0.011 0.483269
0.012 0.490955
0.013 0.498644
0.014 0.506333
0.015 0.514022
0.016 0.521711
0.017 0.529398
0.018 0.537084
0.019 0.544768
0.02 0.552449
0.021 0.560126
0.022 0.567798
0.023 0.575466
0.024 0.583127
0.025 0.590783
0.026 0.598431
0.027 0.606072
0.028 0.613705
0.029 0.621329
0.03 0.628944
0.031 0.636548
0.032 0.644142
0.033 0.651725
0.034 0.659295
0.035 0.666854
0.036 0.6744
0.037 0.681932
0.038 0.68945
0.039 0.696954
0.04 0.704442
0.041 0.711915
0.042 0.719373
0.043 0.726813
0.044 0.734237
0.045 0.741643
0.046 0.749032
0.047 0.756402
0.048 0.763754
0.049 0.771087
0.05 0.7784
0.051 0.785693
0.052 0.792967
0.053 0.80022
0.054 0.807452
0.055 0.814664
0.056 0.821853
0.057 0.829022
0.058 0.836168
0.059 0.843293
0.06 0.850395
0.061 0.857475
0.062 0.864532
0.063 0.871566
0.064 0.878577
0.065 0.885566
0.066 0.89253
0.067 0.899472
0.068 0.90639
0.069 0.913285
0.07 0.920156
0.071 0.927003
0.072 0.933827
0.073 0.940627
0.074 0.947403
0.075 0.954156
0.076 0.960885
0.077 0.96759
0.078 0.974272
0.079 0.98093
0.08 0.987565
0.081 0.994176
0.082 1.00076
0.083 1.00733
0.084 1.01387
0.085 1.02039
0.086 1.02689
0.087 1.03336
0.088 1.03981
0.089 1.04624
0.09 1.05265
0.091 1.05903
0.092 1.06539
0.093 1.07173
0.094 1.07805
0.095 1.08435
0.096 1.09063
0.097 1.09688
0.098 1.10312
0.099 1.10933
0.1 1.11553
0.101 1.1217
0.102 1.12786
0.103 1.134
0.104 1.14011
0.105 1.14621
0.106 1.15229
0.107 1.15835
0.108 1.16439
0.109 1.17041
0.11 1.17642
0.111 1.1824
0.112 1.18837
0.113 1.19433
0.114 1.20026
0.115 1.20618
0.116 1.21208
0.117 1.21797
0.118 1.22384
0.119 1.22969
0.12 1.23553
0.121 1.24136
0.122 1.24716
0.123 1.25296
0.124 1.25873
0.125 1.2645
0.126 1.27024
0.127 1.27598
0.128 1.2817
0.129 1.28741
0.13 1.2931
0.131 1.29878
0.132 1.30444
0.133 1.3101
0.134 1.31574
0.135 1.32136
0.136 1.32698
0.137 1.33258
0.138 1.33817
0.139 1.34374
0.14 1.34931
0.141 1.35486
0.142 1.3604
0.143 1.36593
0.144 1.37145
0.145 1.37696
0.146 1.38245
0.147 1.38793
0.148 1.39341
0.149 1.39887
0.15 1.40432
0.151 1.40976
0.152 1.41519
0.153 1.42061
0.154 1.42601
0.155 1.43141
0.156 1.4368
0.157 1.44218
0.158 1.44754
0.159 1.4529
0.16 1.45825
0.161 1.46358
0.162 1.46891
0.163 1.47423
0.164 1.47953
0.165 1.48483
0.166 1.49012
0.167 1.4954
0.168 1.50067
0.169 1.50593
0.17 1.51118
0.171 1.51642
0.172 1.52165
0.173 1.52687
0.174 1.53209
0.175 1.53729
0.176 1.54249
0.177 1.54767
0.178 1.55285
0.179 1.55802
0.18 1.56318
0.181 1.56833
0.182 1.57347
0.183 1.57861
0.184 1.58373
0.185 1.58885
0.186 1.59396
0.187 1.59906
0.188 1.60415
0.189 1.60924
0.19 1.61431
0.191 1.61938
0.192 1.62444
0.193 1.62949
0.194 1.63453
0.195 1.63957
0.196 1.64459
0.197 1.64961
0.198 1.65462
0.199 1.65963
0.2 1.66462
0.201 1.66961
0.202 1.67459
0.203 1.67957
0.204 1.68453
0.205 1.68949
0.206 1.69444
0.207 1.69939
0.208 1.70433
0.209 1.70926
0.21 1.71418
0.211 1.7191
0.212 1.724
0.213 1.72891
0.214 1.7338
0.215 1.73869
0.216 1.74357
0.217 1.74845
0.218 1.75332
0.219 1.75818
0.22 1.76304
0.221 1.76789
0.222 1.77273
0.223 1.77757
0.224 1.7824
0.225 1.78723
0.226 1.79205
0.227 1.79686
0.228 1.80167
0.229 1.80648
0.23 1.81127
0.231 1.81606
0.232 1.82085
0.233 1.82563
0.234 1.83041
0.235 1.83518
0.236 1.83994
0.237 1.8447
0.238 1.84946
0.239 1.85421
0.24 1.85896
0.241 1.8637
0.242 1.86843
0.243 1.87316
0.244 1.87789
0.245 1.88261
0.246 1.88733
0.247 1.89205
0.248 1.89676
0.249 1.90146
0.25 1.90616
0.251 1.91086
0.252 1.91555
0.253 1.92024
0.254 1.92493
0.255 1.92961
0.256 1.93429
0.257 1.93897
0.258 1.94364
0.259 1.94831
0.26 1.95297
0.261 1.95764
0.262 1.96229
0.263 1.96695
0.264 1.9716
0.265 1.97625
0.266 1.9809
0.267 1.98554
0.268 1.99019
0.269 1.99482
0.27 1.99946
0.271 2.00409
0.272 2.00873
0.273 2.01335
0.274 2.01798
0.275 2.02261
0.276 2.02723
0.277 2.03185
0.278 2.03647
0.279 2.04108
0.28 2.0457
0.281 2.05031
0.282 2.05492
0.283 2.05953
0.284 2.06414
0.285 2.06874
0.286 2.07334
0.287 2.07795
0.288 2.08255
0.289 2.08715
0.29 2.09175
0.291 2.09634
0.292 2.10094
0.293 2.10553
0.294 2.11013
0.295 2.11472
0.296 2.11931
0.297 2.1239
0.298 2.12849
0.299 2.13308
0.3 2.13767
0.301 2.14226
0.302 2.14685
0.303 2.15143
0.304 2.15602
0.305 2.16061
0.306 2.16519
0.307 2.16978
0.308 2.17436
0.309 2.17895
0.31 2.18353
0.311 2.18811
0.312 2.1927
0.313 2.19728
0.314 2.20187
0.315 2.20645
0.316 2.21103
0.317 2.21562
0.318 2.2202
0.319 2.22479
0.32 2.22937
0.321 2.23396
0.322 2.23854
0.323 2.24313
0.324 2.24772
0.325 2.2523
0.326 2.25689
0.327 2.26148
0.328 2.26607
0.329 2.27066
0.33 2.27525
0.331 2.27984
0.332 2.28443
0.333 2.28902
0.334 2.29362
0.335 2.29821
0.336 2.30281
0.337 2.30741
0.338 2.312
0.339 2.3166
0.34 2.3212
0.341 2.32581
0.342 2.33041
0.343 2.33501
0.344 2.33962
0.345 2.34423
0.346 2.34884
0.347 2.35345
0.348 2.35806
0.349 2.36267
0.35 2.36729
0.351 2.37191
0.352 2.37653
0.353 2.38115
0.354 2.38577
0.355 2.39039
0.356 2.39502
0.357 2.39965
0.358 2.40428
0.359 2.40892
0.36 2.41355
0.361 2.41819
0.362 2.42283
0.363 2.42747
0.364 2.43212
0.365 2.43677
0.366 2.44142
0.367 2.44607
0.368 2.45072
0.369 2.45538
0.37 2.46004
0.371 2.46471
0.372 2.46937
0.373 2.47404
0.374 2.47872
0.375 2.48339
0.376 2.48807
0.377 2.49276
0.378 2.49744
0.379 2.50213
0.38 2.50682
0.381 2.51152
0.382 2.51622
0.383 2.52092
0.384 2.52563
0.385 2.53034
0.386 2.53506
0.387 2.53978
0.388 2.5445
0.389 2.54923
0.39 2.55396
0.391 2.55869
0.392 2.56343
0.393 2.56817
0.394 2.57292
0.395 2.57768
0.396 2.58243
0.397 2.58719
0.398 2.59196
0.399 2.59673
0.4 2.60151
0.401 2.60629
0.402 2.61108
0.403 2.61587
0.404 2.62067
0.405 2.62547
0.406 2.63028
0.407 2.63509
0.408 2.63991
0.409 2.64473
0.41 2.64956
0.411 2.6544
0.412 2.65924
0.413 2.66409
0.414 2.66895
0.415 2.67381
0.416 2.67867
0.417 2.68355
0.418 2.68843
0.419 2.69332
0.42 2.69821
0.421 2.70311
0.422 2.70802
0.423 2.71293
0.424 2.71785
0.425 2.72278
0.426 2.72772
0.427 2.73266
0.428 2.73762
0.429 2.74258
0.43 2.74754
0.431 2.75252
0.432 2.7575
0.433 2.76249
0.434 2.76749
0.435 2.7725
0.436 2.77752
0.437 2.78254
0.438 2.78758
0.439 2.79262
0.44 2.79768
0.441 2.80274
0.442 2.80781
0.443 2.81289
0.444 2.81798
0.445 2.82308
0.446 2.82819
0.447 2.83331
0.448 2.83844
0.449 2.84358
0.45 2.84873
0.451 2.85389
0.452 2.85906
0.453 2.86424
0.454 2.86944
0.455 2.87464
0.456 2.87986
0.457 2.88509
0.458 2.89032
0.459 2.89558
0.46 2.90084
0.461 2.90611
0.462 2.9114
0.463 2.9167
0.464 2.92201
0.465 2.92733
0.466 2.93267
0.467 2.93802
0.468 2.94338
0.469 2.94876
0.47 2.95415
0.471 2.95955
0.472 2.96497
0.473 2.9704
0.474 2.97585
0.475 2.98131
0.476 2.98678
0.477 2.99227
0.478 2.99778
0.479 3.00329
0.48 3.00883
0.481 3.01438
0.482 3.01994
0.483 3.02552
0.484 3.03112
0.485 3.03673
0.486 3.04236
0.487 3.04801
0.488 3.05367
0.489 3.05935
0.49 3.06505
0.491 3.07076
0.492 3.07649
0.493 3.08224
0.494 3.08801
0.495 3.0938
0.496 3.0996
0.497 3.10542
0.498 3.11127
0.499 3.11713
0.5 3.123
0.501 3.1289
0.502 3.13482
0.503 3.14076
0.504 3.14672
0.505 3.1527
0.506 3.1587
0.507 3.16472
0.508 3.17076
0.509 3.17682
0.51 3.18291
0.511 3.18901
0.512 3.19514
0.513 3.20129
0.514 3.20746
0.515 3.21366
0.516 3.21987
0.517 3.22612
0.518 3.23238
0.519 3.23867
0.52 3.24498
0.521 3.25132
0.522 3.25768
0.523 3.26406
0.524 3.27047
0.525 3.27691
0.526 3.28337
0.527 3.28985
0.528 3.29637
0.529 3.30291
0.53 3.30947
0.531 3.31606
0.532 3.32268
0.533 3.32933
0.534 3.336
0.535 3.34271
0.536 3.34944
0.537 3.35619
0.538 3.36298
0.539 3.3698
0.54 3.37664
0.541 3.38352
0.542 3.39043
0.543 3.39736
0.544 3.40433
0.545 3.41133
0.546 3.41835
0.547 3.42541
0.548 3.43251
0.549 3.43963
0.55 3.44679
0.551 3.45397
0.552 3.4612
0.553 3.46845
0.554 3.47574
0.555 3.48306
0.556 3.49042
0.557 3.49781
0.558 3.50524
0.559 3.5127
0.56 3.5202
0.561 3.52773
0.562 3.5353
0.563 3.54291
0.564 3.55055
0.565 3.55823
0.566 3.56595
0.567 3.5737
0.568 3.5815
0.569 3.58933
0.57 3.5972
0.571 3.60512
0.572 3.61307
0.573 3.62106
0.574 3.62909
0.575 3.63716
0.576 3.64527
0.577 3.65343
0.578 3.66163
0.579 3.66986
0.58 3.67815
0.581 3.68647
0.582 3.69484
0.583 3.70325
0.584 3.71171
0.585 3.72021
0.586 3.72875
0.587 3.73734
0.588 3.74598
0.589 3.75466
0.59 3.76338
0.591 3.77216
0.592 3.78098
0.593 3.78985
0.594 3.79876
0.595 3.80773
0.596 3.81674
0.597 3.8258
0.598 3.83492
0.599 3.84408
0.6 3.85329
0.601 3.86255
0.602 3.87186
0.603 3.88122
0.604 3.89064
0.605 3.90011
0.606 3.90963
0.607 3.9192
0.608 3.92882
0.609 3.9385
0.61 3.94824
0.611 3.95802
0.612 3.96787
0.613 3.97776
0.614 3.98771
0.615 3.99772
0.616 4.00779
0.617 4.01791
0.618 4.02808
0.619 4.03832
0.62 4.04861
0.621 4.05896
0.622 4.06937
0.623 4.07984
0.624 4.09036
0.625 4.10095
0.626 4.1116
0.627 4.1223
0.628 4.13307
0.629 4.1439
0.63 4.15478
0.631 4.16573
0.632 4.17675
0.633 4.18782
0.634 4.19896
0.635 4.21015
0.636 4.22142
0.637 4.23274
0.638 4.24413
0.639 4.25559
0.64 4.2671
0.641 4.27869
0.642 4.29033
0.643 4.30205
0.644 4.31383
0.645 4.32567
0.646 4.33758
0.647 4.34956
0.648 4.3616
0.649 4.37371
0.65 4.38588
0.651 4.39813
0.652 4.41044
0.653 4.42282
0.654 4.43526
0.655 4.44778
0.656 4.46036
0.657 4.47301
0.658 4.48573
0.659 4.49852
0.66 4.51138
0.661 4.52431
0.662 4.5373
0.663 4.55037
0.664 4.5635
0.665 4.5767
0.666 4.58998
0.667 4.60332
0.668 4.61673
0.669 4.63021
0.67 4.64376
0.671 4.65738
0.672 4.67107
0.673 4.68483
0.674 4.69866
0.675 4.71256
0.676 4.72653
0.677 4.74057
0.678 4.75467
0.679 4.76885
0.68 4.7831
0.681 4.79741
0.682 4.81179
0.683 4.82625
0.684 4.84077
0.685 4.85535
0.686 4.87001
0.687 4.88473
0.688 4.89952
0.689 4.91438
0.69 4.92931
0.691 4.9443
0.692 4.95936
0.693 4.97448
0.694 4.98967
0.695 5.00492
0.696 5.02024
0.697 5.03563
0.698 5.05107
0.699 5.06658
0.7 5.08215
0.701 5.09779
0.702 5.11348
0.703 5.12924
0.704 5.14506
0.705 5.16093
0.706 5.17687
0.707 5.19286
0.708 5.20891
0.709 5.22502
0.71 5.24119
0.711 5.25741
0.712 5.27368
0.713 5.29001
0.714 5.30639
0.715 5.32283
0.716 5.33931
0.717 5.35585
0.718 5.37243
0.719 5.38906
0.72 5.40574
0.721 5.42247
0.722 5.43924
0.723 5.45606
0.724 5.47292
0.725 5.48982
0.726 5.50676
0.727 5.52374
0.728 5.54076
0.729 5.55782
0.73 5.57491
0.731 5.59204
0.732 5.6092
0.733 5.62639
0.734 5.64362
0.735 5.66087
0.736 5.67815
0.737 5.69546
0.738 5.71279
0.739 5.73015
0.74 5.74753
0.741 5.76492
0.742 5.78234
0.743 5.79978
0.744 5.81723
0.745 5.83469
0.746 5.85217
0.747 5.86966
0.748 5.88716
0.749 5.90467
0.75 5.92218
0.751 5.9397
0.752 5.95722
0.753 5.97474
0.754 5.99225
0.755 6.00977
0.756 6.02728
0.757 6.04479
0.758 6.06228
0.759 6.07977
0.76 6.09724
0.761 6.1147
0.762 6.13215
0.763 6.14957
0.764 6.16698
0.765 6.18436
0.766 6.20172
0.767 6.21906
0.768 6.23637
0.769 6.25365
0.77 6.27089
0.771 6.28811
0.772 6.30529
0.773 6.32243
0.774 6.33953
0.775 6.35659
0.776 6.3736
0.777 6.39057
0.778 6.40749
0.779 6.42437
0.78 6.44119
0.781 6.45796
0.782 6.47467
0.783 6.49132
0.784 6.50792
0.785 6.52445
0.786 6.54092
0.787 6.55733
0.788 6.57366
0.789 6.58993
0.79 6.60612
0.791 6.62225
0.792 6.63829
0.793 6.65426
0.794 6.67015
0.795 6.68596
0.796 6.70169
0.797 6.71733
0.798 6.73288
0.799 6.74835
0.8 6.76372
0.801 6.77901
0.802 6.79419
0.803 6.80929
0.804 6.82429
0.805 6.83918
0.806 6.85398
0.807 6.86867
0.808 6.88327
0.809 6.89775
0.81 6.91213
0.811 6.9264
0.812 6.94056
0.813 6.95461
0.814 6.96855
0.815 6.98237
0.816 6.99607
0.817 7.00966
0.818 7.02313
0.819 7.03649
0.82 7.04972
0.821 7.06283
0.822 7.07581
0.823 7.08868
0.824 7.10142
0.825 7.11403
0.826 7.12651
0.827 7.13887
0.828 7.1511
0.829 7.1632
0.83 7.17516
0.831 7.187
0.832 7.19871
0.833 7.21028
0.834 7.22172
0.835 7.23303
0.836 7.2442
0.837 7.25524
0.838 7.26614
0.839 7.2769
0.84 7.28753
0.841 7.29803
0.842 7.30839
0.843 7.31861
0.844 7.32869
0.845 7.33864
0.846 7.34845
0.847 7.35812
0.848 7.36766
0.849 7.37706
0.85 7.38632
0.851 7.39544
0.852 7.40443
0.853 7.41328
0.854 7.422
0.855 7.43057
0.856 7.43902
0.857 7.44732
0.858 7.4555
0.859 7.46354
0.86 7.47144
0.861 7.47921
0.862 7.48685
0.863 7.49435
0.864 7.50173
0.865 7.50897
0.866 7.51608
0.867 7.52306
0.868 7.52992
0.869 7.53664
0.87 7.54324
0.871 7.54971
0.872 7.55605
0.873 7.56227
0.874 7.56837
0.875 7.57434
0.876 7.58019
0.877 7.58592
0.878 7.59153
0.879 7.59703
0.88 7.6024
0.881 7.60765
0.882 7.61279
0.883 7.61782
0.884 7.62273
0.885 7.62753
0.886 7.63222
0.887 7.63679
0.888 7.64126
0.889 7.64562
0.89 7.64987
0.891 7.65402
0.892 7.65807
0.893 7.66201
0.894 7.66584
0.895 7.66958
0.896 7.67322
0.897 7.67676
0.898 7.6802
0.899 7.68355
0.9 7.6868
0.901 7.68996
0.902 7.69303
0.903 7.69601
0.904 7.6989
0.905 7.7017
0.906 7.70441
0.907 7.70704
0.908 7.70958
0.909 7.71204
0.91 7.71442
0.911 7.71672
0.912 7.71893
0.913 7.72107
0.914 7.72314
0.915 7.72512
0.916 7.72703
0.917 7.72887
0.918 7.73064
0.919 7.73234
0.92 7.73396
0.921 7.73552
0.922 7.73701
0.923 7.73844
0.924 7.7398
0.925 7.74109
0.926 7.74232
0.927 7.74349
0.928 7.7446
0.929 7.74566
0.93 7.74665
0.931 7.74758
0.932 7.74846
0.933 7.74929
0.934 7.75006
0.935 7.75077
0.936 7.75144
0.937 7.75205
0.938 7.75261
0.939 7.75313
0.94 7.75359
0.941 7.75401
0.942 7.75438
0.943 7.75471
0.944 7.75499
0.945 7.75523
0.946 7.75543
0.947 7.75558
0.948 7.7557
0.949 7.75577
0.95 7.75581
0.951 7.75581
0.952 7.75576
0.953 7.75569
0.954 7.75557
0.955 7.75543
0.956 7.75524
0.957 7.75503
0.958 7.75478
0.959 7.7545
0.96 7.75418
0.961 7.75384
0.962 7.75347
0.963 7.75307
0.964 7.75263
0.965 7.75218
0.966 7.75169
0.967 7.75118
0.968 7.75064
0.969 7.75007
0.97 7.74948
0.971 7.74887
0.972 7.74823
0.973 7.74757
0.974 7.74689
0.975 7.74619
0.976 7.74546
0.977 7.74471
0.978 7.74394
0.979 7.74316
0.98 7.74235
0.981 7.74153
0.982 7.74068
0.983 7.73982
0.984 7.73894
0.985 7.73804
0.986 7.73713
0.987 7.7362
0.988 7.73526
0.989 7.7343
0.99 7.73332
0.991 7.73233
0.992 7.73133
0.993 7.73031
0.994 7.72928
0.995 7.72824
0.996 7.72718
0.997 7.72611
0.998 7.72503
0.999 7.72394
1 7.72284
1.001 0
