0 5
0.001 3.27073
0.002 3.26727
0.003 3.26382
0.004 3.26037
0.005 3.25693
0.006 3.2535
0.007 3.25007
0.008 3.24665
0.009 3.24324
0.01 3.23984
0.011 3.23644
0.012 3.23306
0.013 3.22968
0.014 3.22632
0.015 3.22297
0.016 3.21963
0.017 3.2163
0.018 3.21299
0.019 3.20969
0.02 3.2064
0.021 3.20313
0.022 3.19987
0.023 3.19663
0.024 3.1934
0.025 3.1902
0.026 3.18701
0.027 3.18383
0.028 3.18068
0.029 3.17754
0.03 3.17443
0.031 3.17133
0.032 3.16826
0.033 3.16521
0.034 3.16218
0.035 3.15917
0.036 3.15618
0.037 3.15322
0.038 3.15028
0.039 3.14737
0.04 3.14448
0.041 3.14162
0.042 3.13878
0.043 3.13597
0.044 3.13318
0.045 3.13043
0.046 3.1277
0.047 3.125
0.048 3.12233
0.049 3.11969
0.05 3.11708
0.051 3.1145
0.052 3.11195
0.053 3.10943
0.054 3.10694
0.055 3.10449
0.056 3.10207
0.057 3.09968
0.058 3.09732
0.059 3.095
0.06 3.09271
0.061 3.09045
0.062 3.08823
0.063 3.08605
0.064 3.0839
0.065 3.08178
0.066 3.0797
0.067 3.07766
0.068 3.07565
0.069 3.07368
0.07 3.07175
0.071 3.06985
0.072 3.06799
0.073 3.06617
0.074 3.06439
0.075 3.06264
0.076 3.06093
0.077 3.05926
0.078 3.05763
0.079 3.05603
0.08 3.05448
0.081 3.05296
0.082 3.05148
0.083 3.05004
0.084 3.04864
0.085 3.04728
0.086 3.04596
0.087 3.04467
0.088 3.04342
0.089 3.04222
0.09 3.04105
0.091 3.03992
0.092 3.03883
0.093 3.03778
0.094 3.03676
0.095 3.03579
0.096 3.03485
0.097 3.03395
0.098 3.03309
0.099 3.03227
0.1 3.03149
0.101 3.03074
0.102 3.03003
0.103 3.02936
0.104 3.02873
0.105 3.02813
0.106 3.02757
0.107 3.02704
0.108 3.02656
0.109 3.02611
0.11 3.02569
0.111 3.02531
0.112 3.02497
0.113 3.02466
0.114 3.02438
0.115 3.02414
0.116 3.02393
0.117 3.02376
0.118 3.02362
0.119 3.02352
0.12 3.02345
0.121 3.02341
0.122 3.0234
0.123 3.02342
0.124 3.02348
0.125 3.02357
0.126 3.02368
0.127 3.02383
0.128 3.02401
0.129 3.02422
0.13 3.02445
0.131 3.02472
0.132 3.02502
0.133 3.02534
0.134 3.02569
0.135 3.02607
0.136 3.02647
0.137 3.0269
0.138 3.02736
0.139 3.02784
0.14 3.02835
0.141 3.02888
0.142 3.02944
0.143 3.03002
0.144 3.03062
0.145 3.03125
0.146 3.0319
0.147 3.03257
0.148 3.03327
0.149 3.03398
0.15 3.03472
0.151 3.03547
0.152 3.03625
0.153 3.03705
0.154 3.03787
0.155 3.0387
0.156 3.03955
0.157 3.04043
0.158 3.04132
0.159 3.04222
0.16 3.04315
0.161 3.04409
0.162 3.04504
0.163 3.04601
0.164 3.047
0.165 3.048
0.166 3.04902
0.167 3.05005
0.168 3.0511
0.169 3.05215
0.17 3.05322
0.171 3.05431
0.172 3.0554
0.173 3.05651
0.174 3.05763
0.175 3.05876
0.176 3.0599
0.177 3.06106
0.178 3.06222
0.179 3.06339
0.18 3.06457
0.181 3.06576
0.182 3.06696
0.183 3.06817
0.184 3.06939
0.185 3.07061
0.186 3.07185
0.187 3.07309
0.188 3.07433
0.189 3.07559
0.19 3.07685
0.191 3.07812
0.192 3.07939
0.193 3.08067
0.194 3.08195
0.195 3.08324
0.196 3.08454
0.197 3.08584
0.198 3.08714
0.199 3.08845
0.2 3.08977
0.201 3.09108
0.202 3.0924
0.203 3.09373
0.204 3.09506
0.205 3.09639
0.206 3.09772
0.207 3.09906
0.208 3.1004
0.209 3.10174
0.21 3.10308
0.211 3.10443
0.212 3.10577
0.213 3.10712
0.214 3.10847
0.215 3.10982
0.216 3.11118
0.217 3.11253
0.218 3.11388
0.219 3.11524
0.22 3.1166
0.221 3.11795
0.222 3.11931
0.223 3.12066
0.224 3.12202
0.225 3.12338
0.226 3.12473
0.227 3.12609
0.228 3.12745
0.229 3.1288
0.23 3.13016
0.231 3.13151
0.232 3.13286
0.233 3.13421
0.234 3.13557
0.235 3.13692
0.236 3.13826
0.237 3.13961
0.238 3.14096
0.239 3.1423
0.24 3.14364
0.241 3.14499
0.242 3.14633
0.243 3.14766
0.244 3.149
0.245 3.15033
0.246 3.15167
0.247 3.153
0.248 3.15432
0.249 3.15565
0.25 3.15697
0.251 3.15829
0.252 3.15961
0.253 3.16093
0.254 3.16224
0.255 3.16355
0.256 3.16486
0.257 3.16617
0.258 3.16747
0.259 3.16877
0.26 3.17007
0.261 3.17137
0.262 3.17266
0.263 3.17395
0.264 3.17523
0.265 3.17652
0.266 3.1778
0.267 3.17908
0.268 3.18035
0.269 3.18162
0.27 3.18289
0.271 3.18416
0.272 3.18542
0.273 3.18668
0.274 3.18793
0.275 3.18918
0.276 3.19043
0.277 3.19168
0.278 3.19292
0.279 3.19416
0.28 3.1954
0.281 3.19663
0.282 3.19786
0.283 3.19908
0.284 3.2003
0.285 3.20152
0.286 3.20274
0.287 3.20395
0.288 3.20516
0.289 3.20636
0.29 3.20756
0.291 3.20876
0.292 3.20995
0.293 3.21114
0.294 3.21233
0.295 3.21351
0.296 3.21469
0.297 3.21586
0.298 3.21704
0.299 3.2182
0.3 3.21937
0.301 3.22053
0.302 3.22168
0.303 3.22284
0.304 3.22399
0.305 3.22513
0.306 3.22627
0.307 3.22741
0.308 3.22854
0.309 3.22967
0.31 3.2308
0.311 3.23192
0.312 3.23304
0.313 3.23416
0.314 3.23527
0.315 3.23637
0.316 3.23748
0.317 3.23858
0.318 3.23967
0.319 3.24076
0.32 3.24185
0.321 3.24293
0.322 3.24401
0.323 3.24509
0.324 3.24616
0.325 3.24723
0.326 3.24829
0.327 3.24936
0.328 3.25041
0.329 3.25146
0.33 3.25251
0.331 3.25356
0.332 3.2546
0.333 3.25564
0.334 3.25667
0.335 3.2577
0.336 3.25872
0.337 3.25974
0.338 3.26076
0.339 3.26178
0.34 3.26278
0.341 3.26379
0.342 3.26479
0.343 3.26579
0.344 3.26678
0.345 3.26777
0.346 3.26876
0.347 3.26974
0.348 3.27072
0.349 3.2717
0.35 3.27267
0.351 3.27363
0.352 3.27459
0.353 3.27555
0.354 3.27651
0.355 3.27746
0.356 3.27841
0.357 3.27935
0.358 3.28029
0.359 3.28123
0.36 3.28216
0.361 3.28308
0.362 3.28401
0.363 3.28493
0.364 3.28585
0.365 3.28676
0.366 3.28767
0.367 3.28857
0.368 3.28947
0.369 3.29037
0.37 3.29126
0.371 3.29215
0.372 3.29304
0.373 3.29392
0.374 3.2948
0.375 3.29567
0.376 3.29654
0.377 3.29741
0.378 3.29827
0.379 3.29913
0.38 3.29999
0.381 3.30084
0.382 3.30169
0.383 3.30253
0.384 3.30338
0.385 3.30421
0.386 3.30505
0.387 3.30588
0.388 3.3067
0.389 3.30753
0.39 3.30834
0.391 3.30916
0.392 3.30997
0.393 3.31078
0.394 3.31158
0.395 3.31239
0.396 3.31318
0.397 3.31398
0.398 3.31477
0.399 3.31555
0.4 3.31634
0.401 3.31712
0.402 3.31789
0.403 3.31867
0.404 3.31943
0.405 3.3202
0.406 3.32096
0.407 3.32172
0.408 3.32248
0.409 3.32323
0.41 3.32398
0.411 3.32472
0.412 3.32546
0.413 3.3262
0.414 3.32694
0.415 3.32767
0.416 3.3284
0.417 3.32912
0.418 3.32984
0.419 3.33056
0.42 3.33128
0.421 3.33199
0.422 3.33269
0.423 3.3334
0.424 3.3341
0.425 3.3348
0.426 3.3355
0.427 3.33619
0.428 3.33688
0.429 3.33756
0.43 3.33824
0.431 3.33892
0.432 3.3396
0.433 3.34027
0.434 3.34094
0.435 3.34161
0.436 3.34227
0.437 3.34293
0.438 3.34359
0.439 3.34424
0.44 3.34489
0.441 3.34554
0.442 3.34619
0.443 3.34683
0.444 3.34747
0.445 3.34811
0.446 3.34874
0.447 3.34937
0.448 3.35
0.449 3.35062
0.45 3.35124
0.451 3.35186
0.452 3.35247
0.453 3.35309
0.454 3.3537
0.455 3.3543
0.456 3.35491
0.457 3.35551
0.458 3.3561
0.459 3.3567
0.46 3.35729
0.461 3.35788
0.462 3.35847
0.463 3.35905
0.464 3.35963
0.465 3.36021
0.466 3.36079
0.467 3.36136
0.468 3.36193
0.469 3.3625
0.47 3.36306
0.471 3.36362
0.472 3.36418
0.473 3.36474
0.474 3.36529
0.475 3.36584
0.476 3.36639
0.477 3.36694
0.478 3.36748
0.479 3.36802
0.48 3.36856
0.481 3.3691
0.482 3.36963
0.483 3.37016
0.484 3.37069
0.485 3.37121
0.486 3.37173
0.487 3.37225
0.488 3.37277
0.489 3.37329
0.49 3.3738
0.491 3.37431
0.492 3.37482
0.493 3.37532
0.494 3.37582
0.495 3.37632
0.496 3.37682
0.497 3.37731
0.498 3.37781
0.499 3.3783
0.5 3.37878
0.501 3.37927
0.502 3.37975
0.503 3.38023
0.504 3.38071
0.505 3.38119
0.506 3.38166
0.507 3.38213
0.508 3.3826
0.509 3.38306
0.51 3.38353
0.511 3.38399
0.512 3.38445
0.513 3.3849
0.514 3.38536
0.515 3.38581
0.516 3.38626
0.517 3.38671
0.518 3.38715
0.519 3.38759
0.52 3.38803
0.521 3.38847
0.522 3.38891
0.523 3.38934
0.524 3.38977
0.525 3.3902
0.526 3.39063
0.527 3.39105
0.528 3.39147
0.529 3.39189
0.53 3.39231
0.531 3.39273
0.532 3.39314
0.533 3.39355
0.534 3.39396
0.535 3.39436
0.536 3.39477
0.537 3.39517
0.538 3.39557
0.539 3.39596
0.54 3.39636
0.541 3.39675
0.542 3.39714
0.543 3.39753
0.544 3.39792
0.545 3.3983
0.546 3.39868
0.547 3.39906
0.548 3.39944
0.549 3.39981
0.55 3.40018
0.551 3.40055
0.552 3.40092
0.553 3.40129
0.554 3.40165
0.555 3.40201
0.556 3.40237
0.557 3.40273
0.558 3.40308
0.559 3.40343
0.56 3.40378
0.561 3.40413
0.562 3.40447
0.563 3.40482
0.564 3.40516
0.565 3.4055
0.566 3.40583
0.567 3.40617
0.568 3.4065
0.569 3.40683
0.57 3.40715
0.571 3.40748
0.572 3.4078
0.573 3.40812
0.574 3.40844
0.575 3.40875
0.576 3.40907
0.577 3.40938
0.578 3.40968
0.579 3.40999
0.58 3.41029
0.581 3.41059
0.582 3.41089
0.583 3.41119
0.584 3.41148
0.585 3.41177
0.586 3.41206
0.587 3.41235
0.588 3.41263
0.589 3.41291
0.59 3.41319
0.591 3.41346
0.592 3.41374
0.593 3.41401
0.594 3.41427
0.595 3.41454
0.596 3.4148
0.597 3.41506
0.598 3.41532
0.599 3.41557
0.6 3.41583
0.601 3.41607
0.602 3.41632
0.603 3.41656
0.604 3.4168
0.605 3.41704
0.606 3.41728
0.607 3.41751
0.608 3.41774
0.609 3.41796
0.61 3.41818
0.611 3.4184
0.612 3.41862
0.613 3.41883
0.614 3.41904
0.615 3.41925
0.616 3.41945
0.617 3.41966
0.618 3.41985
0.619 3.42005
0.62 3.42024
0.621 3.42042
0.622 3.42061
0.623 3.42079
0.624 3.42096
0.625 3.42114
0.626 3.4213
0.627 3.42147
0.628 3.42163
0.629 3.42179
0.63 3.42194
0.631 3.42209
0.632 3.42224
0.633 3.42238
0.634 3.42252
0.635 3.42265
0.636 3.42278
0.637 3.42291
0.638 3.42303
0.639 3.42314
0.64 3.42325
0.641 3.42336
0.642 3.42346
0.643 3.42356
0.644 3.42365
0.645 3.42374
0.646 3.42382
0.647 3.4239
0.648 3.42397
0.649 3.42404
0.65 3.4241
0.651 3.42416
0.652 3.42421
0.653 3.42426
0.654 3.42429
0.655 3.42433
0.656 3.42436
0.657 3.42438
0.658 3.42439
0.659 3.4244
0.66 3.42441
0.661 3.4244
0.662 3.42439
0.663 3.42438
0.664 3.42435
0.665 3.42432
0.666 3.42428
0.667 3.42424
0.668 3.42419
0.669 3.42413
0.67 3.42406
0.671 3.42399
0.672 3.4239
0.673 3.42381
0.674 3.42371
0.675 3.4236
0.676 3.42349
0.677 3.42336
0.678 3.42323
0.679 3.42309
0.68 3.42294
0.681 3.42278
0.682 3.42261
0.683 3.42243
0.684 3.42224
0.685 3.42204
0.686 3.42183
0.687 3.42161
0.688 3.42138
0.689 3.42113
0.69 3.42088
0.691 3.42062
0.692 3.42034
0.693 3.42006
0.694 3.41976
0.695 3.41945
0.696 3.41913
0.697 3.41879
0.698 3.41845
0.699 3.41809
0.7 3.41772
0.701 3.41733
0.702 3.41693
0.703 3.41652
0.704 3.4161
0.705 3.41566
0.706 3.4152
0.707 3.41473
0.708 3.41425
0.709 3.41375
0.71 3.41324
0.711 3.41271
0.712 3.41217
0.713 3.41161
0.714 3.41103
0.715 3.41044
0.716 3.40984
0.717 3.40921
0.718 3.40857
0.719 3.40791
0.72 3.40724
0.721 3.40654
0.722 3.40583
0.723 3.40511
0.724 3.40436
0.725 3.40359
0.726 3.40281
0.727 3.40201
0.728 3.40119
0.729 3.40035
0.73 3.39949
0.731 3.39861
0.732 3.39771
0.733 3.39679
0.734 3.39585
0.735 3.39489
0.736 3.39391
0.737 3.39291
0.738 3.39189
0.739 3.39085
0.74 3.38978
0.741 3.3887
0.742 3.38759
0.743 3.38647
0.744 3.38532
0.745 3.38415
0.746 3.38295
0.747 3.38174
0.748 3.3805
0.749 3.37924
0.75 3.37796
0.751 3.37666
0.752 3.37533
0.753 3.37398
0.754 3.37261
0.755 3.37122
0.756 3.3698
0.757 3.36837
0.758 3.36691
0.759 3.36542
0.76 3.36392
0.761 3.36239
0.762 3.36084
0.763 3.35926
0.764 3.35767
0.765 3.35605
0.766 3.35441
0.767 3.35275
0.768 3.35106
0.769 3.34936
0.77 3.34763
0.771 3.34588
0.772 3.34411
0.773 3.34232
0.774 3.34051
0.775 3.33868
0.776 3.33683
0.777 3.33495
0.778 3.33306
0.779 3.33115
0.78 3.32921
0.781 3.32726
0.782 3.32529
0.783 3.3233
0.784 3.32129
0.785 3.31927
0.786 3.31723
0.787 3.31517
0.788 3.31309
0.789 3.311
0.79 3.30889
0.791 3.30677
0.792 3.30463
0.793 3.30247
0.794 3.3003
0.795 3.29812
0.796 3.29593
0.797 3.29372
0.798 3.2915
0.799 3.28927
0.8 3.28702
0.801 3.28477
0.802 3.2825
0.803 3.28023
0.804 3.27795
0.805 3.27565
0.806 3.27335
0.807 3.27104
0.808 3.26873
0.809 3.26641
0.81 3.26408
0.811 3.26175
0.812 3.25941
0.813 3.25707
0.814 3.25473
0.815 3.25238
0.816 3.25003
0.817 3.24768
0.818 3.24533
0.819 3.24298
0.82 3.24062
0.821 3.23827
0.822 3.23592
0.823 3.23357
0.824 3.23123
0.825 3.22888
0.826 3.22654
0.827 3.22421
0.828 3.22188
0.829 3.21955
0.83 3.21723
0.831 3.21492
0.832 3.21261
0.833 3.21031
0.834 3.20802
0.835 3.20574
0.836 3.20347
0.837 3.2012
0.838 3.19895
0.839 3.19671
0.84 3.19448
0.841 3.19226
0.842 3.19005
0.843 3.18785
0.844 3.18567
0.845 3.1835
0.846 3.18134
0.847 3.1792
0.848 3.17707
0.849 3.17496
0.85 3.17286
0.851 3.17078
0.852 3.16872
0.853 3.16667
0.854 3.16464
0.855 3.16262
0.856 3.16062
0.857 3.15864
0.858 3.15668
0.859 3.15473
0.86 3.15281
0.861 3.1509
0.862 3.14901
0.863 3.14714
0.864 3.14529
0.865 3.14345
0.866 3.14164
0.867 3.13985
0.868 3.13807
0.869 3.13632
0.87 3.13459
0.871 3.13288
0.872 3.13118
0.873 3.12951
0.874 3.12786
0.875 3.12623
0.876 3.12461
0.877 3.12302
0.878 3.12145
0.879 3.11991
0.88 3.11838
0.881 3.11687
0.882 3.11538
0.883 3.11391
0.884 3.11247
0.885 3.11104
0.886 3.10964
0.887 3.10825
0.888 3.10689
0.889 3.10555
0.89 3.10422
0.891 3.10292
0.892 3.10164
0.893 3.10037
0.894 3.09913
0.895 3.09791
0.896 3.09671
0.897 3.09552
0.898 3.09436
0.899 3.09321
0.9 3.09209
0.901 3.09098
0.902 3.08989
0.903 3.08882
0.904 3.08777
0.905 3.08674
0.906 3.08573
0.907 3.08473
0.908 3.08376
0.909 3.0828
0.91 3.08186
0.911 3.08093
0.912 3.08002
0.913 3.07913
0.914 3.07826
0.915 3.07741
0.916 3.07657
0.917 3.07574
0.918 3.07494
0.919 3.07415
0.92 3.07337
0.921 3.07261
0.922 3.07187
0.923 3.07114
0.924 3.07043
0.925 3.06973
0.926 3.06904
0.927 3.06837
0.928 3.06772
0.929 3.06708
0.93 3.06645
0.931 3.06584
0.932 3.06524
0.933 3.06465
0.934 3.06408
0.935 3.06352
0.936 3.06297
0.937 3.06244
0.938 3.06192
0.939 3.06141
0.94 3.06091
0.941 3.06042
0.942 3.05995
0.943 3.05949
0.944 3.05904
0.945 3.0586
0.946 3.05817
0.947 3.05775
0.948 3.05734
0.949 3.05694
0.95 3.05656
0.951 3.05618
0.952 3.05582
0.953 3.05546
0.954 3.05511
0.955 3.05478
0.956 3.05445
0.957 3.05413
0.958 3.05382
0.959 3.05352
0.96 3.05323
0.961 3.05295
0.962 3.05267
0.963 3.0524
0.964 3.05215
0.965 3.0519
0.966 3.05166
0.967 3.05142
0.968 3.05119
0.969 3.05098
0.97 3.05076
0.971 3.05056
0.972 3.05036
0.973 3.05017
0.974 3.04999
0.975 3.04981
0.976 3.04964
0.977 3.04948
0.978 3.04933
0.979 3.04918
0.98 3.04903
0.981 3.04889
0.982 3.04876
0.983 3.04864
0.984 3.04852
0.985 3.0484
0.986 3.04829
0.987 3.04819
0.988 3.04809
0.989 3.048
0.99 3.04791
0.991 3.04783
0.992 3.04775
0.993 3.04768
0.994 3.04762
0.995 3.04755
0.996 3.0475
0.997 3.04744
0.998 3.04739
0.999 3.04735
1 3.04731
1.001 5
