0 -10
0.001 -6.0573
0.002 -6.03954
0.003 -6.02176
0.004 -6.00397
0.005 -5.98615
0.006 -5.96832
0.007 -5.95047
0.008 -5.93261
0.009 -5.91473
0.01 -5.89685
0.011 -5.87895
0.012 -5.86105
0.013 -5.84314
0.014 -5.82522
0.015 -5.8073
0.016 -5.78938
0.017 -5.77146
0.018 -5.75353
0.019 -5.73561
0.02 -5.7177
0.021 -5.69979
0.022 -5.68188
0.023 -5.66399
0.024 -5.6461
0.025 -5.62823
0.026 -5.61037
0.027 -5.59252
0.028 -5.57469
0.029 -5.55688
0.03 -5.53908
0.031 -5.52131
0.032 -5.50355
0.033 -5.48583
0.034 -5.46812
0.035 -5.45044
0.036 -5.43279
0.037 -5.41517
0.038 -5.39758
0.039 -5.38002
0.04 -5.36249
0.041 -5.345
0.042 -5.32755
0.043 -5.31013
0.044 -5.29275
0.045 -5.27541
0.046 -5.25811
0.047 -5.24085
0.048 -5.22364
0.049 -5.20647
0.05 -5.18935
0.051 -5.17227
0.052 -5.15524
0.053 -5.13826
0.054 -5.12134
0.055 -5.10446
0.056 -5.08763
0.057 -5.07086
0.058 -5.05414
0.059 -5.03748
0.06 -5.02087
0.061 -5.00432
0.062 -4.98783
0.063 -4.97139
0.064 -4.95501
0.065 -4.9387
0.066 -4.92244
0.067 -4.90625
0.068 -4.89011
0.069 -4.87404
0.07 -4.85804
0.071 -4.84209
0.072 -4.82621
0.073 -4.8104
0.074 -4.79464
0.075 -4.77896
0.076 -4.76334
0.077 -4.74779
0.078 -4.7323
0.079 -4.71688
0.08 -4.70152
0.081 -4.68624
0.082 -4.67102
0.083 -4.65587
0.084 -4.64078
0.085 -4.62577
0.086 -4.61082
0.087 -4.59594
0.088 -4.58113
0.089 -4.56639
0.09 -4.55171
0.091 -4.53711
0.092 -4.52257
0.093 -4.5081
0.094 -4.4937
0.095 -4.47937
0.096 -4.4651
0.097 -4.45091
0.098 -4.43678
0.099 -4.42272
0.1 -4.40872
0.101 -4.3948
0.102 -4.38094
0.103 -4.36714
0.104 -4.35342
0.105 -4.33976
0.106 -4.32617
0.107 -4.31264
0.108 -4.29918
0.109 -4.28578
0.11 -4.27245
0.111 -4.25919
0.112 -4.24599
0.113 -4.23285
0.114 -4.21978
0.115 -4.20677
0.116 -4.19382
0.117 -4.18094
0.118 -4.16812
0.119 -4.15537
0.12 -4.14267
0.121 -4.13004
0.122 -4.11747
0.123 -4.10496
0.124 -4.09251
0.125 -4.08012
0.126 -4.06779
0.127 -4.05552
0.128 -4.04331
0.129 -4.03116
0.13 -4.01906
0.131 -4.00703
0.132 -3.99506
0.133 -3.98314
0.134 -3.97128
0.135 -3.95947
0.136 -3.94773
0.137 -3.93604
0.138 -3.9244
0.139 -3.91283
0.14 -3.9013
0.141 -3.88984
0.142 -3.87842
0.143 -3.86707
0.144 -3.85576
0.145 -3.84451
0.146 -3.83332
0.147 -3.82217
0.148 -3.81108
0.149 -3.80005
0.15 -3.78906
0.151 -3.77813
0.152 -3.76725
0.153 -3.75642
0.154 -3.74565
0.155 -3.73492
0.156 -3.72425
0.157 -3.71362
0.158 -3.70305
0.159 -3.69252
0.16 -3.68205
0.161 -3.67162
0.162 -3.66125
0.163 -3.65092
0.164 -3.64064
0.165 -3.63041
0.166 -3.62023
0.167 -3.6101
0.168 -3.60001
0.169 -3.58998
0.17 -3.57998
0.171 -3.57004
0.172 -3.56014
0.173 -3.55029
0.174 -3.54049
0.175 -3.53073
0.176 -3.52101
0.177 -3.51135
0.178 -3.50172
0.179 -3.49215
0.18 -3.48261
0.181 -3.47313
0.182 -3.46368
0.183 -3.45428
0.184 -3.44492
0.185 -3.43561
0.186 -3.42634
0.187 -3.41711
0.188 -3.40793
0.189 -3.39879
0.19 -3.38969
0.191 -3.38063
0.192 -3.37162
0.193 -3.36264
0.194 -3.35371
0.195 -3.34482
0.196 -3.33596
0.197 -3.32715
0.198 -3.31838
0.199 -3.30965
0.2 -3.30096
0.201 -3.29231
0.202 -3.2837
0.203 -3.27512
0.204 -3.26659
0.205 -3.25809
0.206 -3.24963
0.207 -3.24121
0.208 -3.23283
0.209 -3.22448
0.21 -3.21618
0.211 -3.2079
0.212 -3.19967
0.213 -3.19147
0.214 -3.18331
0.215 -3.17518
0.216 -3.16709
0.217 -3.15904
0.218 -3.15101
0.219 -3.14303
0.22 -3.13508
0.221 -3.12716
0.222 -3.11928
0.223 -3.11143
0.224 -3.10361
0.225 -3.09583
0.226 -3.08808
0.227 -3.08036
0.228 -3.07268
0.229 -3.06503
0.23 -3.05741
0.231 -3.04982
0.232 -3.04226
0.233 -3.03474
0.234 -3.02724
0.235 -3.01978
0.236 -3.01235
0.237 -3.00495
0.238 -2.99757
0.239 -2.99023
0.24 -2.98292
0.241 -2.97563
0.242 -2.96838
0.243 -2.96115
0.244 -2.95395
0.245 -2.94678
0.246 -2.93964
0.247 -2.93253
0.248 -2.92544
0.249 -2.91839
0.25 -2.91135
0.251 -2.90435
0.252 -2.89737
0.253 -2.89042
0.254 -2.8835
0.255 -2.8766
0.256 -2.86973
0.257 -2.86288
0.258 -2.85606
0.259 -2.84926
0.26 -2.84249
0.261 -2.83574
0.262 -2.82902
0.263 -2.82233
0.264 -2.81565
0.265 -2.809
0.266 -2.80238
0.267 -2.79578
0.268 -2.7892
0.269 -2.78264
0.27 -2.77611
0.271 -2.7696
0.272 -2.76311
0.273 -2.75665
0.274 -2.75021
0.275 -2.74379
0.276 -2.73739
0.277 -2.73101
0.278 -2.72466
0.279 -2.71832
0.28 -2.71201
0.281 -2.70572
0.282 -2.69945
0.283 -2.6932
0.284 -2.68697
0.285 -2.68076
0.286 -2.67457
0.287 -2.6684
0.288 -2.66225
0.289 -2.65613
0.29 -2.65002
0.291 -2.64393
0.292 -2.63785
0.293 -2.6318
0.294 -2.62577
0.295 -2.61975
0.296 -2.61376
0.297 -2.60778
0.298 -2.60182
0.299 -2.59588
0.3 -2.58996
0.301 -2.58405
0.302 -2.57817
0.303 -2.5723
0.304 -2.56644
0.305 -2.56061
0.306 -2.55479
0.307 -2.54899
0.308 -2.54321
0.309 -2.53744
0.31 -2.53169
0.311 -2.52596
0.312 -2.52024
0.313 -2.51454
0.314 -2.50886
0.315 -2.50319
0.316 -2.49754
0.317 -2.4919
0.318 -2.48628
0.319 -2.48067
0.32 -2.47508
0.321 -2.46951
0.322 -2.46395
0.323 -2.4584
0.324 -2.45287
0.325 -2.44736
0.326 -2.44186
0.327 -2.43638
0.328 -2.4309
0.329 -2.42545
0.33 -2.42001
0.331 -2.41458
0.332 -2.40917
0.333 -2.40377
0.334 -2.39838
0.335 -2.39301
0.336 -2.38765
0.337 -2.3823
0.338 -2.37697
0.339 -2.37165
0.34 -2.36635
0.341 -2.36106
0.342 -2.35578
0.343 -2.35051
0.344 -2.34526
0.345 -2.34002
0.346 -2.33479
0.347 -2.32958
0.348 -2.32437
0.349 -2.31918
0.35 -2.314
0.351 -2.30884
0.352 -2.30368
0.353 -2.29854
0.354 -2.29341
0.355 -2.28829
0.356 -2.28318
0.357 -2.27809
0.358 -2.273
0.359 -2.26793
0.36 -2.26286
0.361 -2.25781
0.362 -2.25277
0.363 -2.24774
0.364 -2.24272
0.365 -2.23771
0.366 -2.23272
0.367 -2.22773
0.368 -2.22275
0.369 -2.21779
0.37 -2.21283
0.371 -2.20788
0.372 -2.20295
0.373 -2.19802
0.374 -2.1931
0.375 -2.18819
0.376 -2.1833
0.377 -2.17841
0.378 -2.17353
0.379 -2.16866
0.38 -2.1638
0.381 -2.15894
0.382 -2.1541
0.383 -2.14927
0.384 -2.14444
0.385 -2.13962
0.386 -2.13482
0.387 -2.13002
0.388 -2.12522
0.389 -2.12044
0.39 -2.11567
0.391 -2.1109
0.392 -2.10614
0.393 -2.10139
0.394 -2.09664
0.395 -2.0919
0.396 -2.08718
0.397 -2.08245
0.398 -2.07774
0.399 -2.07303
0.4 -2.06833
0.401 -2.06364
0.402 -2.05895
0.403 -2.05427
0.404 -2.0496
0.405 -2.04493
0.406 -2.04027
0.407 -2.03562
0.408 -2.03097
0.409 -2.02633
0.41 -2.02169
0.411 -2.01706
0.412 -2.01243
0.413 -2.00782
0.414 -2.0032
0.415 -1.99859
0.416 -1.99399
0.417 -1.98939
0.418 -1.9848
0.419 -1.98021
0.42 -1.97563
0.421 -1.97105
0.422 -1.96648
0.423 -1.96191
0.424 -1.95735
0.425 -1.95279
0.426 -1.94823
0.427 -1.94368
0.428 -1.93913
0.429 -1.93459
0.43 -1.93005
0.431 -1.92551
0.432 -1.92098
0.433 -1.91645
0.434 -1.91192
0.435 -1.9074
0.436 -1.90287
0.437 -1.89836
0.438 -1.89384
0.439 -1.88933
0.44 -1.88482
0.441 -1.88031
0.442 -1.87581
0.443 -1.8713
0.444 -1.8668
0.445 -1.86231
0.446 -1.85781
0.447 -1.85331
0.448 -1.84882
0.449 -1.84433
0.45 -1.83984
0.451 -1.83535
0.452 -1.83086
0.453 -1.82637
0.454 -1.82188
0.455 -1.8174
0.456 -1.81291
0.457 -1.80843
0.458 -1.80394
0.459 -1.79946
0.46 -1.79497
0.461 -1.79049
0.462 -1.78601
0.463 -1.78152
0.464 -1.77704
0.465 -1.77255
0.466 -1.76806
0.467 -1.76358
0.468 -1.75909
0.469 -1.7546
0.47 -1.75011
0.471 -1.74562
0.472 -1.74113
0.473 -1.73663
0.474 -1.73214
0.475 -1.72764
0.476 -1.72314
0.477 -1.71864
0.478 -1.71413
0.479 -1.70963
0.48 -1.70512
0.481 -1.70061
0.482 -1.6961
0.483 -1.69158
0.484 -1.68706
0.485 -1.68254
0.486 -1.67801
0.487 -1.67348
0.488 -1.66895
0.489 -1.66441
0.49 -1.65987
0.491 -1.65533
0.492 -1.65078
0.493 -1.64623
0.494 -1.64167
0.495 -1.63711
0.496 -1.63254
0.497 -1.62797
0.498 -1.6234
0.499 -1.61882
0.5 -1.61423
0.501 -1.60964
0.502 -1.60505
0.503 -1.60044
0.504 -1.59584
0.505 -1.59122
0.506 -1.58661
0.507 -1.58198
0.508 -1.57735
0.509 -1.57271
0.51 -1.56807
0.511 -1.56342
0.512 -1.55876
0.513 -1.55409
0.514 -1.54942
0.515 -1.54474
0.516 -1.54006
0.517 -1.53536
0.518 -1.53066
0.519 -1.52595
0.52 -1.52124
0.521 -1.51651
0.522 -1.51178
0.523 -1.50704
0.524 -1.50229
0.525 -1.49753
0.526 -1.49276
0.527 -1.48799
0.528 -1.4832
0.529 -1.47841
0.53 -1.4736
0.531 -1.46879
0.532 -1.46397
0.533 -1.45914
0.534 -1.45429
0.535 -1.44944
0.536 -1.44458
0.537 -1.4397
0.538 -1.43482
0.539 -1.42993
0.54 -1.42502
0.541 -1.42011
0.542 -1.41518
0.543 -1.41024
0.544 -1.40529
0.545 -1.40033
0.546 -1.39536
0.547 -1.39038
0.548 -1.38538
0.549 -1.38037
0.55 -1.37535
0.551 -1.37032
0.552 -1.36528
0.553 -1.36022
0.554 -1.35515
0.555 -1.35007
0.556 -1.34497
0.557 -1.33986
0.558 -1.33474
0.559 -1.3296
0.56 -1.32445
0.561 -1.31929
0.562 -1.31411
0.563 -1.30892
0.564 -1.30372
0.565 -1.2985
0.566 -1.29327
0.567 -1.28802
0.568 -1.28276
0.569 -1.27748
0.57 -1.27219
0.571 -1.26688
0.572 -1.26156
0.573 -1.25622
0.574 -1.25087
0.575 -1.2455
0.576 -1.24012
0.577 -1.23472
0.578 -1.22931
0.579 -1.22388
0.58 -1.21843
0.581 -1.21297
0.582 -1.20749
0.583 -1.20199
0.584 -1.19648
0.585 -1.19095
0.586 -1.18541
0.587 -1.17984
0.588 -1.17427
0.589 -1.16867
0.59 -1.16306
0.591 -1.15743
0.592 -1.15178
0.593 -1.14611
0.594 -1.14043
0.595 -1.13473
0.596 -1.12902
0.597 -1.12328
0.598 -1.11753
0.599 -1.11176
0.6 -1.10597
0.601 -1.10016
0.602 -1.09434
0.603 -1.0885
0.604 -1.08264
0.605 -1.07676
0.606 -1.07086
0.607 -1.06495
0.608 -1.05901
0.609 -1.05306
0.61 -1.04709
0.611 -1.0411
0.612 -1.0351
0.613 -1.02907
0.614 -1.02303
0.615 -1.01697
0.616 -1.01089
0.617 -1.00479
0.618 -0.99867
0.619 -0.992535
0.62 -0.986381
0.621 -0.980208
0.622 -0.974018
0.623 -0.967809
0.624 -0.961582
0.625 -0.955336
0.626 -0.949073
0.627 -0.942791
0.628 -0.936492
0.629 -0.930174
0.63 -0.923839
0.631 -0.917486
0.632 -0.911115
0.633 -0.904727
0.634 -0.898321
0.635 -0.891898
0.636 -0.885458
0.637 -0.879001
0.638 -0.872527
0.639 -0.866036
0.64 -0.859528
0.641 -0.853005
0.642 -0.846464
0.643 -0.839908
0.644 -0.833336
0.645 -0.826749
0.646 -0.820146
0.647 -0.813528
0.648 -0.806895
0.649 -0.800247
0.65 -0.793585
0.651 -0.786909
0.652 -0.780219
0.653 -0.773516
0.654 -0.766799
0.655 -0.76007
0.656 -0.753328
0.657 -0.746573
0.658 -0.739807
0.659 -0.73303
0.66 -0.726241
0.661 -0.719441
0.662 -0.712632
0.663 -0.705812
0.664 -0.698983
0.665 -0.692146
0.666 -0.685299
0.667 -0.678445
0.668 -0.671583
0.669 -0.664714
0.67 -0.657839
0.671 -0.650958
0.672 -0.644071
0.673 -0.63718
0.674 -0.630285
0.675 -0.623386
0.676 -0.616484
0.677 -0.609579
0.678 -0.602674
0.679 -0.595767
0.68 -0.58886
0.681 -0.581953
0.682 -0.575047
0.683 -0.568144
0.684 -0.561242
0.685 -0.554345
0.686 -0.547451
0.687 -0.540563
0.688 -0.533681
0.689 -0.526805
0.69 -0.519937
0.691 -0.513077
0.692 -0.506227
0.693 -0.499387
0.694 -0.492558
0.695 -0.485742
0.696 -0.478939
0.697 -0.472149
0.698 -0.465376
0.699 -0.458618
0.7 -0.451878
0.701 -0.445156
0.702 -0.438453
0.703 -0.431772
0.704 -0.425111
0.705 -0.418474
0.706 -0.411861
0.707 -0.405273
0.708 -0.398711
0.709 -0.392177
0.71 -0.385672
0.711 -0.379198
0.712 -0.372754
0.713 -0.366343
0.714 -0.359967
0.715 -0.353625
0.716 -0.347321
0.717 -0.341054
0.718 -0.334827
0.719 -0.328641
0.72 -0.322497
0.721 -0.316396
0.722 -0.310341
0.723 -0.304333
0.724 -0.298372
0.725 -0.292461
0.726 -0.286601
0.727 -0.280793
0.728 -0.27504
0.729 -0.269342
0.73 -0.263701
0.731 -0.258119
0.732 -0.252597
0.733 -0.247138
0.734 -0.241741
0.735 -0.23641
0.736 -0.231145
0.737 -0.225948
0.738 -0.220822
0.739 -0.215767
0.74 -0.210785
0.741 -0.205877
0.742 -0.201047
0.743 -0.196294
0.744 -0.191621
0.745 -0.187029
0.746 -0.182521
0.747 -0.178097
0.748 -0.17376
0.749 -0.16951
0.75 -0.16535
0.751 -0.161282
0.752 -0.157306
0.753 -0.153426
0.754 -0.149641
0.755 -0.145954
0.756 -0.142367
0.757 -0.138881
0.758 -0.135498
0.759 -0.132219
0.76 -0.129046
0.761 -0.12598
0.762 -0.123024
0.763 -0.120179
0.764 -0.117445
0.765 -0.114825
0.766 -0.112321
0.767 -0.109933
0.768 -0.107664
0.769 -0.105514
0.77 -0.103486
0.771 -0.10158
0.772 -0.099798
0.773 -0.0981414
0.774 -0.0966116
0.775 -0.0952099
0.776 -0.0939375
0.777 -0.0927958
0.778 -0.0917861
0.779 -0.0909095
0.78 -0.0901673
0.781 -0.0895606
0.782 -0.0890907
0.783 -0.0887586
0.784 -0.0885654
0.785 -0.0885121
0.786 -0.0885999
0.787 -0.0888297
0.788 -0.0892024
0.789 -0.089719
0.79 -0.0903804
0.791 -0.0911874
0.792 -0.0921408
0.793 -0.0932414
0.794 -0.09449
0.795 -0.0958873
0.796 -0.0974339
0.797 -0.0991304
0.798 -0.100977
0.799 -0.102976
0.8 -0.105125
0.801 -0.107427
0.802 -0.109882
0.803 -0.112489
0.804 -0.115249
0.805 -0.118163
0.806 -0.12123
0.807 -0.124452
0.808 -0.127828
0.809 -0.131357
0.81 -0.135042
0.811 -0.13888
0.812 -0.142873
0.813 -0.14702
0.814 -0.151322
0.815 -0.155777
0.816 -0.160386
0.817 -0.165149
0.818 -0.170065
0.819 -0.175135
0.82 -0.180357
0.821 -0.185731
0.822 -0.191257
0.823 -0.196934
0.824 -0.202762
0.825 -0.20874
0.826 -0.214868
0.827 -0.221144
0.828 -0.227569
0.829 -0.234141
0.83 -0.240859
0.831 -0.247724
0.832 -0.254733
0.833 -0.261886
0.834 -0.269182
0.835 -0.27662
0.836 -0.284199
0.837 -0.291918
0.838 -0.299775
0.839 -0.307771
0.84 -0.315902
0.841 -0.324169
0.842 -0.332569
0.843 -0.341102
0.844 -0.349766
0.845 -0.35856
0.846 -0.367483
0.847 -0.376532
0.848 -0.385707
0.849 -0.395006
0.85 -0.404428
0.851 -0.41397
0.852 -0.423632
0.853 -0.433412
0.854 -0.443308
0.855 -0.453318
0.856 -0.463441
0.857 -0.473675
0.858 -0.484018
0.859 -0.494469
0.86 -0.505026
0.861 -0.515687
0.862 -0.526449
0.863 -0.537313
0.864 -0.548274
0.865 -0.559333
0.866 -0.570486
0.867 -0.581732
0.868 -0.593068
0.869 -0.604494
0.87 -0.616007
0.871 -0.627605
0.872 -0.639286
0.873 -0.651049
0.874 -0.66289
0.875 -0.674809
0.876 -0.686803
0.877 -0.698871
0.878 -0.71101
0.879 -0.723218
0.88 -0.735494
0.881 -0.747835
0.882 -0.760239
0.883 -0.772705
0.884 -0.78523
0.885 -0.797812
0.886 -0.81045
0.887 -0.823142
0.888 -0.835885
0.889 -0.848677
0.89 -0.861517
0.891 -0.874403
0.892 -0.887333
0.893 -0.900304
0.894 -0.913315
0.895 -0.926364
0.896 -0.939449
0.897 -0.952569
0.898 -0.96572
0.899 -0.978903
0.9 -0.992113
0.901 -1.00535
0.902 -1.01861
0.903 -1.0319
0.904 -1.04521
0.905 -1.05853
0.906 -1.07188
0.907 -1.08524
0.908 -1.09862
0.909 -1.112
0.91 -1.1254
0.911 -1.13881
0.912 -1.15223
0.913 -1.16565
0.914 -1.17908
0.915 -1.19252
0.916 -1.20595
0.917 -1.21938
0.918 -1.23281
0.919 -1.24624
0.92 -1.25967
0.921 -1.27309
0.922 -1.2865
0.923 -1.29991
0.924 -1.3133
0.925 -1.32668
0.926 -1.34005
0.927 -1.35341
0.928 -1.36675
0.929 -1.38008
0.93 -1.39339
0.931 -1.40668
0.932 -1.41995
0.933 -1.4332
0.934 -1.44643
0.935 -1.45963
0.936 -1.47281
0.937 -1.48597
0.938 -1.4991
0.939 -1.5122
0.94 -1.52528
0.941 -1.53832
0.942 -1.55134
0.943 -1.56432
0.944 -1.57728
0.945 -1.5902
0.946 -1.60309
0.947 -1.61594
0.948 -1.62876
0.949 -1.64154
0.95 -1.65429
0.951 -1.667
0.952 -1.67967
0.953 -1.6923
0.954 -1.7049
0.955 -1.71745
0.956 -1.72997
0.957 -1.74244
0.958 -1.75487
0.959 -1.76726
0.96 -1.77961
0.961 -1.79192
0.962 -1.80418
0.963 -1.8164
0.964 -1.82857
0.965 -1.8407
0.966 -1.85278
0.967 -1.86482
0.968 -1.87681
0.969 -1.88876
0.97 -1.90066
0.971 -1.91251
0.972 -1.92431
0.973 -1.93607
0.974 -1.94778
0.975 -1.95944
0.976 -1.97105
0.977 -1.98262
0.978 -1.99413
0.979 -2.0056
0.98 -2.01702
0.981 -2.02839
0.982 -2.03971
0.983 -2.05098
0.984 -2.0622
0.985 -2.07337
0.986 -2.08449
0.987 -2.09556
0.988 -2.10658
0.989 -2.11755
0.99 -2.12847
0.991 -2.13934
0.992 -2.15016
0.993 -2.16093
0.994 -2.17164
0.995 -2.18231
0.996 -2.19293
0.997 -2.2035
0.998 -2.21402
0.999 -2.22449
1 -2.2349
1.001 -10
