0 0
0.001 0.958468
0.002 0.961718
0.003 0.964969
0.004 0.968219
0.005 0.97147
0.006 0.97472
0.007 0.97797
0.008 0.981219
0.009 0.984469
0.01 0.987718
0.011 0.990967
0.012 0.994216
0.013 0.997464
0.014 1.00071
0.015 1.00396
0.016 1.00721
0.017 1.01046
0.018 1.0137
0.019 1.01695
0.02 1.0202
0.021 1.02344
0.022 1.02669
0.023 1.02994
0.024 1.03318
0.025 1.03643
0.026 1.03967
0.027 1.04292
0.028 1.04616
0.029 1.0494
0.03 1.05265
0.031 1.05589
0.032 1.05913
0.033 1.06237
0.034 1.06562
0.035 1.06886
0.036 1.0721
0.037 1.07534
0.038 1.07858
0.039 1.08182
0.04 1.08506
0.041 1.0883
0.042 1.09154
0.043 1.09478
0.044 1.09802
0.045 1.10125
0.046 1.10449
0.047 1.10773
0.048 1.11097
0.049 1.1142
0.05 1.11744
0.051 1.12068
0.052 1.12391
0.053 1.12715
0.054 1.13038
0.055 1.13362
0.056 1.13685
0.057 1.14008
0.058 1.14332
0.059 1.14655
0.06 1.14979
0.061 1.15302
0.062 1.15625
0.063 1.15948
0.064 1.16272
0.065 1.16595
0.066 1.16918
0.067 1.17241
0.068 1.17564
0.069 1.17887
0.07 1.1821
0.071 1.18533
0.072 1.18856
0.073 1.1918
0.074 1.19503
0.075 1.19826
0.076 1.20149
0.077 1.20472
0.078 1.20794
0.079 1.21117
0.08 1.2144
0.081 1.21763
0.082 1.22086
0.083 1.22409
0.084 1.22732
0.085 1.23055
0.086 1.23378
0.087 1.23701
0.088 1.24024
0.089 1.24347
0.09 1.2467
0.091 1.24993
0.092 1.25316
0.093 1.25639
0.094 1.25962
0.095 1.26284
0.096 1.26607
0.097 1.2693
0.098 1.27254
0.099 1.27577
0.1 1.279
0.101 1.28223
0.102 1.28546
0.103 1.28869
0.104 1.29192
0.105 1.29515
0.106 1.29839
0.107 1.30162
0.108 1.30485
0.109 1.30808
0.11 1.31132
0.111 1.31455
0.112 1.31779
0.113 1.32102
0.114 1.32426
0.115 1.32749
0.116 1.33073
0.117 1.33397
0.118 1.3372
0.119 1.34044
0.12 1.34368
0.121 1.34692
0.122 1.35016
0.123 1.3534
0.124 1.35664
0.125 1.35988
0.126 1.36313
0.127 1.36637
0.128 1.36961
0.129 1.37286
0.13 1.3761
0.131 1.37935
0.132 1.3826
0.133 1.38585
0.134 1.3891
0.135 1.39235
0.136 1.3956
0.137 1.39885
0.138 1.4021
0.139 1.40536
0.14 1.40861
0.141 1.41187
0.142 1.41513
0.143 1.41839
0.144 1.42165
0.145 1.42491
0.146 1.42817
0.147 1.43143
0.148 1.4347
0.149 1.43796
0.15 1.44123
0.151 1.4445
0.152 1.44777
0.153 1.45104
0.154 1.45432
0.155 1.45759
0.156 1.46087
0.157 1.46415
0.158 1.46743
0.159 1.47071
0.16 1.47399
0.161 1.47727
0.162 1.48056
0.163 1.48385
0.164 1.48714
0.165 1.49043
0.166 1.49372
0.167 1.49702
0.168 1.50032
0.169 1.50362
0.17 1.50692
0.171 1.51022
0.172 1.51353
0.173 1.51684
0.174 1.52015
0.175 1.52346
0.176 1.52677
0.177 1.53009
0.178 1.53341
0.179 1.53673
0.18 1.54005
0.181 1.54338
0.182 1.54671
0.183 1.55004
0.184 1.55337
0.185 1.55671
0.186 1.56005
0.187 1.56339
0.188 1.56673
0.189 1.57008
0.19 1.57343
0.191 1.57678
0.192 1.58014
0.193 1.58349
0.194 1.58685
0.195 1.59022
0.196 1.59358
0.197 1.59695
0.198 1.60033
0.199 1.6037
0.2 1.60708
0.201 1.61046
0.202 1.61385
0.203 1.61724
0.204 1.62063
0.205 1.62402
0.206 1.62742
0.207 1.63082
0.208 1.63423
0.209 1.63764
0.21 1.64105
0.211 1.64447
0.212 1.64789
0.213 1.65131
0.214 1.65473
0.215 1.65816
0.216 1.6616
0.217 1.66504
0.218 1.66848
0.219 1.67192
0.22 1.67537
0.221 1.67882
0.222 1.68228
0.223 1.68574
0.224 1.68921
0.225 1.69268
0.226 1.69615
0.227 1.69963
0.228 1.70311
0.229 1.70659
0.23 1.71008
0.231 1.71357
0.232 1.71707
0.233 1.72057
0.234 1.72408
0.235 1.72759
0.236 1.73111
0.237 1.73463
0.238 1.73815
0.239 1.74168
0.24 1.74521
0.241 1.74875
0.242 1.75229
0.243 1.75584
0.244 1.75939
0.245 1.76294
0.246 1.7665
0.247 1.77007
0.248 1.77364
0.249 1.77721
0.25 1.78079
0.251 1.78437
0.252 1.78796
0.253 1.79156
0.254 1.79516
0.255 1.79876
0.256 1.80237
0.257 1.80598
0.258 1.8096
0.259 1.81322
0.26 1.81685
0.261 1.82048
0.262 1.82412
0.263 1.82776
0.264 1.83141
0.265 1.83506
0.266 1.83872
0.267 1.84238
0.268 1.84605
0.269 1.84972
0.27 1.8534
0.271 1.85709
0.272 1.86078
0.273 1.86447
0.274 1.86817
0.275 1.87187
0.276 1.87558
0.277 1.8793
0.278 1.88302
0.279 1.88674
0.28 1.89048
0.281 1.89421
0.282 1.89795
0.283 1.9017
0.284 1.90545
0.285 1.90921
0.286 1.91297
0.287 1.91674
0.288 1.92052
0.289 1.9243
0.29 1.92808
0.291 1.93187
0.292 1.93567
0.293 1.93947
0.294 1.94327
0.295 1.94709
0.296 1.9509
0.297 1.95473
0.298 1.95856
0.299 1.96239
0.3 1.96623
0.301 1.97008
0.302 1.97393
0.303 1.97778
0.304 1.98164
0.305 1.98551
0.306 1.98939
0.307 1.99326
0.308 1.99715
0.309 2.00104
0.31 2.00494
0.311 2.00884
0.312 2.01274
0.313 2.01666
0.314 2.02058
0.315 2.0245
0.316 2.02843
0.317 2.03237
0.318 2.03631
0.319 2.04025
0.32 2.04421
0.321 2.04817
0.322 2.05213
0.323 2.0561
0.324 2.06008
0.325 2.06406
0.326 2.06805
0.327 2.07204
0.328 2.07604
0.329 2.08005
0.33 2.08406
0.331 2.08808
0.332 2.0921
0.333 2.09613
0.334 2.10017
0.335 2.10421
0.336 2.10825
0.337 2.11231
0.338 2.11637
0.339 2.12043
0.34 2.1245
0.341 2.12858
0.342 2.13267
0.343 2.13676
0.344 2.14085
0.345 2.14496
0.346 2.14906
0.347 2.15318
0.348 2.1573
0.349 2.16143
0.35 2.16556
0.351 2.1697
0.352 2.17385
0.353 2.178
0.354 2.18216
0.355 2.18633
0.356 2.1905
0.357 2.19468
0.358 2.19886
0.359 2.20306
0.36 2.20726
0.361 2.21146
0.362 2.21567
0.363 2.21989
0.364 2.22412
0.365 2.22835
0.366 2.23259
0.367 2.23684
0.368 2.24109
0.369 2.24535
0.37 2.24962
0.371 2.25389
0.372 2.25817
0.373 2.26246
0.374 2.26676
0.375 2.27106
0.376 2.27537
0.377 2.27969
0.378 2.28401
0.379 2.28834
0.38 2.29268
0.381 2.29703
0.382 2.30138
0.383 2.30575
0.384 2.31012
0.385 2.31449
0.386 2.31888
0.387 2.32327
0.388 2.32768
0.389 2.33208
0.39 2.3365
0.391 2.34093
0.392 2.34536
0.393 2.3498
0.394 2.35425
0.395 2.35871
0.396 2.36318
0.397 2.36766
0.398 2.37214
0.399 2.37663
0.4 2.38113
0.401 2.38564
0.402 2.39016
0.403 2.39469
0.404 2.39923
0.405 2.40378
0.406 2.40833
0.407 2.4129
0.408 2.41747
0.409 2.42205
0.41 2.42665
0.411 2.43125
0.412 2.43586
0.413 2.44049
0.414 2.44512
0.415 2.44976
0.416 2.45441
0.417 2.45907
0.418 2.46375
0.419 2.46843
0.42 2.47312
0.421 2.47783
0.422 2.48254
0.423 2.48727
0.424 2.492
0.425 2.49675
0.426 2.50151
0.427 2.50628
0.428 2.51106
0.429 2.51585
0.43 2.52066
0.431 2.52547
0.432 2.5303
0.433 2.53514
0.434 2.53999
0.435 2.54485
0.436 2.54973
0.437 2.55461
0.438 2.55951
0.439 2.56442
0.44 2.56935
0.441 2.57429
0.442 2.57924
0.443 2.5842
0.444 2.58918
0.445 2.59417
0.446 2.59917
0.447 2.60419
0.448 2.60922
0.449 2.61427
0.45 2.61933
0.451 2.6244
0.452 2.62949
0.453 2.63459
0.454 2.63971
0.455 2.64484
0.456 2.64999
0.457 2.65515
0.458 2.66032
0.459 2.66552
0.46 2.67072
0.461 2.67595
0.462 2.68118
0.463 2.68644
0.464 2.69171
0.465 2.697
0.466 2.7023
0.467 2.70762
0.468 2.71296
0.469 2.71831
0.47 2.72369
0.471 2.72907
0.472 2.73448
0.473 2.7399
0.474 2.74535
0.475 2.75081
0.476 2.75628
0.477 2.76178
0.478 2.7673
0.479 2.77283
0.48 2.77838
0.481 2.78395
0.482 2.78954
0.483 2.79516
0.484 2.80079
0.485 2.80644
0.486 2.81211
0.487 2.8178
0.488 2.82351
0.489 2.82924
0.49 2.83499
0.491 2.84077
0.492 2.84656
0.493 2.85238
0.494 2.85822
0.495 2.86408
0.496 2.86996
0.497 2.87586
0.498 2.88179
0.499 2.88774
0.5 2.89372
0.501 2.89971
0.502 2.90573
0.503 2.91178
0.504 2.91784
0.505 2.92394
0.506 2.93005
0.507 2.93619
0.508 2.94236
0.509 2.94855
0.51 2.95477
0.511 2.96101
0.512 2.96728
0.513 2.97357
0.514 2.97989
0.515 2.98624
0.516 2.99261
0.517 2.99901
0.518 3.00544
0.519 3.01189
0.52 3.01838
0.521 3.02489
0.522 3.03143
0.523 3.03799
0.524 3.04459
0.525 3.05122
0.526 3.05787
0.527 3.06456
0.528 3.07127
0.529 3.07802
0.53 3.08479
0.531 3.0916
0.532 3.09844
0.533 3.10531
0.534 3.11221
0.535 3.11914
0.536 3.1261
0.537 3.1331
0.538 3.14013
0.539 3.14719
0.54 3.15429
0.541 3.16142
0.542 3.16858
0.543 3.17578
0.544 3.18301
0.545 3.19028
0.546 3.19758
0.547 3.20492
0.548 3.21229
0.549 3.2197
0.55 3.22714
0.551 3.23462
0.552 3.24214
0.553 3.2497
0.554 3.25729
0.555 3.26492
0.556 3.27259
0.557 3.2803
0.558 3.28804
0.559 3.29583
0.56 3.30365
0.561 3.31152
0.562 3.31942
0.563 3.32737
0.564 3.33535
0.565 3.34338
0.566 3.35145
0.567 3.35956
0.568 3.36771
0.569 3.3759
0.57 3.38414
0.571 3.39242
0.572 3.40074
0.573 3.4091
0.574 3.41751
0.575 3.42597
0.576 3.43447
0.577 3.44301
0.578 3.4516
0.579 3.46023
0.58 3.46891
0.581 3.47764
0.582 3.48641
0.583 3.49523
0.584 3.5041
0.585 3.51301
0.586 3.52197
0.587 3.53098
0.588 3.54004
0.589 3.54915
0.59 3.55831
0.591 3.56752
0.592 3.57677
0.593 3.58608
0.594 3.59544
0.595 3.60484
0.596 3.6143
0.597 3.62381
0.598 3.63338
0.599 3.64299
0.6 3.65266
0.601 3.66238
0.602 3.67215
0.603 3.68197
0.604 3.69185
0.605 3.70179
0.606 3.71177
0.607 3.72182
0.608 3.73191
0.609 3.74207
0.61 3.75228
0.611 3.76254
0.612 3.77286
0.613 3.78323
0.614 3.79367
0.615 3.80416
0.616 3.8147
0.617 3.82531
0.618 3.83597
0.619 3.84669
0.62 3.85747
0.621 3.86831
0.622 3.8792
0.623 3.89016
0.624 3.90117
0.625 3.91224
0.626 3.92338
0.627 3.93457
0.628 3.94582
0.629 3.95714
0.63 3.96851
0.631 3.97994
0.632 3.99144
0.633 4.003
0.634 4.01462
0.635 4.0263
0.636 4.03804
0.637 4.04984
0.638 4.06171
0.639 4.07364
0.64 4.08563
0.641 4.09768
0.642 4.10979
0.643 4.12197
0.644 4.13421
0.645 4.14652
0.646 4.15888
0.647 4.17131
0.648 4.18381
0.649 4.19636
0.65 4.20898
0.651 4.22166
0.652 4.23441
0.653 4.24722
0.654 4.26009
0.655 4.27303
0.656 4.28603
0.657 4.29909
0.658 4.31222
0.659 4.3254
0.66 4.33866
0.661 4.35197
0.662 4.36535
0.663 4.37879
0.664 4.3923
0.665 4.40586
0.666 4.41949
0.667 4.43318
0.668 4.44694
0.669 4.46075
0.67 4.47463
0.671 4.48857
0.672 4.50257
0.673 4.51663
0.674 4.53076
0.675 4.54494
0.676 4.55918
0.677 4.57349
0.678 4.58785
0.679 4.60227
0.68 4.61675
0.681 4.6313
0.682 4.64589
0.683 4.66055
0.684 4.67527
0.685 4.69004
0.686 4.70487
0.687 4.71975
0.688 4.73469
0.689 4.74968
0.69 4.76473
0.691 4.77984
0.692 4.795
0.693 4.81021
0.694 4.82547
0.695 4.84078
0.696 4.85615
0.697 4.87157
0.698 4.88703
0.699 4.90255
0.7 4.91811
0.701 4.93372
0.702 4.94938
0.703 4.96509
0.704 4.98084
0.705 4.99663
0.706 5.01247
0.707 5.02835
0.708 5.04428
0.709 5.06024
0.71 5.07625
0.711 5.0923
0.712 5.10838
0.713 5.12451
0.714 5.14067
0.715 5.15686
0.716 5.17309
0.717 5.18936
0.718 5.20565
0.719 5.22198
0.72 5.23834
0.721 5.25473
0.722 5.27115
0.723 5.2876
0.724 5.30407
0.725 5.32057
0.726 5.33709
0.727 5.35364
0.728 5.3702
0.729 5.38679
0.73 5.4034
0.731 5.42002
0.732 5.43667
0.733 5.45332
0.734 5.47
0.735 5.48668
0.736 5.50338
0.737 5.52009
0.738 5.53681
0.739 5.55353
0.74 5.57027
0.741 5.58701
0.742 5.60375
0.743 5.62049
0.744 5.63724
0.745 5.65399
0.746 5.67073
0.747 5.68747
0.748 5.70421
0.749 5.72094
0.75 5.73767
0.751 5.75439
0.752 5.77109
0.753 5.78779
0.754 5.80447
0.755 5.82114
0.756 5.83779
0.757 5.85443
0.758 5.87105
0.759 5.88764
0.76 5.90422
0.761 5.92077
0.762 5.9373
0.763 5.95381
0.764 5.97028
0.765 5.98673
0.766 6.00315
0.767 6.01953
0.768 6.03588
0.769 6.0522
0.77 6.06848
0.771 6.08472
0.772 6.10093
0.773 6.11709
0.774 6.13322
0.775 6.1493
0.776 6.16533
0.777 6.18132
0.778 6.19726
0.779 6.21316
0.78 6.229
0.781 6.24479
0.782 6.26053
0.783 6.27621
0.784 6.29184
0.785 6.30741
0.786 6.32292
0.787 6.33837
0.788 6.35377
0.789 6.3691
0.79 6.38436
0.791 6.39956
0.792 6.4147
0.793 6.42976
0.794 6.44476
0.795 6.45969
0.796 6.47455
0.797 6.48933
0.798 6.50404
0.799 6.51868
0.8 6.53324
0.801 6.54773
0.802 6.56214
0.803 6.57646
0.804 6.59071
0.805 6.60488
0.806 6.61896
0.807 6.63296
0.808 6.64688
0.809 6.66071
0.81 6.67446
0.811 6.68812
0.812 6.70169
0.813 6.71517
0.814 6.72856
0.815 6.74186
0.816 6.75508
0.817 6.76819
0.818 6.78122
0.819 6.79415
0.82 6.80699
0.821 6.81973
0.822 6.83238
0.823 6.84493
0.824 6.85738
0.825 6.86974
0.826 6.882
0.827 6.89415
0.828 6.90621
0.829 6.91817
0.83 6.93003
0.831 6.94179
0.832 6.95345
0.833 6.965
0.834 6.97645
0.835 6.98781
0.836 6.99905
0.837 7.0102
0.838 7.02124
0.839 7.03218
0.84 7.04301
0.841 7.05374
0.842 7.06436
0.843 7.07489
0.844 7.0853
0.845 7.09561
0.846 7.10582
0.847 7.11592
0.848 7.12592
0.849 7.13581
0.85 7.14559
0.851 7.15527
0.852 7.16485
0.853 7.17432
0.854 7.18369
0.855 7.19295
0.856 7.2021
0.857 7.21116
0.858 7.2201
0.859 7.22895
0.86 7.23769
0.861 7.24632
0.862 7.25486
0.863 7.26328
0.864 7.27161
0.865 7.27983
0.866 7.28796
0.867 7.29597
0.868 7.30389
0.869 7.31171
0.87 7.31942
0.871 7.32704
0.872 7.33455
0.873 7.34197
0.874 7.34929
0.875 7.35651
0.876 7.36363
0.877 7.37065
0.878 7.37757
0.879 7.3844
0.88 7.39113
0.881 7.39777
0.882 7.40431
0.883 7.41076
0.884 7.41712
0.885 7.42338
0.886 7.42955
0.887 7.43562
0.888 7.44161
0.889 7.44751
0.89 7.45331
0.891 7.45903
0.892 7.46466
0.893 7.4702
0.894 7.47565
0.895 7.48102
0.896 7.4863
0.897 7.49149
0.898 7.4966
0.899 7.50163
0.9 7.50658
0.901 7.51144
0.902 7.51622
0.903 7.52092
0.904 7.52554
0.905 7.53009
0.906 7.53455
0.907 7.53894
0.908 7.54325
0.909 7.54748
0.91 7.55164
0.911 7.55572
0.912 7.55973
0.913 7.56367
0.914 7.56753
0.915 7.57132
0.916 7.57505
0.917 7.5787
0.918 7.58228
0.919 7.5858
0.92 7.58924
0.921 7.59262
0.922 7.59594
0.923 7.59919
0.924 7.60237
0.925 7.60549
0.926 7.60855
0.927 7.61155
0.928 7.61448
0.929 7.61736
0.93 7.62017
0.931 7.62292
0.932 7.62562
0.933 7.62826
0.934 7.63084
0.935 7.63336
0.936 7.63583
0.937 7.63825
0.938 7.64061
0.939 7.64291
0.94 7.64517
0.941 7.64737
0.942 7.64952
0.943 7.65162
0.944 7.65367
0.945 7.65567
0.946 7.65762
0.947 7.65953
0.948 7.66139
0.949 7.6632
0.95 7.66496
0.951 7.66668
0.952 7.66836
0.953 7.66999
0.954 7.67158
0.955 7.67312
0.956 7.67463
0.957 7.67609
0.958 7.67751
0.959 7.67889
0.96 7.68023
0.961 7.68153
0.962 7.6828
0.963 7.68402
0.964 7.68521
0.965 7.68636
0.966 7.68748
0.967 7.68856
0.968 7.6896
0.969 7.69062
0.97 7.69159
0.971 7.69254
0.972 7.69345
0.973 7.69432
0.974 7.69517
0.975 7.69599
0.976 7.69677
0.977 7.69752
0.978 7.69825
0.979 7.69894
0.98 7.69961
0.981 7.70024
0.982 7.70085
0.983 7.70143
0.984 7.70199
0.985 7.70252
0.986 7.70302
0.987 7.70349
0.988 7.70394
0.989 7.70437
0.99 7.70477
0.991 7.70515
0.992 7.7055
0.993 7.70583
0.994 7.70614
0.995 7.70642
0.996 7.70668
0.997 7.70692
0.998 7.70714
0.999 7.70734
1 7.70752
1.001 0
