0 5
0.001 3.19679
0.002 3.19599
0.003 3.19521
0.004 3.19443
0.005 3.19366
0.006 3.1929
0.007 3.19215
0.008 3.19141
0.009 3.19068
0.01 3.18995
0.011 3.18924
0.012 3.18853
0.013 3.18783
0.014 3.18714
0.015 3.18646
0.016 3.18579
0.017 3.18513
0.018 3.18447
0.019 3.18383
0.02 3.18319
0.021 3.18257
0.022 3.18195
0.023 3.18135
0.024 3.18075
0.025 3.18016
0.026 3.17958
0.027 3.17901
0.028 3.17845
0.029 3.1779
0.03 3.17736
0.031 3.17683
0.032 3.17631
0.033 3.1758
0.034 3.1753
0.035 3.1748
0.036 3.17432
0.037 3.17385
0.038 3.17339
0.039 3.17293
0.04 3.17249
0.041 3.17205
0.042 3.17163
0.043 3.17122
0.044 3.17081
0.045 3.17042
0.046 3.17003
0.047 3.16966
0.048 3.16929
0.049 3.16894
0.05 3.16859
0.051 3.16826
0.052 3.16793
0.053 3.16762
0.054 3.16731
0.055 3.16701
0.056 3.16673
0.057 3.16645
0.058 3.16618
0.059 3.16593
0.06 3.16568
0.061 3.16544
0.062 3.16522
0.063 3.165
0.064 3.16479
0.065 3.1646
0.066 3.16441
0.067 3.16423
0.068 3.16406
0.069 3.1639
0.07 3.16375
0.071 3.16361
0.072 3.16348
0.073 3.16336
0.074 3.16325
0.075 3.16315
0.076 3.16306
0.077 3.16298
0.078 3.16291
0.079 3.16284
0.08 3.16279
0.081 3.16274
0.082 3.16271
0.083 3.16268
0.084 3.16267
0.085 3.16266
0.086 3.16266
0.087 3.16267
0.088 3.16269
0.089 3.16272
0.09 3.16276
0.091 3.1628
0.092 3.16286
0.093 3.16292
0.094 3.163
0.095 3.16308
0.096 3.16317
0.097 3.16327
0.098 3.16338
0.099 3.16349
0.1 3.16362
0.101 3.16375
0.102 3.16389
0.103 3.16404
0.104 3.1642
0.105 3.16437
0.106 3.16454
0.107 3.16472
0.108 3.16491
0.109 3.16511
0.11 3.16532
0.111 3.16553
0.112 3.16575
0.113 3.16598
0.114 3.16622
0.115 3.16647
0.116 3.16672
0.117 3.16698
0.118 3.16724
0.119 3.16752
0.12 3.1678
0.121 3.16809
0.122 3.16839
0.123 3.16869
0.124 3.169
0.125 3.16932
0.126 3.16964
0.127 3.16997
0.128 3.17031
0.129 3.17065
0.13 3.171
0.131 3.17136
0.132 3.17172
0.133 3.17209
0.134 3.17247
0.135 3.17285
0.136 3.17324
0.137 3.17363
0.138 3.17404
0.139 3.17444
0.14 3.17485
0.141 3.17527
0.142 3.1757
0.143 3.17613
0.144 3.17656
0.145 3.177
0.146 3.17745
0.147 3.1779
0.148 3.17836
0.149 3.17882
0.15 3.17929
0.151 3.17977
0.152 3.18024
0.153 3.18073
0.154 3.18122
0.155 3.18171
0.156 3.18221
0.157 3.18271
0.158 3.18322
0.159 3.18373
0.16 3.18425
0.161 3.18477
0.162 3.1853
0.163 3.18583
0.164 3.18636
0.165 3.1869
0.166 3.18745
0.167 3.18799
0.168 3.18855
0.169 3.1891
0.17 3.18966
0.171 3.19023
0.172 3.19079
0.173 3.19136
0.174 3.19194
0.175 3.19252
0.176 3.1931
0.177 3.19369
0.178 3.19428
0.179 3.19487
0.18 3.19547
0.181 3.19607
0.182 3.19667
0.183 3.19728
0.184 3.19789
0.185 3.1985
0.186 3.19912
0.187 3.19974
0.188 3.20036
0.189 3.20099
0.19 3.20161
0.191 3.20224
0.192 3.20288
0.193 3.20352
0.194 3.20415
0.195 3.2048
0.196 3.20544
0.197 3.20609
0.198 3.20674
0.199 3.20739
0.2 3.20804
0.201 3.2087
0.202 3.20936
0.203 3.21002
0.204 3.21069
0.205 3.21135
0.206 3.21202
0.207 3.21269
0.208 3.21336
0.209 3.21404
0.21 3.21471
0.211 3.21539
0.212 3.21607
0.213 3.21675
0.214 3.21744
0.215 3.21812
0.216 3.21881
0.217 3.2195
0.218 3.22019
0.219 3.22088
0.22 3.22157
0.221 3.22227
0.222 3.22297
0.223 3.22366
0.224 3.22436
0.225 3.22506
0.226 3.22577
0.227 3.22647
0.228 3.22717
0.229 3.22788
0.23 3.22859
0.231 3.22929
0.232 3.23
0.233 3.23071
0.234 3.23142
0.235 3.23214
0.236 3.23285
0.237 3.23356
0.238 3.23428
0.239 3.23499
0.24 3.23571
0.241 3.23643
0.242 3.23714
0.243 3.23786
0.244 3.23858
0.245 3.2393
0.246 3.24002
0.247 3.24074
0.248 3.24146
0.249 3.24219
0.25 3.24291
0.251 3.24363
0.252 3.24435
0.253 3.24508
0.254 3.2458
0.255 3.24653
0.256 3.24725
0.257 3.24798
0.258 3.2487
0.259 3.24942
0.26 3.25015
0.261 3.25087
0.262 3.2516
0.263 3.25232
0.264 3.25305
0.265 3.25378
0.266 3.2545
0.267 3.25523
0.268 3.25595
0.269 3.25667
0.27 3.2574
0.271 3.25812
0.272 3.25885
0.273 3.25957
0.274 3.26029
0.275 3.26102
0.276 3.26174
0.277 3.26246
0.278 3.26318
0.279 3.26391
0.28 3.26463
0.281 3.26535
0.282 3.26607
0.283 3.26679
0.284 3.2675
0.285 3.26822
0.286 3.26894
0.287 3.26966
0.288 3.27037
0.289 3.27109
0.29 3.2718
0.291 3.27252
0.292 3.27323
0.293 3.27394
0.294 3.27465
0.295 3.27536
0.296 3.27607
0.297 3.27678
0.298 3.27749
0.299 3.2782
0.3 3.2789
0.301 3.27961
0.302 3.28031
0.303 3.28101
0.304 3.28171
0.305 3.28241
0.306 3.28311
0.307 3.28381
0.308 3.28451
0.309 3.2852
0.31 3.2859
0.311 3.28659
0.312 3.28728
0.313 3.28797
0.314 3.28866
0.315 3.28935
0.316 3.29003
0.317 3.29072
0.318 3.2914
0.319 3.29209
0.32 3.29277
0.321 3.29345
0.322 3.29412
0.323 3.2948
0.324 3.29547
0.325 3.29615
0.326 3.29682
0.327 3.29749
0.328 3.29816
0.329 3.29882
0.33 3.29949
0.331 3.30015
0.332 3.30082
0.333 3.30148
0.334 3.30213
0.335 3.30279
0.336 3.30345
0.337 3.3041
0.338 3.30475
0.339 3.3054
0.34 3.30605
0.341 3.3067
0.342 3.30734
0.343 3.30798
0.344 3.30863
0.345 3.30926
0.346 3.3099
0.347 3.31054
0.348 3.31117
0.349 3.3118
0.35 3.31243
0.351 3.31306
0.352 3.31369
0.353 3.31431
0.354 3.31493
0.355 3.31555
0.356 3.31617
0.357 3.31679
0.358 3.3174
0.359 3.31801
0.36 3.31863
0.361 3.31923
0.362 3.31984
0.363 3.32044
0.364 3.32105
0.365 3.32165
0.366 3.32225
0.367 3.32284
0.368 3.32344
0.369 3.32403
0.37 3.32462
0.371 3.32521
0.372 3.32579
0.373 3.32638
0.374 3.32696
0.375 3.32754
0.376 3.32812
0.377 3.32869
0.378 3.32926
0.379 3.32984
0.38 3.33041
0.381 3.33097
0.382 3.33154
0.383 3.3321
0.384 3.33266
0.385 3.33322
0.386 3.33378
0.387 3.33433
0.388 3.33488
0.389 3.33543
0.39 3.33598
0.391 3.33653
0.392 3.33707
0.393 3.33762
0.394 3.33815
0.395 3.33869
0.396 3.33923
0.397 3.33976
0.398 3.34029
0.399 3.34082
0.4 3.34135
0.401 3.34187
0.402 3.3424
0.403 3.34292
0.404 3.34344
0.405 3.34395
0.406 3.34447
0.407 3.34498
0.408 3.34549
0.409 3.346
0.41 3.3465
0.411 3.34701
0.412 3.34751
0.413 3.34801
0.414 3.34851
0.415 3.349
0.416 3.34949
0.417 3.34999
0.418 3.35048
0.419 3.35096
0.42 3.35145
0.421 3.35193
0.422 3.35241
0.423 3.35289
0.424 3.35337
0.425 3.35384
0.426 3.35431
0.427 3.35479
0.428 3.35525
0.429 3.35572
0.43 3.35619
0.431 3.35665
0.432 3.35711
0.433 3.35757
0.434 3.35802
0.435 3.35848
0.436 3.35893
0.437 3.35938
0.438 3.35983
0.439 3.36028
0.44 3.36072
0.441 3.36116
0.442 3.3616
0.443 3.36204
0.444 3.36248
0.445 3.36291
0.446 3.36335
0.447 3.36378
0.448 3.36421
0.449 3.36463
0.45 3.36506
0.451 3.36548
0.452 3.3659
0.453 3.36632
0.454 3.36674
0.455 3.36716
0.456 3.36757
0.457 3.36798
0.458 3.36839
0.459 3.3688
0.46 3.36921
0.461 3.36961
0.462 3.37001
0.463 3.37041
0.464 3.37081
0.465 3.37121
0.466 3.37161
0.467 3.372
0.468 3.37239
0.469 3.37278
0.47 3.37317
0.471 3.37355
0.472 3.37394
0.473 3.37432
0.474 3.3747
0.475 3.37508
0.476 3.37546
0.477 3.37583
0.478 3.37621
0.479 3.37658
0.48 3.37695
0.481 3.37732
0.482 3.37769
0.483 3.37805
0.484 3.37842
0.485 3.37878
0.486 3.37914
0.487 3.3795
0.488 3.37985
0.489 3.38021
0.49 3.38056
0.491 3.38091
0.492 3.38126
0.493 3.38161
0.494 3.38196
0.495 3.3823
0.496 3.38265
0.497 3.38299
0.498 3.38333
0.499 3.38367
0.5 3.384
0.501 3.38434
0.502 3.38467
0.503 3.385
0.504 3.38533
0.505 3.38566
0.506 3.38599
0.507 3.38631
0.508 3.38664
0.509 3.38696
0.51 3.38728
0.511 3.3876
0.512 3.38792
0.513 3.38823
0.514 3.38855
0.515 3.38886
0.516 3.38917
0.517 3.38948
0.518 3.38979
0.519 3.3901
0.52 3.3904
0.521 3.39071
0.522 3.39101
0.523 3.39131
0.524 3.39161
0.525 3.39191
0.526 3.3922
0.527 3.3925
0.528 3.39279
0.529 3.39308
0.53 3.39337
0.531 3.39366
0.532 3.39395
0.533 3.39423
0.534 3.39451
0.535 3.3948
0.536 3.39508
0.537 3.39536
0.538 3.39563
0.539 3.39591
0.54 3.39618
0.541 3.39646
0.542 3.39673
0.543 3.397
0.544 3.39727
0.545 3.39754
0.546 3.3978
0.547 3.39807
0.548 3.39833
0.549 3.39859
0.55 3.39885
0.551 3.39911
0.552 3.39936
0.553 3.39962
0.554 3.39987
0.555 3.40012
0.556 3.40037
0.557 3.40062
0.558 3.40087
0.559 3.40111
0.56 3.40136
0.561 3.4016
0.562 3.40184
0.563 3.40208
0.564 3.40232
0.565 3.40255
0.566 3.40279
0.567 3.40302
0.568 3.40325
0.569 3.40348
0.57 3.40371
0.571 3.40394
0.572 3.40416
0.573 3.40438
0.574 3.4046
0.575 3.40482
0.576 3.40504
0.577 3.40526
0.578 3.40547
0.579 3.40569
0.58 3.4059
0.581 3.4061
0.582 3.40631
0.583 3.40652
0.584 3.40672
0.585 3.40692
0.586 3.40712
0.587 3.40732
0.588 3.40752
0.589 3.40771
0.59 3.4079
0.591 3.40809
0.592 3.40828
0.593 3.40847
0.594 3.40865
0.595 3.40883
0.596 3.40901
0.597 3.40919
0.598 3.40937
0.599 3.40954
0.6 3.40971
0.601 3.40988
0.602 3.41005
0.603 3.41021
0.604 3.41038
0.605 3.41054
0.606 3.4107
0.607 3.41085
0.608 3.411
0.609 3.41115
0.61 3.4113
0.611 3.41145
0.612 3.41159
0.613 3.41173
0.614 3.41187
0.615 3.412
0.616 3.41213
0.617 3.41226
0.618 3.41239
0.619 3.41251
0.62 3.41263
0.621 3.41275
0.622 3.41286
0.623 3.41297
0.624 3.41308
0.625 3.41318
0.626 3.41328
0.627 3.41338
0.628 3.41347
0.629 3.41357
0.63 3.41365
0.631 3.41374
0.632 3.41381
0.633 3.41389
0.634 3.41396
0.635 3.41403
0.636 3.41409
0.637 3.41415
0.638 3.41421
0.639 3.41426
0.64 3.41431
0.641 3.41435
0.642 3.41439
0.643 3.41442
0.644 3.41445
0.645 3.41448
0.646 3.4145
0.647 3.41451
0.648 3.41452
0.649 3.41452
0.65 3.41452
0.651 3.41452
0.652 3.41451
0.653 3.41449
0.654 3.41446
0.655 3.41444
0.656 3.4144
0.657 3.41436
0.658 3.41431
0.659 3.41426
0.66 3.4142
0.661 3.41414
0.662 3.41406
0.663 3.41398
0.664 3.4139
0.665 3.4138
0.666 3.4137
0.667 3.4136
0.668 3.41348
0.669 3.41336
0.67 3.41323
0.671 3.41309
0.672 3.41295
0.673 3.41279
0.674 3.41263
0.675 3.41246
0.676 3.41228
0.677 3.41209
0.678 3.4119
0.679 3.41169
0.68 3.41148
0.681 3.41125
0.682 3.41102
0.683 3.41077
0.684 3.41052
0.685 3.41026
0.686 3.40998
0.687 3.4097
0.688 3.40941
0.689 3.4091
0.69 3.40879
0.691 3.40846
0.692 3.40812
0.693 3.40777
0.694 3.40741
0.695 3.40704
0.696 3.40666
0.697 3.40626
0.698 3.40585
0.699 3.40543
0.7 3.405
0.701 3.40455
0.702 3.40409
0.703 3.40362
0.704 3.40313
0.705 3.40264
0.706 3.40212
0.707 3.4016
0.708 3.40106
0.709 3.4005
0.71 3.39993
0.711 3.39935
0.712 3.39875
0.713 3.39814
0.714 3.39751
0.715 3.39687
0.716 3.39621
0.717 3.39553
0.718 3.39484
0.719 3.39414
0.72 3.39341
0.721 3.39268
0.722 3.39192
0.723 3.39115
0.724 3.39036
0.725 3.38956
0.726 3.38874
0.727 3.3879
0.728 3.38704
0.729 3.38617
0.73 3.38528
0.731 3.38437
0.732 3.38345
0.733 3.38251
0.734 3.38154
0.735 3.38057
0.736 3.37957
0.737 3.37855
0.738 3.37752
0.739 3.37647
0.74 3.3754
0.741 3.37431
0.742 3.3732
0.743 3.37208
0.744 3.37093
0.745 3.36977
0.746 3.36859
0.747 3.36739
0.748 3.36617
0.749 3.36493
0.75 3.36367
0.751 3.36239
0.752 3.3611
0.753 3.35979
0.754 3.35845
0.755 3.3571
0.756 3.35573
0.757 3.35434
0.758 3.35294
0.759 3.35151
0.76 3.35007
0.761 3.3486
0.762 3.34712
0.763 3.34562
0.764 3.3441
0.765 3.34257
0.766 3.34101
0.767 3.33944
0.768 3.33785
0.769 3.33625
0.77 3.33462
0.771 3.33298
0.772 3.33132
0.773 3.32965
0.774 3.32795
0.775 3.32624
0.776 3.32452
0.777 3.32278
0.778 3.32102
0.779 3.31925
0.78 3.31746
0.781 3.31565
0.782 3.31384
0.783 3.312
0.784 3.31015
0.785 3.30829
0.786 3.30642
0.787 3.30453
0.788 3.30262
0.789 3.30071
0.79 3.29878
0.791 3.29684
0.792 3.29489
0.793 3.29292
0.794 3.29095
0.795 3.28896
0.796 3.28696
0.797 3.28495
0.798 3.28293
0.799 3.28091
0.8 3.27887
0.801 3.27682
0.802 3.27477
0.803 3.27271
0.804 3.27063
0.805 3.26856
0.806 3.26647
0.807 3.26438
0.808 3.26228
0.809 3.26018
0.81 3.25807
0.811 3.25596
0.812 3.25384
0.813 3.25171
0.814 3.24959
0.815 3.24746
0.816 3.24532
0.817 3.24319
0.818 3.24105
0.819 3.23891
0.82 3.23677
0.821 3.23463
0.822 3.23249
0.823 3.23035
0.824 3.2282
0.825 3.22606
0.826 3.22392
0.827 3.22178
0.828 3.21965
0.829 3.21751
0.83 3.21538
0.831 3.21325
0.832 3.21113
0.833 3.20901
0.834 3.20689
0.835 3.20478
0.836 3.20267
0.837 3.20057
0.838 3.19847
0.839 3.19638
0.84 3.1943
0.841 3.19222
0.842 3.19015
0.843 3.18809
0.844 3.18604
0.845 3.18399
0.846 3.18196
0.847 3.17993
0.848 3.17791
0.849 3.1759
0.85 3.1739
0.851 3.17191
0.852 3.16993
0.853 3.16796
0.854 3.166
0.855 3.16405
0.856 3.16211
0.857 3.16019
0.858 3.15828
0.859 3.15638
0.86 3.15449
0.861 3.15261
0.862 3.15075
0.863 3.1489
0.864 3.14706
0.865 3.14524
0.866 3.14343
0.867 3.14163
0.868 3.13985
0.869 3.13808
0.87 3.13632
0.871 3.13458
0.872 3.13286
0.873 3.13115
0.874 3.12945
0.875 3.12777
0.876 3.1261
0.877 3.12445
0.878 3.12282
0.879 3.12119
0.88 3.11959
0.881 3.118
0.882 3.11642
0.883 3.11487
0.884 3.11332
0.885 3.11179
0.886 3.11028
0.887 3.10879
0.888 3.10731
0.889 3.10584
0.89 3.10439
0.891 3.10296
0.892 3.10154
0.893 3.10014
0.894 3.09876
0.895 3.09739
0.896 3.09604
0.897 3.0947
0.898 3.09338
0.899 3.09207
0.9 3.09079
0.901 3.08951
0.902 3.08825
0.903 3.08701
0.904 3.08579
0.905 3.08458
0.906 3.08338
0.907 3.0822
0.908 3.08104
0.909 3.07989
0.91 3.07876
0.911 3.07764
0.912 3.07654
0.913 3.07545
0.914 3.07438
0.915 3.07332
0.916 3.07228
0.917 3.07125
0.918 3.07024
0.919 3.06924
0.92 3.06826
0.921 3.06729
0.922 3.06634
0.923 3.0654
0.924 3.06447
0.925 3.06356
0.926 3.06266
0.927 3.06178
0.928 3.06091
0.929 3.06005
0.93 3.05921
0.931 3.05838
0.932 3.05756
0.933 3.05676
0.934 3.05597
0.935 3.05519
0.936 3.05443
0.937 3.05368
0.938 3.05294
0.939 3.05221
0.94 3.0515
0.941 3.0508
0.942 3.05011
0.943 3.04943
0.944 3.04876
0.945 3.04811
0.946 3.04747
0.947 3.04684
0.948 3.04622
0.949 3.04561
0.95 3.04501
0.951 3.04443
0.952 3.04385
0.953 3.04329
0.954 3.04274
0.955 3.0422
0.956 3.04166
0.957 3.04114
0.958 3.04063
0.959 3.04013
0.96 3.03964
0.961 3.03916
0.962 3.03868
0.963 3.03822
0.964 3.03777
0.965 3.03733
0.966 3.03689
0.967 3.03647
0.968 3.03605
0.969 3.03565
0.97 3.03525
0.971 3.03486
0.972 3.03448
0.973 3.03411
0.974 3.03374
0.975 3.03339
0.976 3.03304
0.977 3.0327
0.978 3.03237
0.979 3.03205
0.98 3.03173
0.981 3.03142
0.982 3.03112
0.983 3.03083
0.984 3.03054
0.985 3.03026
0.986 3.02999
0.987 3.02973
0.988 3.02947
0.989 3.02922
0.99 3.02898
0.991 3.02874
0.992 3.02851
0.993 3.02829
0.994 3.02807
0.995 3.02786
0.996 3.02765
0.997 3.02745
0.998 3.02726
0.999 3.02707
1 3.02689
1.001 5
