0 -10
0.001 -4.56571
0.002 -4.55815
0.003 -4.5506
0.004 -4.54305
0.005 -4.53551
0.006 -4.52797
0.007 -4.52043
0.008 -4.5129
0.009 -4.50537
0.01 -4.49784
0.011 -4.49032
0.012 -4.48281
0.013 -4.4753
0.014 -4.46779
0.015 -4.46029
0.016 -4.45279
0.017 -4.4453
0.018 -4.43781
0.019 -4.43033
0.02 -4.42285
0.021 -4.41538
0.022 -4.40792
0.023 -4.40046
0.024 -4.393
0.025 -4.38555
0.026 -4.37811
0.027 -4.37067
0.028 -4.36324
0.029 -4.35582
0.03 -4.3484
0.031 -4.34099
0.032 -4.33358
0.033 -4.32618
0.034 -4.31879
0.035 -4.3114
0.036 -4.30402
0.037 -4.29665
0.038 -4.28928
0.039 -4.28192
0.04 -4.27457
0.041 -4.26723
0.042 -4.25989
0.043 -4.25256
0.044 -4.24524
0.045 -4.23792
0.046 -4.23062
0.047 -4.22332
0.048 -4.21603
0.049 -4.20874
0.05 -4.20147
0.051 -4.1942
0.052 -4.18694
0.053 -4.17969
0.054 -4.17244
0.055 -4.16521
0.056 -4.15798
0.057 -4.15077
0.058 -4.14356
0.059 -4.13635
0.06 -4.12916
0.061 -4.12198
0.062 -4.1148
0.063 -4.10764
0.064 -4.10048
0.065 -4.09334
0.066 -4.0862
0.067 -4.07907
0.068 -4.07195
0.069 -4.06484
0.07 -4.05773
0.071 -4.05064
0.072 -4.04356
0.073 -4.03649
0.074 -4.02942
0.075 -4.02237
0.076 -4.01533
0.077 -4.00829
0.078 -4.00127
0.079 -3.99425
0.08 -3.98725
0.081 -3.98025
0.082 -3.97327
0.083 -3.96629
0.084 -3.95933
0.085 -3.95237
0.086 -3.94543
0.087 -3.9385
0.088 -3.93157
0.089 -3.92466
0.09 -3.91776
0.091 -3.91086
0.092 -3.90398
0.093 -3.89711
0.094 -3.89025
0.095 -3.8834
0.096 -3.87656
0.097 -3.86973
0.098 -3.86291
0.099 -3.8561
0.1 -3.8493
0.101 -3.84252
0.102 -3.83574
0.103 -3.82898
0.104 -3.82222
0.105 -3.81548
0.106 -3.80875
0.107 -3.80203
0.108 -3.79531
0.109 -3.78861
0.11 -3.78193
0.111 -3.77525
0.112 -3.76858
0.113 -3.76193
0.114 -3.75528
0.115 -3.74865
0.116 -3.74202
0.117 -3.73541
0.118 -3.72881
0.119 -3.72222
0.12 -3.71564
0.121 -3.70908
0.122 -3.70252
0.123 -3.69598
0.124 -3.68944
0.125 -3.68292
0.126 -3.67641
0.127 -3.66991
0.128 -3.66342
0.129 -3.65694
0.13 -3.65047
0.131 -3.64402
0.132 -3.63757
0.133 -3.63114
0.134 -3.62471
0.135 -3.6183
0.136 -3.6119
0.137 -3.60551
0.138 -3.59913
0.139 -3.59276
0.14 -3.58641
0.141 -3.58006
0.142 -3.57373
0.143 -3.5674
0.144 -3.56109
0.145 -3.55479
0.146 -3.5485
0.147 -3.54222
0.148 -3.53595
0.149 -3.52969
0.15 -3.52344
0.151 -3.51721
0.152 -3.51098
0.153 -3.50476
0.154 -3.49856
0.155 -3.49237
0.156 -3.48618
0.157 -3.48001
0.158 -3.47385
0.159 -3.4677
0.16 -3.46155
0.161 -3.45542
0.162 -3.4493
0.163 -3.44319
0.164 -3.4371
0.165 -3.43101
0.166 -3.42493
0.167 -3.41886
0.168 -3.4128
0.169 -3.40675
0.17 -3.40072
0.171 -3.39469
0.172 -3.38867
0.173 -3.38266
0.174 -3.37667
0.175 -3.37068
0.176 -3.3647
0.177 -3.35873
0.178 -3.35278
0.179 -3.34683
0.18 -3.34089
0.181 -3.33496
0.182 -3.32904
0.183 -3.32313
0.184 -3.31723
0.185 -3.31134
0.186 -3.30546
0.187 -3.29959
0.188 -3.29373
0.189 -3.28788
0.19 -3.28203
0.191 -3.2762
0.192 -3.27038
0.193 -3.26456
0.194 -3.25875
0.195 -3.25296
0.196 -3.24717
0.197 -3.24139
0.198 -3.23562
0.199 -3.22986
0.2 -3.22411
0.201 -3.21836
0.202 -3.21263
0.203 -3.2069
0.204 -3.20118
0.205 -3.19547
0.206 -3.18977
0.207 -3.18408
0.208 -3.1784
0.209 -3.17272
0.21 -3.16706
0.211 -3.1614
0.212 -3.15575
0.213 -3.15011
0.214 -3.14447
0.215 -3.13885
0.216 -3.13323
0.217 -3.12762
0.218 -3.12202
0.219 -3.11643
0.22 -3.11084
0.221 -3.10527
0.222 -3.0997
0.223 -3.09414
0.224 -3.08858
0.225 -3.08304
0.226 -3.0775
0.227 -3.07197
0.228 -3.06645
0.229 -3.06093
0.23 -3.05543
0.231 -3.04993
0.232 -3.04443
0.233 -3.03895
0.234 -3.03347
0.235 -3.028
0.236 -3.02254
0.237 -3.01709
0.238 -3.01164
0.239 -3.0062
0.24 -3.00077
0.241 -2.99534
0.242 -2.98992
0.243 -2.98451
0.244 -2.97911
0.245 -2.97371
0.246 -2.96832
0.247 -2.96294
0.248 -2.95757
0.249 -2.9522
0.25 -2.94684
0.251 -2.94148
0.252 -2.93613
0.253 -2.93079
0.254 -2.92546
0.255 -2.92013
0.256 -2.91482
0.257 -2.9095
0.258 -2.9042
0.259 -2.8989
0.26 -2.89361
0.261 -2.88832
0.262 -2.88304
0.263 -2.87777
0.264 -2.87251
0.265 -2.86725
0.266 -2.862
0.267 -2.85675
0.268 -2.85151
0.269 -2.84628
0.27 -2.84106
0.271 -2.83584
0.272 -2.83063
0.273 -2.82543
0.274 -2.82023
0.275 -2.81504
0.276 -2.80985
0.277 -2.80467
0.278 -2.7995
0.279 -2.79434
0.28 -2.78918
0.281 -2.78403
0.282 -2.77888
0.283 -2.77374
0.284 -2.76861
0.285 -2.76349
0.286 -2.75837
0.287 -2.75325
0.288 -2.74815
0.289 -2.74305
0.29 -2.73795
0.291 -2.73287
0.292 -2.72779
0.293 -2.72271
0.294 -2.71765
0.295 -2.71259
0.296 -2.70753
0.297 -2.70248
0.298 -2.69744
0.299 -2.69241
0.3 -2.68738
0.301 -2.68236
0.302 -2.67734
0.303 -2.67233
0.304 -2.66733
0.305 -2.66233
0.306 -2.65734
0.307 -2.65236
0.308 -2.64738
0.309 -2.64241
0.31 -2.63744
0.311 -2.63248
0.312 -2.62753
0.313 -2.62258
0.314 -2.61764
0.315 -2.61271
0.316 -2.60778
0.317 -2.60286
0.318 -2.59795
0.319 -2.59304
0.32 -2.58813
0.321 -2.58324
0.322 -2.57835
0.323 -2.57346
0.324 -2.56858
0.325 -2.56371
0.326 -2.55885
0.327 -2.55399
0.328 -2.54913
0.329 -2.54429
0.33 -2.53944
0.331 -2.53461
0.332 -2.52978
0.333 -2.52495
0.334 -2.52014
0.335 -2.51532
0.336 -2.51052
0.337 -2.50572
0.338 -2.50092
0.339 -2.49614
0.34 -2.49135
0.341 -2.48658
0.342 -2.48181
0.343 -2.47704
0.344 -2.47228
0.345 -2.46753
0.346 -2.46278
0.347 -2.45804
0.348 -2.4533
0.349 -2.44857
0.35 -2.44384
0.351 -2.43912
0.352 -2.43441
0.353 -2.4297
0.354 -2.42499
0.355 -2.42029
0.356 -2.4156
0.357 -2.41091
0.358 -2.40623
0.359 -2.40155
0.36 -2.39688
0.361 -2.39221
0.362 -2.38755
0.363 -2.38289
0.364 -2.37824
0.365 -2.37359
0.366 -2.36895
0.367 -2.36431
0.368 -2.35968
0.369 -2.35505
0.37 -2.35043
0.371 -2.34581
0.372 -2.3412
0.373 -2.33659
0.374 -2.33198
0.375 -2.32738
0.376 -2.32279
0.377 -2.3182
0.378 -2.31361
0.379 -2.30903
0.38 -2.30445
0.381 -2.29988
0.382 -2.29531
0.383 -2.29074
0.384 -2.28618
0.385 -2.28162
0.386 -2.27707
0.387 -2.27252
0.388 -2.26797
0.389 -2.26343
0.39 -2.25889
0.391 -2.25435
0.392 -2.24982
0.393 -2.24529
0.394 -2.24076
0.395 -2.23624
0.396 -2.23172
0.397 -2.22721
0.398 -2.2227
0.399 -2.21819
0.4 -2.21368
0.401 -2.20918
0.402 -2.20468
0.403 -2.20018
0.404 -2.19568
0.405 -2.19119
0.406 -2.1867
0.407 -2.18221
0.408 -2.17773
0.409 -2.17324
0.41 -2.16876
0.411 -2.16428
0.412 -2.15981
0.413 -2.15533
0.414 -2.15086
0.415 -2.14639
0.416 -2.14192
0.417 -2.13745
0.418 -2.13299
0.419 -2.12852
0.42 -2.12406
0.421 -2.1196
0.422 -2.11514
0.423 -2.11068
0.424 -2.10622
0.425 -2.10176
0.426 -2.0973
0.427 -2.09285
0.428 -2.08839
0.429 -2.08394
0.43 -2.07949
0.431 -2.07503
0.432 -2.07058
0.433 -2.06613
0.434 -2.06168
0.435 -2.05722
0.436 -2.05277
0.437 -2.04832
0.438 -2.04386
0.439 -2.03941
0.44 -2.03496
0.441 -2.0305
0.442 -2.02605
0.443 -2.02159
0.444 -2.01714
0.445 -2.01268
0.446 -2.00822
0.447 -2.00376
0.448 -1.9993
0.449 -1.99484
0.45 -1.99038
0.451 -1.98591
0.452 -1.98145
0.453 -1.97698
0.454 -1.97251
0.455 -1.96804
0.456 -1.96357
0.457 -1.95909
0.458 -1.95461
0.459 -1.95013
0.46 -1.94565
0.461 -1.94116
0.462 -1.93668
0.463 -1.93218
0.464 -1.92769
0.465 -1.92319
0.466 -1.91869
0.467 -1.91419
0.468 -1.90969
0.469 -1.90518
0.47 -1.90066
0.471 -1.89615
0.472 -1.89162
0.473 -1.8871
0.474 -1.88257
0.475 -1.87804
0.476 -1.8735
0.477 -1.86896
0.478 -1.86442
0.479 -1.85986
0.48 -1.85531
0.481 -1.85075
0.482 -1.84619
0.483 -1.84162
0.484 -1.83704
0.485 -1.83246
0.486 -1.82788
0.487 -1.82328
0.488 -1.81869
0.489 -1.81409
0.49 -1.80948
0.491 -1.80486
0.492 -1.80024
0.493 -1.79562
0.494 -1.79099
0.495 -1.78635
0.496 -1.7817
0.497 -1.77705
0.498 -1.77239
0.499 -1.76772
0.5 -1.76305
0.501 -1.75837
0.502 -1.75368
0.503 -1.74899
0.504 -1.74429
0.505 -1.73958
0.506 -1.73486
0.507 -1.73013
0.508 -1.7254
0.509 -1.72066
0.51 -1.71591
0.511 -1.71115
0.512 -1.70638
0.513 -1.70161
0.514 -1.69682
0.515 -1.69203
0.516 -1.68723
0.517 -1.68242
0.518 -1.6776
0.519 -1.67277
0.52 -1.66793
0.521 -1.66308
0.522 -1.65822
0.523 -1.65335
0.524 -1.64847
0.525 -1.64359
0.526 -1.63869
0.527 -1.63378
0.528 -1.62886
0.529 -1.62393
0.53 -1.61899
0.531 -1.61404
0.532 -1.60908
0.533 -1.60411
0.534 -1.59912
0.535 -1.59413
0.536 -1.58912
0.537 -1.5841
0.538 -1.57907
0.539 -1.57403
0.54 -1.56898
0.541 -1.56391
0.542 -1.55884
0.543 -1.55375
0.544 -1.54865
0.545 -1.54353
0.546 -1.53841
0.547 -1.53327
0.548 -1.52811
0.549 -1.52295
0.55 -1.51777
0.551 -1.51258
0.552 -1.50738
0.553 -1.50216
0.554 -1.49693
0.555 -1.49169
0.556 -1.48643
0.557 -1.48116
0.558 -1.47588
0.559 -1.47058
0.56 -1.46527
0.561 -1.45994
0.562 -1.4546
0.563 -1.44924
0.564 -1.44388
0.565 -1.43849
0.566 -1.43309
0.567 -1.42768
0.568 -1.42226
0.569 -1.41681
0.57 -1.41136
0.571 -1.40589
0.572 -1.4004
0.573 -1.3949
0.574 -1.38938
0.575 -1.38385
0.576 -1.3783
0.577 -1.37274
0.578 -1.36716
0.579 -1.36157
0.58 -1.35596
0.581 -1.35033
0.582 -1.34469
0.583 -1.33904
0.584 -1.33337
0.585 -1.32768
0.586 -1.32198
0.587 -1.31626
0.588 -1.31052
0.589 -1.30477
0.59 -1.29901
0.591 -1.29322
0.592 -1.28743
0.593 -1.28161
0.594 -1.27578
0.595 -1.26993
0.596 -1.26407
0.597 -1.25819
0.598 -1.2523
0.599 -1.24639
0.6 -1.24046
0.601 -1.23452
0.602 -1.22856
0.603 -1.22258
0.604 -1.21659
0.605 -1.21059
0.606 -1.20456
0.607 -1.19852
0.608 -1.19247
0.609 -1.1864
0.61 -1.18031
0.611 -1.17421
0.612 -1.1681
0.613 -1.16196
0.614 -1.15581
0.615 -1.14965
0.616 -1.14347
0.617 -1.13728
0.618 -1.13107
0.619 -1.12484
0.62 -1.11861
0.621 -1.11235
0.622 -1.10608
0.623 -1.0998
0.624 -1.0935
0.625 -1.08719
0.626 -1.08087
0.627 -1.07453
0.628 -1.06818
0.629 -1.06181
0.63 -1.05543
0.631 -1.04904
0.632 -1.04263
0.633 -1.03621
0.634 -1.02978
0.635 -1.02334
0.636 -1.01688
0.637 -1.01042
0.638 -1.00394
0.639 -0.99745
0.64 -0.990949
0.641 -0.984438
0.642 -0.977916
0.643 -0.971384
0.644 -0.964842
0.645 -0.958291
0.646 -0.951731
0.647 -0.945162
0.648 -0.938584
0.649 -0.931998
0.65 -0.925405
0.651 -0.918804
0.652 -0.912196
0.653 -0.905582
0.654 -0.898962
0.655 -0.892336
0.656 -0.885704
0.657 -0.879068
0.658 -0.872427
0.659 -0.865783
0.66 -0.859135
0.661 -0.852485
0.662 -0.845832
0.663 -0.839177
0.664 -0.83252
0.665 -0.825863
0.666 -0.819206
0.667 -0.812549
0.668 -0.805893
0.669 -0.799239
0.67 -0.792586
0.671 -0.785937
0.672 -0.77929
0.673 -0.772648
0.674 -0.766011
0.675 -0.759379
0.676 -0.752753
0.677 -0.746133
0.678 -0.739521
0.679 -0.732918
0.68 -0.726323
0.681 -0.719738
0.682 -0.713163
0.683 -0.706599
0.684 -0.700048
0.685 -0.693509
0.686 -0.686984
0.687 -0.680473
0.688 -0.673978
0.689 -0.667499
0.69 -0.661037
0.691 -0.654592
0.692 -0.648167
0.693 -0.641761
0.694 -0.635375
0.695 -0.629011
0.696 -0.62267
0.697 -0.616352
0.698 -0.610059
0.699 -0.60379
0.7 -0.597548
0.701 -0.591334
0.702 -0.585147
0.703 -0.578991
0.704 -0.572864
0.705 -0.566769
0.706 -0.560706
0.707 -0.554677
0.708 -0.548683
0.709 -0.542724
0.71 -0.536802
0.711 -0.530918
0.712 -0.525073
0.713 -0.519268
0.714 -0.513504
0.715 -0.507783
0.716 -0.502105
0.717 -0.496472
0.718 -0.490884
0.719 -0.485344
0.72 -0.479852
0.721 -0.474408
0.722 -0.469016
0.723 -0.463675
0.724 -0.458387
0.725 -0.453153
0.726 -0.447974
0.727 -0.442852
0.728 -0.437787
0.729 -0.432781
0.73 -0.427835
0.731 -0.42295
0.732 -0.418128
0.733 -0.413369
0.734 -0.408676
0.735 -0.404048
0.736 -0.399487
0.737 -0.394995
0.738 -0.390573
0.739 -0.386222
0.74 -0.381942
0.741 -0.377736
0.742 -0.373604
0.743 -0.369548
0.744 -0.365568
0.745 -0.361667
0.746 -0.357845
0.747 -0.354103
0.748 -0.350442
0.749 -0.346864
0.75 -0.343369
0.751 -0.33996
0.752 -0.336636
0.753 -0.3334
0.754 -0.330251
0.755 -0.327192
0.756 -0.324223
0.757 -0.321346
0.758 -0.318561
0.759 -0.315869
0.76 -0.313272
0.761 -0.31077
0.762 -0.308365
0.763 -0.306057
0.764 -0.303847
0.765 -0.301737
0.766 -0.299727
0.767 -0.297819
0.768 -0.296012
0.769 -0.294309
0.77 -0.292709
0.771 -0.291214
0.772 -0.289824
0.773 -0.288541
0.774 -0.287364
0.775 -0.286296
0.776 -0.285336
0.777 -0.284485
0.778 -0.283744
0.779 -0.283114
0.78 -0.282595
0.781 -0.282188
0.782 -0.281893
0.783 -0.281712
0.784 -0.281644
0.785 -0.28169
0.786 -0.281851
0.787 -0.282128
0.788 -0.282519
0.789 -0.283027
0.79 -0.283652
0.791 -0.284393
0.792 -0.285251
0.793 -0.286227
0.794 -0.287321
0.795 -0.288533
0.796 -0.289863
0.797 -0.291312
0.798 -0.29288
0.799 -0.294566
0.8 -0.296372
0.801 -0.298297
0.802 -0.300341
0.803 -0.302505
0.804 -0.304788
0.805 -0.307191
0.806 -0.309713
0.807 -0.312355
0.808 -0.315116
0.809 -0.317996
0.81 -0.320995
0.811 -0.324114
0.812 -0.327351
0.813 -0.330706
0.814 -0.33418
0.815 -0.337772
0.816 -0.341482
0.817 -0.34531
0.818 -0.349255
0.819 -0.353316
0.82 -0.357495
0.821 -0.361789
0.822 -0.366198
0.823 -0.370723
0.824 -0.375363
0.825 -0.380117
0.826 -0.384984
0.827 -0.389965
0.828 -0.395058
0.829 -0.400263
0.83 -0.405579
0.831 -0.411006
0.832 -0.416542
0.833 -0.422188
0.834 -0.427943
0.835 -0.433805
0.836 -0.439775
0.837 -0.44585
0.838 -0.452032
0.839 -0.458317
0.84 -0.464707
0.841 -0.4712
0.842 -0.477794
0.843 -0.48449
0.844 -0.491286
0.845 -0.498182
0.846 -0.505175
0.847 -0.512267
0.848 -0.519454
0.849 -0.526737
0.85 -0.534115
0.851 -0.541585
0.852 -0.549148
0.853 -0.556803
0.854 -0.564547
0.855 -0.572381
0.856 -0.580303
0.857 -0.588311
0.858 -0.596406
0.859 -0.604584
0.86 -0.612847
0.861 -0.621192
0.862 -0.629617
0.863 -0.638123
0.864 -0.646708
0.865 -0.65537
0.866 -0.664109
0.867 -0.672922
0.868 -0.68181
0.869 -0.69077
0.87 -0.699802
0.871 -0.708904
0.872 -0.718075
0.873 -0.727314
0.874 -0.736619
0.875 -0.74599
0.876 -0.755424
0.877 -0.764921
0.878 -0.77448
0.879 -0.784098
0.88 -0.793776
0.881 -0.803511
0.882 -0.813303
0.883 -0.823149
0.884 -0.833049
0.885 -0.843002
0.886 -0.853006
0.887 -0.86306
0.888 -0.873163
0.889 -0.883313
0.89 -0.893509
0.891 -0.90375
0.892 -0.914034
0.893 -0.924361
0.894 -0.934729
0.895 -0.945137
0.896 -0.955583
0.897 -0.966067
0.898 -0.976587
0.899 -0.987142
0.9 -0.99773
0.901 -1.00835
0.902 -1.019
0.903 -1.02968
0.904 -1.0404
0.905 -1.05113
0.906 -1.0619
0.907 -1.07269
0.908 -1.0835
0.909 -1.09434
0.91 -1.1052
0.911 -1.11608
0.912 -1.12698
0.913 -1.1379
0.914 -1.14883
0.915 -1.15978
0.916 -1.17075
0.917 -1.18173
0.918 -1.19272
0.919 -1.20373
0.92 -1.21474
0.921 -1.22577
0.922 -1.23681
0.923 -1.24785
0.924 -1.2589
0.925 -1.26995
0.926 -1.28101
0.927 -1.29208
0.928 -1.30314
0.929 -1.31421
0.93 -1.32528
0.931 -1.33635
0.932 -1.34742
0.933 -1.35849
0.934 -1.36955
0.935 -1.38062
0.936 -1.39167
0.937 -1.40272
0.938 -1.41377
0.939 -1.42481
0.94 -1.43584
0.941 -1.44687
0.942 -1.45788
0.943 -1.46889
0.944 -1.47988
0.945 -1.49086
0.946 -1.50184
0.947 -1.51279
0.948 -1.52374
0.949 -1.53467
0.95 -1.54558
0.951 -1.55648
0.952 -1.56737
0.953 -1.57824
0.954 -1.58909
0.955 -1.59992
0.956 -1.61073
0.957 -1.62153
0.958 -1.6323
0.959 -1.64306
0.96 -1.65379
0.961 -1.6645
0.962 -1.67519
0.963 -1.68586
0.964 -1.69651
0.965 -1.70713
0.966 -1.71773
0.967 -1.7283
0.968 -1.73885
0.969 -1.74938
0.97 -1.75988
0.971 -1.77035
0.972 -1.7808
0.973 -1.79122
0.974 -1.80161
0.975 -1.81198
0.976 -1.82231
0.977 -1.83262
0.978 -1.8429
0.979 -1.85316
0.98 -1.86338
0.981 -1.87357
0.982 -1.88374
0.983 -1.89387
0.984 -1.90397
0.985 -1.91405
0.986 -1.92409
0.987 -1.9341
0.988 -1.94408
0.989 -1.95403
0.99 -1.96394
0.991 -1.97383
0.992 -1.98368
0.993 -1.9935
0.994 -2.00329
0.995 -2.01304
0.996 -2.02277
0.997 -2.03246
0.998 -2.04211
0.999 -2.05173
1 -2.06132
1.001 -10
