0 0
0.001 0.265374
0.002 0.27139
0.003 0.277412
0.004 0.283438
0.005 0.289469
0.006 0.295504
0.007 0.301543
0.008 0.307585
0.009 0.31363
0.01 0.319677
0.011 0.325727
0.012 0.331779
0.013 0.337832
0.014 0.343886
0.015 0.349941
0.016 0.355996
0.017 0.362051
0.018 0.368106
0.019 0.37416
0.02 0.380212
0.021 0.386263
0.022 0.392312
0.023 0.398359
0.024 0.404403
0.025 0.410444
0.026 0.416481
0.027 0.422515
0.028 0.428544
0.029 0.434569
0.03 0.440588
0.031 0.446603
0.032 0.452611
0.033 0.458614
0.034 0.46461
0.035 0.470599
0.036 0.476581
0.037 0.482555
0.038 0.488522
0.039 0.49448
0.04 0.500429
0.041 0.50637
0.042 0.512301
0.043 0.518223
0.044 0.524135
0.045 0.530037
0.046 0.535928
0.047 0.541808
0.048 0.547677
0.049 0.553534
0.05 0.55938
0.051 0.565213
0.052 0.571034
0.053 0.576842
0.054 0.582637
0.055 0.58842
0.056 0.594188
0.057 0.599943
0.058 0.605684
0.059 0.61141
0.06 0.617122
0.061 0.622819
0.062 0.628501
0.063 0.634168
0.064 0.639819
0.065 0.645455
0.066 0.651075
0.067 0.656679
0.068 0.662267
0.069 0.667838
0.07 0.673392
0.071 0.67893
0.072 0.684451
0.073 0.689954
0.074 0.695441
0.075 0.70091
0.076 0.706361
0.077 0.711795
0.078 0.717211
0.079 0.722609
0.08 0.727989
0.081 0.733351
0.082 0.738695
0.083 0.74402
0.084 0.749327
0.085 0.754616
0.086 0.759886
0.087 0.765137
0.088 0.77037
0.089 0.775584
0.09 0.780779
0.091 0.785955
0.092 0.791113
0.093 0.796251
0.094 0.801371
0.095 0.806472
0.096 0.811554
0.097 0.816617
0.098 0.821661
0.099 0.826686
0.1 0.831692
0.101 0.83668
0.102 0.841648
0.103 0.846598
0.104 0.851529
0.105 0.856441
0.106 0.861334
0.107 0.866209
0.108 0.871065
0.109 0.875903
0.11 0.880722
0.111 0.885522
0.112 0.890304
0.113 0.895068
0.114 0.899814
0.115 0.904541
0.116 0.90925
0.117 0.913942
0.118 0.918615
0.119 0.923271
0.12 0.927908
0.121 0.932528
0.122 0.937131
0.123 0.941716
0.124 0.946284
0.125 0.950835
0.126 0.955368
0.127 0.959885
0.128 0.964385
0.129 0.968867
0.13 0.973334
0.131 0.977783
0.132 0.982217
0.133 0.986634
0.134 0.991034
0.135 0.995419
0.136 0.999788
0.137 1.00414
0.138 1.00848
0.139 1.0128
0.14 1.01711
0.141 1.0214
0.142 1.02567
0.143 1.02994
0.144 1.03418
0.145 1.03841
0.146 1.04263
0.147 1.04683
0.148 1.05102
0.149 1.0552
0.15 1.05936
0.151 1.0635
0.152 1.06763
0.153 1.07175
0.154 1.07586
0.155 1.07995
0.156 1.08403
0.157 1.08809
0.158 1.09215
0.159 1.09619
0.16 1.10022
0.161 1.10423
0.162 1.10823
0.163 1.11222
0.164 1.1162
0.165 1.12017
0.166 1.12412
0.167 1.12807
0.168 1.132
0.169 1.13592
0.17 1.13983
0.171 1.14372
0.172 1.14761
0.173 1.15149
0.174 1.15535
0.175 1.1592
0.176 1.16305
0.177 1.16688
0.178 1.17071
0.179 1.17452
0.18 1.17832
0.181 1.18212
0.182 1.1859
0.183 1.18968
0.184 1.19344
0.185 1.1972
0.186 1.20094
0.187 1.20468
0.188 1.20841
0.189 1.21213
0.19 1.21584
0.191 1.21954
0.192 1.22324
0.193 1.22692
0.194 1.2306
0.195 1.23427
0.196 1.23793
0.197 1.24159
0.198 1.24523
0.199 1.24887
0.2 1.2525
0.201 1.25613
0.202 1.25974
0.203 1.26335
0.204 1.26695
0.205 1.27055
0.206 1.27414
0.207 1.27772
0.208 1.2813
0.209 1.28486
0.21 1.28843
0.211 1.29198
0.212 1.29553
0.213 1.29908
0.214 1.30261
0.215 1.30615
0.216 1.30967
0.217 1.31319
0.218 1.31671
0.219 1.32022
0.22 1.32372
0.221 1.32722
0.222 1.33072
0.223 1.33421
0.224 1.33769
0.225 1.34117
0.226 1.34464
0.227 1.34811
0.228 1.35158
0.229 1.35504
0.23 1.35849
0.231 1.36195
0.232 1.36539
0.233 1.36884
0.234 1.37228
0.235 1.37571
0.236 1.37914
0.237 1.38257
0.238 1.38599
0.239 1.38941
0.24 1.39283
0.241 1.39624
0.242 1.39965
0.243 1.40306
0.244 1.40646
0.245 1.40986
0.246 1.41326
0.247 1.41665
0.248 1.42004
0.249 1.42343
0.25 1.42682
0.251 1.4302
0.252 1.43358
0.253 1.43696
0.254 1.44033
0.255 1.4437
0.256 1.44707
0.257 1.45044
0.258 1.45381
0.259 1.45717
0.26 1.46053
0.261 1.46389
0.262 1.46725
0.263 1.4706
0.264 1.47396
0.265 1.47731
0.266 1.48066
0.267 1.484
0.268 1.48735
0.269 1.4907
0.27 1.49404
0.271 1.49738
0.272 1.50072
0.273 1.50406
0.274 1.5074
0.275 1.51073
0.276 1.51407
0.277 1.5174
0.278 1.52074
0.279 1.52407
0.28 1.5274
0.281 1.53073
0.282 1.53406
0.283 1.53739
0.284 1.54072
0.285 1.54405
0.286 1.54737
0.287 1.5507
0.288 1.55402
0.289 1.55735
0.29 1.56067
0.291 1.564
0.292 1.56732
0.293 1.57064
0.294 1.57396
0.295 1.57729
0.296 1.58061
0.297 1.58393
0.298 1.58725
0.299 1.59057
0.3 1.5939
0.301 1.59722
0.302 1.60054
0.303 1.60386
0.304 1.60718
0.305 1.6105
0.306 1.61382
0.307 1.61715
0.308 1.62047
0.309 1.62379
0.31 1.62711
0.311 1.63044
0.312 1.63376
0.313 1.63708
0.314 1.64041
0.315 1.64373
0.316 1.64705
0.317 1.65038
0.318 1.65371
0.319 1.65703
0.32 1.66036
0.321 1.66369
0.322 1.66701
0.323 1.67034
0.324 1.67367
0.325 1.677
0.326 1.68033
0.327 1.68366
0.328 1.68699
0.329 1.69033
0.33 1.69366
0.331 1.697
0.332 1.70033
0.333 1.70367
0.334 1.707
0.335 1.71034
0.336 1.71368
0.337 1.71702
0.338 1.72036
0.339 1.7237
0.34 1.72705
0.341 1.73039
0.342 1.73374
0.343 1.73708
0.344 1.74043
0.345 1.74378
0.346 1.74713
0.347 1.75048
0.348 1.75383
0.349 1.75719
0.35 1.76054
0.351 1.7639
0.352 1.76726
0.353 1.77061
0.354 1.77398
0.355 1.77734
0.356 1.7807
0.357 1.78406
0.358 1.78743
0.359 1.7908
0.36 1.79417
0.361 1.79754
0.362 1.80091
0.363 1.80428
0.364 1.80766
0.365 1.81103
0.366 1.81441
0.367 1.81779
0.368 1.82117
0.369 1.82456
0.37 1.82794
0.371 1.83133
0.372 1.83472
0.373 1.83811
0.374 1.8415
0.375 1.8449
0.376 1.84829
0.377 1.85169
0.378 1.85509
0.379 1.85849
0.38 1.86189
0.381 1.8653
0.382 1.86871
0.383 1.87212
0.384 1.87553
0.385 1.87894
0.386 1.88236
0.387 1.88577
0.388 1.88919
0.389 1.89262
0.39 1.89604
0.391 1.89947
0.392 1.9029
0.393 1.90633
0.394 1.90976
0.395 1.9132
0.396 1.91663
0.397 1.92007
0.398 1.92352
0.399 1.92696
0.4 1.93041
0.401 1.93386
0.402 1.93731
0.403 1.94077
0.404 1.94423
0.405 1.94769
0.406 1.95115
0.407 1.95462
0.408 1.95809
0.409 1.96156
0.41 1.96503
0.411 1.96851
0.412 1.97199
0.413 1.97547
0.414 1.97896
0.415 1.98245
0.416 1.98594
0.417 1.98943
0.418 1.99293
0.419 1.99643
0.42 1.99994
0.421 2.00344
0.422 2.00695
0.423 2.01047
0.424 2.01398
0.425 2.0175
0.426 2.02103
0.427 2.02455
0.428 2.02809
0.429 2.03162
0.43 2.03516
0.431 2.0387
0.432 2.04224
0.433 2.04579
0.434 2.04934
0.435 2.0529
0.436 2.05646
0.437 2.06002
0.438 2.06359
0.439 2.06716
0.44 2.07074
0.441 2.07432
0.442 2.0779
0.443 2.08149
0.444 2.08508
0.445 2.08868
0.446 2.09228
0.447 2.09588
0.448 2.09949
0.449 2.1031
0.45 2.10672
0.451 2.11034
0.452 2.11397
0.453 2.1176
0.454 2.12124
0.455 2.12488
0.456 2.12853
0.457 2.13218
0.458 2.13583
0.459 2.1395
0.46 2.14316
0.461 2.14683
0.462 2.15051
0.463 2.15419
0.464 2.15788
0.465 2.16157
0.466 2.16527
0.467 2.16897
0.468 2.17268
0.469 2.17639
0.47 2.18011
0.471 2.18384
0.472 2.18757
0.473 2.1913
0.474 2.19505
0.475 2.1988
0.476 2.20255
0.477 2.20631
0.478 2.21008
0.479 2.21385
0.48 2.21763
0.481 2.22142
0.482 2.22521
0.483 2.22901
0.484 2.23282
0.485 2.23663
0.486 2.24045
0.487 2.24427
0.488 2.24811
0.489 2.25195
0.49 2.25579
0.491 2.25965
0.492 2.26351
0.493 2.26738
0.494 2.27126
0.495 2.27514
0.496 2.27903
0.497 2.28293
0.498 2.28684
0.499 2.29075
0.5 2.29467
0.501 2.2986
0.502 2.30254
0.503 2.30649
0.504 2.31044
0.505 2.31441
0.506 2.31838
0.507 2.32236
0.508 2.32635
0.509 2.33034
0.51 2.33435
0.511 2.33837
0.512 2.34239
0.513 2.34642
0.514 2.35047
0.515 2.35452
0.516 2.35858
0.517 2.36265
0.518 2.36673
0.519 2.37082
0.52 2.37492
0.521 2.37902
0.522 2.38314
0.523 2.38727
0.524 2.39141
0.525 2.39556
0.526 2.39972
0.527 2.40389
0.528 2.40807
0.529 2.41226
0.53 2.41646
0.531 2.42068
0.532 2.4249
0.533 2.42914
0.534 2.43338
0.535 2.43764
0.536 2.44191
0.537 2.44619
0.538 2.45048
0.539 2.45479
0.54 2.4591
0.541 2.46343
0.542 2.46777
0.543 2.47212
0.544 2.47649
0.545 2.48087
0.546 2.48526
0.547 2.48966
0.548 2.49407
0.549 2.4985
0.55 2.50294
0.551 2.5074
0.552 2.51187
0.553 2.51635
0.554 2.52085
0.555 2.52536
0.556 2.52988
0.557 2.53442
0.558 2.53897
0.559 2.54353
0.56 2.54811
0.561 2.55271
0.562 2.55732
0.563 2.56194
0.564 2.56658
0.565 2.57124
0.566 2.57591
0.567 2.58059
0.568 2.58529
0.569 2.59001
0.57 2.59474
0.571 2.59949
0.572 2.60425
0.573 2.60904
0.574 2.61383
0.575 2.61865
0.576 2.62348
0.577 2.62833
0.578 2.63319
0.579 2.63807
0.58 2.64297
0.581 2.64789
0.582 2.65283
0.583 2.65778
0.584 2.66275
0.585 2.66774
0.586 2.67275
0.587 2.67777
0.588 2.68282
0.589 2.68788
0.59 2.69296
0.591 2.69806
0.592 2.70319
0.593 2.70833
0.594 2.71349
0.595 2.71867
0.596 2.72387
0.597 2.72909
0.598 2.73433
0.599 2.73959
0.6 2.74488
0.601 2.75018
0.602 2.75551
0.603 2.76085
0.604 2.76622
0.605 2.77161
0.606 2.77702
0.607 2.78246
0.608 2.78792
0.609 2.79339
0.61 2.7989
0.611 2.80442
0.612 2.80997
0.613 2.81554
0.614 2.82114
0.615 2.82675
0.616 2.8324
0.617 2.83806
0.618 2.84376
0.619 2.84947
0.62 2.85521
0.621 2.86098
0.622 2.86677
0.623 2.87259
0.624 2.87843
0.625 2.8843
0.626 2.89019
0.627 2.89611
0.628 2.90206
0.629 2.90803
0.63 2.91403
0.631 2.92006
0.632 2.92612
0.633 2.9322
0.634 2.93831
0.635 2.94445
0.636 2.95062
0.637 2.95682
0.638 2.96304
0.639 2.9693
0.64 2.97558
0.641 2.9819
0.642 2.98824
0.643 2.99461
0.644 3.00102
0.645 3.00745
0.646 3.01392
0.647 3.02041
0.648 3.02694
0.649 3.0335
0.65 3.04009
0.651 3.04672
0.652 3.05337
0.653 3.06006
0.654 3.06678
0.655 3.07354
0.656 3.08033
0.657 3.08715
0.658 3.094
0.659 3.10089
0.66 3.10782
0.661 3.11478
0.662 3.12177
0.663 3.1288
0.664 3.13587
0.665 3.14297
0.666 3.15011
0.667 3.15728
0.668 3.16449
0.669 3.17174
0.67 3.17902
0.671 3.18635
0.672 3.19371
0.673 3.20111
0.674 3.20854
0.675 3.21602
0.676 3.22353
0.677 3.23109
0.678 3.23868
0.679 3.24632
0.68 3.25399
0.681 3.2617
0.682 3.26946
0.683 3.27726
0.684 3.28509
0.685 3.29297
0.686 3.30089
0.687 3.30886
0.688 3.31686
0.689 3.32491
0.69 3.33301
0.691 3.34114
0.692 3.34932
0.693 3.35754
0.694 3.36581
0.695 3.37413
0.696 3.38248
0.697 3.39089
0.698 3.39934
0.699 3.40783
0.7 3.41637
0.701 3.42496
0.702 3.43359
0.703 3.44228
0.704 3.451
0.705 3.45978
0.706 3.46861
0.707 3.47748
0.708 3.4864
0.709 3.49537
0.71 3.50439
0.711 3.51346
0.712 3.52258
0.713 3.53175
0.714 3.54097
0.715 3.55025
0.716 3.55957
0.717 3.56894
0.718 3.57837
0.719 3.58785
0.72 3.59737
0.721 3.60696
0.722 3.61659
0.723 3.62628
0.724 3.63602
0.725 3.64582
0.726 3.65567
0.727 3.66557
0.728 3.67553
0.729 3.68554
0.73 3.69561
0.731 3.70574
0.732 3.71591
0.733 3.72615
0.734 3.73644
0.735 3.74679
0.736 3.75719
0.737 3.76766
0.738 3.77817
0.739 3.78875
0.74 3.79938
0.741 3.81008
0.742 3.82082
0.743 3.83163
0.744 3.8425
0.745 3.85343
0.746 3.86441
0.747 3.87545
0.748 3.88656
0.749 3.89772
0.75 3.90894
0.751 3.92022
0.752 3.93157
0.753 3.94297
0.754 3.95443
0.755 3.96596
0.756 3.97754
0.757 3.98919
0.758 4.00089
0.759 4.01266
0.76 4.02449
0.761 4.03638
0.762 4.04834
0.763 4.06035
0.764 4.07243
0.765 4.08457
0.766 4.09677
0.767 4.10903
0.768 4.12135
0.769 4.13374
0.77 4.14619
0.771 4.1587
0.772 4.17127
0.773 4.18391
0.774 4.19661
0.775 4.20937
0.776 4.22219
0.777 4.23508
0.778 4.24802
0.779 4.26103
0.78 4.2741
0.781 4.28724
0.782 4.30043
0.783 4.31369
0.784 4.32701
0.785 4.34039
0.786 4.35383
0.787 4.36734
0.788 4.3809
0.789 4.39453
0.79 4.40822
0.791 4.42197
0.792 4.43577
0.793 4.44964
0.794 4.46357
0.795 4.47756
0.796 4.49161
0.797 4.50572
0.798 4.51988
0.799 4.53411
0.8 4.54839
0.801 4.56273
0.802 4.57713
0.803 4.59159
0.804 4.60611
0.805 4.62068
0.806 4.6353
0.807 4.64999
0.808 4.66472
0.809 4.67952
0.81 4.69436
0.811 4.70926
0.812 4.72422
0.813 4.73923
0.814 4.75429
0.815 4.7694
0.816 4.78456
0.817 4.79978
0.818 4.81504
0.819 4.83035
0.82 4.84571
0.821 4.86113
0.822 4.87658
0.823 4.89209
0.824 4.90764
0.825 4.92324
0.826 4.93888
0.827 4.95456
0.828 4.97029
0.829 4.98606
0.83 5.00187
0.831 5.01773
0.832 5.03362
0.833 5.04955
0.834 5.06552
0.835 5.08153
0.836 5.09758
0.837 5.11366
0.838 5.12977
0.839 5.14592
0.84 5.1621
0.841 5.17832
0.842 5.19456
0.843 5.21084
0.844 5.22714
0.845 5.24347
0.846 5.25983
0.847 5.27622
0.848 5.29263
0.849 5.30906
0.85 5.32552
0.851 5.34199
0.852 5.35849
0.853 5.37501
0.854 5.39154
0.855 5.4081
0.856 5.42466
0.857 5.44125
0.858 5.45784
0.859 5.47445
0.86 5.49107
0.861 5.5077
0.862 5.52434
0.863 5.54098
0.864 5.55764
0.865 5.57429
0.866 5.59095
0.867 5.60761
0.868 5.62428
0.869 5.64094
0.87 5.6576
0.871 5.67426
0.872 5.69092
0.873 5.70757
0.874 5.72421
0.875 5.74085
0.876 5.75748
0.877 5.77409
0.878 5.79069
0.879 5.80728
0.88 5.82386
0.881 5.84042
0.882 5.85696
0.883 5.87349
0.884 5.88999
0.885 5.90647
0.886 5.92293
0.887 5.93937
0.888 5.95578
0.889 5.97216
0.89 5.98851
0.891 6.00484
0.892 6.02113
0.893 6.0374
0.894 6.05362
0.895 6.06982
0.896 6.08597
0.897 6.10209
0.898 6.11817
0.899 6.13421
0.9 6.15021
0.901 6.16617
0.902 6.18208
0.903 6.19794
0.904 6.21376
0.905 6.22953
0.906 6.24525
0.907 6.26092
0.908 6.27654
0.909 6.2921
0.91 6.30761
0.911 6.32307
0.912 6.33846
0.913 6.3538
0.914 6.36908
0.915 6.38429
0.916 6.39945
0.917 6.41454
0.918 6.42956
0.919 6.44452
0.92 6.45941
0.921 6.47424
0.922 6.48899
0.923 6.50368
0.924 6.51829
0.925 6.53283
0.926 6.5473
0.927 6.56169
0.928 6.576
0.929 6.59024
0.93 6.6044
0.931 6.61848
0.932 6.63248
0.933 6.6464
0.934 6.66024
0.935 6.67399
0.936 6.68766
0.937 6.70124
0.938 6.71474
0.939 6.72815
0.94 6.74147
0.941 6.7547
0.942 6.76785
0.943 6.7809
0.944 6.79387
0.945 6.80674
0.946 6.81951
0.947 6.8322
0.948 6.84479
0.949 6.85728
0.95 6.86968
0.951 6.88198
0.952 6.89419
0.953 6.90629
0.954 6.9183
0.955 6.93021
0.956 6.94202
0.957 6.95373
0.958 6.96534
0.959 6.97685
0.96 6.98826
0.961 6.99957
0.962 7.01077
0.963 7.02187
0.964 7.03287
0.965 7.04376
0.966 7.05455
0.967 7.06523
0.968 7.07581
0.969 7.08629
0.97 7.09666
0.971 7.10693
0.972 7.11709
0.973 7.12714
0.974 7.13709
0.975 7.14693
0.976 7.15667
0.977 7.1663
0.978 7.17583
0.979 7.18524
0.98 7.19456
0.981 7.20376
0.982 7.21286
0.983 7.22186
0.984 7.23075
0.985 7.23953
0.986 7.24821
0.987 7.25678
0.988 7.26524
0.989 7.2736
0.99 7.28186
0.991 7.29001
0.992 7.29805
0.993 7.306
0.994 7.31383
0.995 7.32157
0.996 7.3292
0.997 7.33673
0.998 7.34415
0.999 7.35148
1 7.3587
1.001 0
