0 5
0.001 3.44062
0.002 3.43742
0.003 3.43423
0.004 3.43104
0.005 3.42785
0.006 3.42467
0.007 3.42148
0.008 3.41831
0.009 3.41514
0.01 3.41197
0.011 3.4088
0.012 3.40565
0.013 3.40249
0.014 3.39935
0.015 3.3962
0.016 3.39307
0.017 3.38994
0.018 3.38682
0.019 3.38371
0.02 3.3806
0.021 3.3775
0.022 3.37441
0.023 3.37133
0.024 3.36826
0.025 3.36519
0.026 3.36214
0.027 3.3591
0.028 3.35606
0.029 3.35304
0.03 3.35003
0.031 3.34702
0.032 3.34404
0.033 3.34106
0.034 3.33809
0.035 3.33514
0.036 3.3322
0.037 3.32927
0.038 3.32635
0.039 3.32345
0.04 3.32057
0.041 3.3177
0.042 3.31484
0.043 3.31199
0.044 3.30917
0.045 3.30635
0.046 3.30356
0.047 3.30078
0.048 3.29801
0.049 3.29527
0.05 3.29254
0.051 3.28982
0.052 3.28713
0.053 3.28445
0.054 3.28179
0.055 3.27915
0.056 3.27653
0.057 3.27392
0.058 3.27134
0.059 3.26877
0.06 3.26622
0.061 3.2637
0.062 3.26119
0.063 3.2587
0.064 3.25624
0.065 3.25379
0.066 3.25137
0.067 3.24897
0.068 3.24658
0.069 3.24422
0.07 3.24189
0.071 3.23957
0.072 3.23727
0.073 3.235
0.074 3.23275
0.075 3.23052
0.076 3.22832
0.077 3.22614
0.078 3.22398
0.079 3.22184
0.08 3.21973
0.081 3.21764
0.082 3.21557
0.083 3.21353
0.084 3.21151
0.085 3.20952
0.086 3.20755
0.087 3.2056
0.088 3.20368
0.089 3.20178
0.09 3.19991
0.091 3.19806
0.092 3.19624
0.093 3.19444
0.094 3.19266
0.095 3.19091
0.096 3.18918
0.097 3.18748
0.098 3.1858
0.099 3.18415
0.1 3.18252
0.101 3.18092
0.102 3.17934
0.103 3.17779
0.104 3.17626
0.105 3.17475
0.106 3.17327
0.107 3.17182
0.108 3.17039
0.109 3.16898
0.11 3.1676
0.111 3.16624
0.112 3.16491
0.113 3.1636
0.114 3.16232
0.115 3.16106
0.116 3.15982
0.117 3.15861
0.118 3.15742
0.119 3.15626
0.12 3.15512
0.121 3.15401
0.122 3.15291
0.123 3.15184
0.124 3.1508
0.125 3.14978
0.126 3.14878
0.127 3.1478
0.128 3.14685
0.129 3.14592
0.13 3.14501
0.131 3.14413
0.132 3.14327
0.133 3.14243
0.134 3.14161
0.135 3.14082
0.136 3.14004
0.137 3.13929
0.138 3.13856
0.139 3.13785
0.14 3.13716
0.141 3.1365
0.142 3.13585
0.143 3.13523
0.144 3.13462
0.145 3.13404
0.146 3.13348
0.147 3.13293
0.148 3.13241
0.149 3.13191
0.15 3.13142
0.151 3.13096
0.152 3.13051
0.153 3.13008
0.154 3.12968
0.155 3.12929
0.156 3.12892
0.157 3.12857
0.158 3.12823
0.159 3.12792
0.16 3.12762
0.161 3.12734
0.162 3.12707
0.163 3.12683
0.164 3.1266
0.165 3.12639
0.166 3.12619
0.167 3.12601
0.168 3.12585
0.169 3.1257
0.17 3.12557
0.171 3.12545
0.172 3.12535
0.173 3.12527
0.174 3.1252
0.175 3.12514
0.176 3.1251
0.177 3.12508
0.178 3.12507
0.179 3.12507
0.18 3.12509
0.181 3.12512
0.182 3.12516
0.183 3.12522
0.184 3.12529
0.185 3.12538
0.186 3.12548
0.187 3.12559
0.188 3.12571
0.189 3.12584
0.19 3.12599
0.191 3.12615
0.192 3.12632
0.193 3.1265
0.194 3.1267
0.195 3.1269
0.196 3.12712
0.197 3.12735
0.198 3.12759
0.199 3.12784
0.2 3.1281
0.201 3.12837
0.202 3.12865
0.203 3.12894
0.204 3.12924
0.205 3.12955
0.206 3.12987
0.207 3.1302
0.208 3.13054
0.209 3.13089
0.21 3.13125
0.211 3.13162
0.212 3.13199
0.213 3.13238
0.214 3.13277
0.215 3.13317
0.216 3.13358
0.217 3.13399
0.218 3.13442
0.219 3.13485
0.22 3.13529
0.221 3.13574
0.222 3.13619
0.223 3.13666
0.224 3.13713
0.225 3.1376
0.226 3.13809
0.227 3.13858
0.228 3.13907
0.229 3.13958
0.23 3.14009
0.231 3.14061
0.232 3.14113
0.233 3.14166
0.234 3.14219
0.235 3.14273
0.236 3.14328
0.237 3.14383
0.238 3.14439
0.239 3.14495
0.24 3.14552
0.241 3.14609
0.242 3.14667
0.243 3.14726
0.244 3.14785
0.245 3.14844
0.246 3.14904
0.247 3.14964
0.248 3.15025
0.249 3.15086
0.25 3.15148
0.251 3.1521
0.252 3.15273
0.253 3.15336
0.254 3.15399
0.255 3.15463
0.256 3.15527
0.257 3.15592
0.258 3.15657
0.259 3.15722
0.26 3.15788
0.261 3.15854
0.262 3.1592
0.263 3.15987
0.264 3.16054
0.265 3.16121
0.266 3.16189
0.267 3.16257
0.268 3.16325
0.269 3.16394
0.27 3.16463
0.271 3.16532
0.272 3.16601
0.273 3.16671
0.274 3.16741
0.275 3.16811
0.276 3.16882
0.277 3.16952
0.278 3.17023
0.279 3.17094
0.28 3.17166
0.281 3.17237
0.282 3.17309
0.283 3.17381
0.284 3.17454
0.285 3.17526
0.286 3.17599
0.287 3.17671
0.288 3.17744
0.289 3.17818
0.29 3.17891
0.291 3.17964
0.292 3.18038
0.293 3.18112
0.294 3.18186
0.295 3.1826
0.296 3.18334
0.297 3.18409
0.298 3.18483
0.299 3.18558
0.3 3.18633
0.301 3.18707
0.302 3.18782
0.303 3.18857
0.304 3.18933
0.305 3.19008
0.306 3.19083
0.307 3.19159
0.308 3.19234
0.309 3.1931
0.31 3.19386
0.311 3.19461
0.312 3.19537
0.313 3.19613
0.314 3.19689
0.315 3.19765
0.316 3.19841
0.317 3.19917
0.318 3.19994
0.319 3.2007
0.32 3.20146
0.321 3.20222
0.322 3.20299
0.323 3.20375
0.324 3.20451
0.325 3.20528
0.326 3.20604
0.327 3.2068
0.328 3.20757
0.329 3.20833
0.33 3.2091
0.331 3.20986
0.332 3.21063
0.333 3.21139
0.334 3.21215
0.335 3.21292
0.336 3.21368
0.337 3.21445
0.338 3.21521
0.339 3.21597
0.34 3.21674
0.341 3.2175
0.342 3.21826
0.343 3.21902
0.344 3.21979
0.345 3.22055
0.346 3.22131
0.347 3.22207
0.348 3.22283
0.349 3.22359
0.35 3.22435
0.351 3.2251
0.352 3.22586
0.353 3.22662
0.354 3.22738
0.355 3.22813
0.356 3.22889
0.357 3.22964
0.358 3.2304
0.359 3.23115
0.36 3.2319
0.361 3.23265
0.362 3.2334
0.363 3.23415
0.364 3.2349
0.365 3.23565
0.366 3.2364
0.367 3.23715
0.368 3.23789
0.369 3.23864
0.37 3.23938
0.371 3.24012
0.372 3.24086
0.373 3.24161
0.374 3.24235
0.375 3.24308
0.376 3.24382
0.377 3.24456
0.378 3.24529
0.379 3.24603
0.38 3.24676
0.381 3.24749
0.382 3.24823
0.383 3.24895
0.384 3.24968
0.385 3.25041
0.386 3.25114
0.387 3.25186
0.388 3.25259
0.389 3.25331
0.39 3.25403
0.391 3.25475
0.392 3.25547
0.393 3.25619
0.394 3.2569
0.395 3.25762
0.396 3.25833
0.397 3.25905
0.398 3.25976
0.399 3.26047
0.4 3.26117
0.401 3.26188
0.402 3.26259
0.403 3.26329
0.404 3.26399
0.405 3.26469
0.406 3.26539
0.407 3.26609
0.408 3.26679
0.409 3.26749
0.41 3.26818
0.411 3.26887
0.412 3.26956
0.413 3.27025
0.414 3.27094
0.415 3.27163
0.416 3.27231
0.417 3.273
0.418 3.27368
0.419 3.27436
0.42 3.27504
0.421 3.27572
0.422 3.2764
0.423 3.27707
0.424 3.27774
0.425 3.27842
0.426 3.27909
0.427 3.27975
0.428 3.28042
0.429 3.28109
0.43 3.28175
0.431 3.28241
0.432 3.28307
0.433 3.28373
0.434 3.28439
0.435 3.28505
0.436 3.2857
0.437 3.28635
0.438 3.28701
0.439 3.28765
0.44 3.2883
0.441 3.28895
0.442 3.28959
0.443 3.29024
0.444 3.29088
0.445 3.29152
0.446 3.29216
0.447 3.2928
0.448 3.29343
0.449 3.29406
0.45 3.2947
0.451 3.29533
0.452 3.29596
0.453 3.29658
0.454 3.29721
0.455 3.29783
0.456 3.29846
0.457 3.29908
0.458 3.2997
0.459 3.30031
0.46 3.30093
0.461 3.30154
0.462 3.30216
0.463 3.30277
0.464 3.30338
0.465 3.30398
0.466 3.30459
0.467 3.3052
0.468 3.3058
0.469 3.3064
0.47 3.307
0.471 3.3076
0.472 3.3082
0.473 3.30879
0.474 3.30938
0.475 3.30998
0.476 3.31057
0.477 3.31116
0.478 3.31174
0.479 3.31233
0.48 3.31291
0.481 3.31349
0.482 3.31408
0.483 3.31465
0.484 3.31523
0.485 3.31581
0.486 3.31638
0.487 3.31696
0.488 3.31753
0.489 3.3181
0.49 3.31866
0.491 3.31923
0.492 3.3198
0.493 3.32036
0.494 3.32092
0.495 3.32148
0.496 3.32204
0.497 3.3226
0.498 3.32315
0.499 3.32371
0.5 3.32426
0.501 3.32481
0.502 3.32536
0.503 3.32591
0.504 3.32645
0.505 3.327
0.506 3.32754
0.507 3.32808
0.508 3.32862
0.509 3.32916
0.51 3.3297
0.511 3.33024
0.512 3.33077
0.513 3.3313
0.514 3.33183
0.515 3.33236
0.516 3.33289
0.517 3.33342
0.518 3.33394
0.519 3.33447
0.52 3.33499
0.521 3.33551
0.522 3.33603
0.523 3.33655
0.524 3.33706
0.525 3.33758
0.526 3.33809
0.527 3.3386
0.528 3.33911
0.529 3.33962
0.53 3.34013
0.531 3.34063
0.532 3.34114
0.533 3.34164
0.534 3.34214
0.535 3.34264
0.536 3.34314
0.537 3.34364
0.538 3.34413
0.539 3.34463
0.54 3.34512
0.541 3.34561
0.542 3.3461
0.543 3.34659
0.544 3.34708
0.545 3.34756
0.546 3.34805
0.547 3.34853
0.548 3.34901
0.549 3.34949
0.55 3.34997
0.551 3.35045
0.552 3.35092
0.553 3.3514
0.554 3.35187
0.555 3.35234
0.556 3.35281
0.557 3.35328
0.558 3.35375
0.559 3.35422
0.56 3.35468
0.561 3.35514
0.562 3.3556
0.563 3.35607
0.564 3.35652
0.565 3.35698
0.566 3.35744
0.567 3.35789
0.568 3.35835
0.569 3.3588
0.57 3.35925
0.571 3.3597
0.572 3.36015
0.573 3.36059
0.574 3.36104
0.575 3.36148
0.576 3.36193
0.577 3.36237
0.578 3.36281
0.579 3.36325
0.58 3.36368
0.581 3.36412
0.582 3.36455
0.583 3.36499
0.584 3.36542
0.585 3.36585
0.586 3.36628
0.587 3.36671
0.588 3.36713
0.589 3.36756
0.59 3.36798
0.591 3.36841
0.592 3.36883
0.593 3.36925
0.594 3.36967
0.595 3.37008
0.596 3.3705
0.597 3.37091
0.598 3.37133
0.599 3.37174
0.6 3.37215
0.601 3.37256
0.602 3.37297
0.603 3.37338
0.604 3.37378
0.605 3.37419
0.606 3.37459
0.607 3.37499
0.608 3.37539
0.609 3.37579
0.61 3.37619
0.611 3.37658
0.612 3.37698
0.613 3.37737
0.614 3.37777
0.615 3.37816
0.616 3.37855
0.617 3.37894
0.618 3.37932
0.619 3.37971
0.62 3.3801
0.621 3.38048
0.622 3.38086
0.623 3.38124
0.624 3.38162
0.625 3.382
0.626 3.38238
0.627 3.38276
0.628 3.38313
0.629 3.3835
0.63 3.38388
0.631 3.38425
0.632 3.38462
0.633 3.38499
0.634 3.38535
0.635 3.38572
0.636 3.38608
0.637 3.38645
0.638 3.38681
0.639 3.38717
0.64 3.38753
0.641 3.38789
0.642 3.38824
0.643 3.3886
0.644 3.38895
0.645 3.38931
0.646 3.38966
0.647 3.39001
0.648 3.39036
0.649 3.39071
0.65 3.39105
0.651 3.3914
0.652 3.39174
0.653 3.39209
0.654 3.39243
0.655 3.39277
0.656 3.39311
0.657 3.39345
0.658 3.39378
0.659 3.39412
0.66 3.39445
0.661 3.39479
0.662 3.39512
0.663 3.39545
0.664 3.39578
0.665 3.3961
0.666 3.39643
0.667 3.39676
0.668 3.39708
0.669 3.3974
0.67 3.39772
0.671 3.39804
0.672 3.39836
0.673 3.39868
0.674 3.399
0.675 3.39931
0.676 3.39962
0.677 3.39994
0.678 3.40025
0.679 3.40056
0.68 3.40086
0.681 3.40117
0.682 3.40148
0.683 3.40178
0.684 3.40208
0.685 3.40238
0.686 3.40268
0.687 3.40298
0.688 3.40328
0.689 3.40358
0.69 3.40387
0.691 3.40416
0.692 3.40446
0.693 3.40475
0.694 3.40503
0.695 3.40532
0.696 3.40561
0.697 3.40589
0.698 3.40618
0.699 3.40646
0.7 3.40674
0.701 3.40702
0.702 3.40729
0.703 3.40757
0.704 3.40784
0.705 3.40812
0.706 3.40839
0.707 3.40866
0.708 3.40892
0.709 3.40919
0.71 3.40946
0.711 3.40972
0.712 3.40998
0.713 3.41024
0.714 3.4105
0.715 3.41076
0.716 3.41101
0.717 3.41126
0.718 3.41152
0.719 3.41176
0.72 3.41201
0.721 3.41226
0.722 3.4125
0.723 3.41275
0.724 3.41299
0.725 3.41323
0.726 3.41346
0.727 3.4137
0.728 3.41393
0.729 3.41416
0.73 3.41439
0.731 3.41462
0.732 3.41484
0.733 3.41506
0.734 3.41528
0.735 3.4155
0.736 3.41572
0.737 3.41593
0.738 3.41614
0.739 3.41635
0.74 3.41656
0.741 3.41677
0.742 3.41697
0.743 3.41717
0.744 3.41736
0.745 3.41756
0.746 3.41775
0.747 3.41794
0.748 3.41813
0.749 3.41831
0.75 3.41849
0.751 3.41867
0.752 3.41884
0.753 3.41902
0.754 3.41919
0.755 3.41935
0.756 3.41951
0.757 3.41967
0.758 3.41983
0.759 3.41998
0.76 3.42013
0.761 3.42028
0.762 3.42042
0.763 3.42056
0.764 3.4207
0.765 3.42083
0.766 3.42096
0.767 3.42108
0.768 3.4212
0.769 3.42132
0.77 3.42143
0.771 3.42154
0.772 3.42164
0.773 3.42174
0.774 3.42183
0.775 3.42192
0.776 3.42201
0.777 3.42209
0.778 3.42216
0.779 3.42223
0.78 3.4223
0.781 3.42236
0.782 3.42241
0.783 3.42246
0.784 3.42251
0.785 3.42255
0.786 3.42258
0.787 3.42261
0.788 3.42263
0.789 3.42264
0.79 3.42265
0.791 3.42265
0.792 3.42265
0.793 3.42263
0.794 3.42262
0.795 3.42259
0.796 3.42256
0.797 3.42252
0.798 3.42248
0.799 3.42242
0.8 3.42236
0.801 3.42229
0.802 3.42221
0.803 3.42213
0.804 3.42204
0.805 3.42193
0.806 3.42182
0.807 3.42171
0.808 3.42158
0.809 3.42144
0.81 3.4213
0.811 3.42114
0.812 3.42098
0.813 3.4208
0.814 3.42062
0.815 3.42043
0.816 3.42022
0.817 3.42001
0.818 3.41978
0.819 3.41955
0.82 3.4193
0.821 3.41904
0.822 3.41877
0.823 3.41849
0.824 3.4182
0.825 3.4179
0.826 3.41758
0.827 3.41726
0.828 3.41692
0.829 3.41656
0.83 3.4162
0.831 3.41582
0.832 3.41543
0.833 3.41502
0.834 3.41461
0.835 3.41417
0.836 3.41373
0.837 3.41327
0.838 3.4128
0.839 3.41231
0.84 3.4118
0.841 3.41129
0.842 3.41075
0.843 3.41021
0.844 3.40964
0.845 3.40907
0.846 3.40847
0.847 3.40786
0.848 3.40724
0.849 3.4066
0.85 3.40594
0.851 3.40526
0.852 3.40457
0.853 3.40386
0.854 3.40314
0.855 3.4024
0.856 3.40164
0.857 3.40086
0.858 3.40007
0.859 3.39925
0.86 3.39842
0.861 3.39758
0.862 3.39671
0.863 3.39583
0.864 3.39493
0.865 3.394
0.866 3.39307
0.867 3.39211
0.868 3.39113
0.869 3.39014
0.87 3.38912
0.871 3.38809
0.872 3.38704
0.873 3.38597
0.874 3.38488
0.875 3.38377
0.876 3.38264
0.877 3.38149
0.878 3.38033
0.879 3.37914
0.88 3.37793
0.881 3.37671
0.882 3.37547
0.883 3.3742
0.884 3.37292
0.885 3.37162
0.886 3.3703
0.887 3.36896
0.888 3.3676
0.889 3.36622
0.89 3.36482
0.891 3.36341
0.892 3.36197
0.893 3.36052
0.894 3.35905
0.895 3.35756
0.896 3.35605
0.897 3.35452
0.898 3.35298
0.899 3.35142
0.9 3.34984
0.901 3.34824
0.902 3.34662
0.903 3.34499
0.904 3.34334
0.905 3.34167
0.906 3.33999
0.907 3.33829
0.908 3.33657
0.909 3.33484
0.91 3.3331
0.911 3.33133
0.912 3.32956
0.913 3.32776
0.914 3.32596
0.915 3.32413
0.916 3.3223
0.917 3.32045
0.918 3.31859
0.919 3.31671
0.92 3.31483
0.921 3.31293
0.922 3.31101
0.923 3.30909
0.924 3.30715
0.925 3.30521
0.926 3.30325
0.927 3.30129
0.928 3.29931
0.929 3.29732
0.93 3.29533
0.931 3.29333
0.932 3.29131
0.933 3.28929
0.934 3.28727
0.935 3.28523
0.936 3.2832
0.937 3.28115
0.938 3.2791
0.939 3.27704
0.94 3.27498
0.941 3.27291
0.942 3.27084
0.943 3.26877
0.944 3.2667
0.945 3.26462
0.946 3.26254
0.947 3.26045
0.948 3.25837
0.949 3.25629
0.95 3.2542
0.951 3.25212
0.952 3.25003
0.953 3.24795
0.954 3.24587
0.955 3.24379
0.956 3.24171
0.957 3.23964
0.958 3.23757
0.959 3.2355
0.96 3.23344
0.961 3.23138
0.962 3.22933
0.963 3.22728
0.964 3.22523
0.965 3.2232
0.966 3.22117
0.967 3.21915
0.968 3.21713
0.969 3.21512
0.97 3.21312
0.971 3.21113
0.972 3.20915
0.973 3.20717
0.974 3.20521
0.975 3.20326
0.976 3.20131
0.977 3.19938
0.978 3.19746
0.979 3.19555
0.98 3.19365
0.981 3.19176
0.982 3.18989
0.983 3.18802
0.984 3.18617
0.985 3.18433
0.986 3.18251
0.987 3.1807
0.988 3.1789
0.989 3.17712
0.99 3.17535
0.991 3.1736
0.992 3.17186
0.993 3.17013
0.994 3.16842
0.995 3.16673
0.996 3.16505
0.997 3.16339
0.998 3.16174
0.999 3.16011
1 3.15849
1.001 5
