0 -10
0.001 -6.32505
0.002 -6.31117
0.003 -6.29727
0.004 -6.28337
0.005 -6.26945
0.006 -6.25553
0.007 -6.24159
0.008 -6.22765
0.009 -6.2137
0.01 -6.19974
0.011 -6.18577
0.012 -6.1718
0.013 -6.15783
0.014 -6.14385
0.015 -6.12986
0.016 -6.11588
0.017 -6.10189
0.018 -6.0879
0.019 -6.07392
0.02 -6.05993
0.021 -6.04594
0.022 -6.03196
0.023 -6.01798
0.024 -6.00401
0.025 -5.99004
0.026 -5.97607
0.027 -5.96211
0.028 -5.94816
0.029 -5.93422
0.03 -5.92029
0.031 -5.90636
0.032 -5.89245
0.033 -5.87855
0.034 -5.86466
0.035 -5.85079
0.036 -5.83693
0.037 -5.82308
0.038 -5.80925
0.039 -5.79543
0.04 -5.78164
0.041 -5.76786
0.042 -5.7541
0.043 -5.74035
0.044 -5.72663
0.045 -5.71293
0.046 -5.69925
0.047 -5.6856
0.048 -5.67197
0.049 -5.65836
0.05 -5.64477
0.051 -5.63121
0.052 -5.61768
0.053 -5.60418
0.054 -5.5907
0.055 -5.57725
0.056 -5.56383
0.057 -5.55043
0.058 -5.53707
0.059 -5.52374
0.06 -5.51044
0.061 -5.49717
0.062 -5.48394
0.063 -5.47073
0.064 -5.45756
0.065 -5.44443
0.066 -5.43133
0.067 -5.41826
0.068 -5.40523
0.069 -5.39224
0.07 -5.37929
0.071 -5.36637
0.072 -5.35349
0.073 -5.34064
0.074 -5.32784
0.075 -5.31507
0.076 -5.30235
0.077 -5.28966
0.078 -5.27702
0.079 -5.26441
0.08 -5.25185
0.081 -5.23933
0.082 -5.22685
0.083 -5.21441
0.084 -5.20201
0.085 -5.18966
0.086 -5.17734
0.087 -5.16508
0.088 -5.15285
0.089 -5.14067
0.09 -5.12853
0.091 -5.11644
0.092 -5.10439
0.093 -5.09239
0.094 -5.08043
0.095 -5.06851
0.096 -5.05664
0.097 -5.04482
0.098 -5.03304
0.099 -5.02131
0.1 -5.00962
0.101 -4.99798
0.102 -4.98638
0.103 -4.97483
0.104 -4.96332
0.105 -4.95186
0.106 -4.94045
0.107 -4.92908
0.108 -4.91776
0.109 -4.90648
0.11 -4.89525
0.111 -4.88406
0.112 -4.87293
0.113 -4.86183
0.114 -4.85079
0.115 -4.83978
0.116 -4.82883
0.117 -4.81792
0.118 -4.80705
0.119 -4.79624
0.12 -4.78546
0.121 -4.77473
0.122 -4.76405
0.123 -4.75341
0.124 -4.74282
0.125 -4.73227
0.126 -4.72177
0.127 -4.71131
0.128 -4.7009
0.129 -4.69053
0.13 -4.6802
0.131 -4.66992
0.132 -4.65968
0.133 -4.64949
0.134 -4.63934
0.135 -4.62923
0.136 -4.61917
0.137 -4.60914
0.138 -4.59917
0.139 -4.58923
0.14 -4.57934
0.141 -4.56949
0.142 -4.55968
0.143 -4.54991
0.144 -4.54018
0.145 -4.5305
0.146 -4.52086
0.147 -4.51125
0.148 -4.50169
0.149 -4.49217
0.15 -4.48269
0.151 -4.47325
0.152 -4.46385
0.153 -4.45449
0.154 -4.44517
0.155 -4.43589
0.156 -4.42664
0.157 -4.41744
0.158 -4.40827
0.159 -4.39914
0.16 -4.39005
0.161 -4.381
0.162 -4.37198
0.163 -4.36301
0.164 -4.35407
0.165 -4.34516
0.166 -4.33629
0.167 -4.32746
0.168 -4.31867
0.169 -4.30991
0.17 -4.30118
0.171 -4.2925
0.172 -4.28384
0.173 -4.27522
0.174 -4.26664
0.175 -4.25809
0.176 -4.24958
0.177 -4.24109
0.178 -4.23265
0.179 -4.22423
0.18 -4.21585
0.181 -4.2075
0.182 -4.19919
0.183 -4.1909
0.184 -4.18265
0.185 -4.17443
0.186 -4.16625
0.187 -4.15809
0.188 -4.14997
0.189 -4.14187
0.19 -4.13381
0.191 -4.12578
0.192 -4.11778
0.193 -4.10981
0.194 -4.10186
0.195 -4.09395
0.196 -4.08607
0.197 -4.07822
0.198 -4.07039
0.199 -4.0626
0.2 -4.05483
0.201 -4.04709
0.202 -4.03938
0.203 -4.0317
0.204 -4.02404
0.205 -4.01641
0.206 -4.00881
0.207 -4.00124
0.208 -3.99369
0.209 -3.98617
0.21 -3.97868
0.211 -3.97121
0.212 -3.96377
0.213 -3.95635
0.214 -3.94896
0.215 -3.9416
0.216 -3.93426
0.217 -3.92694
0.218 -3.91965
0.219 -3.91239
0.22 -3.90515
0.221 -3.89793
0.222 -3.89074
0.223 -3.88357
0.224 -3.87642
0.225 -3.8693
0.226 -3.8622
0.227 -3.85512
0.228 -3.84807
0.229 -3.84104
0.23 -3.83403
0.231 -3.82704
0.232 -3.82008
0.233 -3.81314
0.234 -3.80622
0.235 -3.79932
0.236 -3.79244
0.237 -3.78558
0.238 -3.77875
0.239 -3.77194
0.24 -3.76514
0.241 -3.75837
0.242 -3.75162
0.243 -3.74488
0.244 -3.73817
0.245 -3.73148
0.246 -3.72481
0.247 -3.71815
0.248 -3.71152
0.249 -3.7049
0.25 -3.69831
0.251 -3.69173
0.252 -3.68518
0.253 -3.67864
0.254 -3.67212
0.255 -3.66562
0.256 -3.65913
0.257 -3.65267
0.258 -3.64622
0.259 -3.63979
0.26 -3.63338
0.261 -3.62698
0.262 -3.62061
0.263 -3.61425
0.264 -3.6079
0.265 -3.60158
0.266 -3.59527
0.267 -3.58898
0.268 -3.5827
0.269 -3.57644
0.27 -3.5702
0.271 -3.56398
0.272 -3.55777
0.273 -3.55157
0.274 -3.54539
0.275 -3.53923
0.276 -3.53309
0.277 -3.52696
0.278 -3.52084
0.279 -3.51474
0.28 -3.50866
0.281 -3.50259
0.282 -3.49653
0.283 -3.4905
0.284 -3.48447
0.285 -3.47846
0.286 -3.47247
0.287 -3.46649
0.288 -3.46052
0.289 -3.45457
0.29 -3.44863
0.291 -3.44271
0.292 -3.4368
0.293 -3.43091
0.294 -3.42503
0.295 -3.41916
0.296 -3.41331
0.297 -3.40747
0.298 -3.40164
0.299 -3.39583
0.3 -3.39003
0.301 -3.38425
0.302 -3.37847
0.303 -3.37271
0.304 -3.36697
0.305 -3.36124
0.306 -3.35552
0.307 -3.34981
0.308 -3.34411
0.309 -3.33843
0.31 -3.33276
0.311 -3.32711
0.312 -3.32146
0.313 -3.31583
0.314 -3.31021
0.315 -3.30461
0.316 -3.29901
0.317 -3.29343
0.318 -3.28786
0.319 -3.2823
0.32 -3.27675
0.321 -3.27122
0.322 -3.2657
0.323 -3.26019
0.324 -3.25469
0.325 -3.2492
0.326 -3.24373
0.327 -3.23826
0.328 -3.23281
0.329 -3.22737
0.33 -3.22194
0.331 -3.21652
0.332 -3.21111
0.333 -3.20571
0.334 -3.20033
0.335 -3.19495
0.336 -3.18959
0.337 -3.18424
0.338 -3.1789
0.339 -3.17357
0.34 -3.16825
0.341 -3.16294
0.342 -3.15764
0.343 -3.15235
0.344 -3.14708
0.345 -3.14181
0.346 -3.13655
0.347 -3.13131
0.348 -3.12607
0.349 -3.12085
0.35 -3.11563
0.351 -3.11043
0.352 -3.10523
0.353 -3.10005
0.354 -3.09488
0.355 -3.08971
0.356 -3.08456
0.357 -3.07941
0.358 -3.07428
0.359 -3.06915
0.36 -3.06404
0.361 -3.05893
0.362 -3.05384
0.363 -3.04875
0.364 -3.04368
0.365 -3.03861
0.366 -3.03355
0.367 -3.0285
0.368 -3.02346
0.369 -3.01843
0.37 -3.01341
0.371 -3.0084
0.372 -3.0034
0.373 -2.99841
0.374 -2.99343
0.375 -2.98845
0.376 -2.98349
0.377 -2.97853
0.378 -2.97358
0.379 -2.96864
0.38 -2.96371
0.381 -2.95879
0.382 -2.95388
0.383 -2.94897
0.384 -2.94408
0.385 -2.93919
0.386 -2.93431
0.387 -2.92944
0.388 -2.92458
0.389 -2.91972
0.39 -2.91488
0.391 -2.91004
0.392 -2.90521
0.393 -2.90039
0.394 -2.89557
0.395 -2.89077
0.396 -2.88597
0.397 -2.88118
0.398 -2.8764
0.399 -2.87163
0.4 -2.86686
0.401 -2.8621
0.402 -2.85735
0.403 -2.85261
0.404 -2.84787
0.405 -2.84314
0.406 -2.83842
0.407 -2.83371
0.408 -2.829
0.409 -2.8243
0.41 -2.81961
0.411 -2.81492
0.412 -2.81024
0.413 -2.80557
0.414 -2.80091
0.415 -2.79625
0.416 -2.7916
0.417 -2.78695
0.418 -2.78232
0.419 -2.77768
0.42 -2.77306
0.421 -2.76844
0.422 -2.76383
0.423 -2.75923
0.424 -2.75463
0.425 -2.75003
0.426 -2.74545
0.427 -2.74087
0.428 -2.73629
0.429 -2.73173
0.43 -2.72716
0.431 -2.72261
0.432 -2.71806
0.433 -2.71351
0.434 -2.70897
0.435 -2.70444
0.436 -2.69991
0.437 -2.69539
0.438 -2.69087
0.439 -2.68636
0.44 -2.68185
0.441 -2.67735
0.442 -2.67286
0.443 -2.66837
0.444 -2.66388
0.445 -2.6594
0.446 -2.65492
0.447 -2.65045
0.448 -2.64599
0.449 -2.64152
0.45 -2.63707
0.451 -2.63261
0.452 -2.62817
0.453 -2.62372
0.454 -2.61928
0.455 -2.61485
0.456 -2.61042
0.457 -2.60599
0.458 -2.60157
0.459 -2.59715
0.46 -2.59273
0.461 -2.58832
0.462 -2.58392
0.463 -2.57951
0.464 -2.57511
0.465 -2.57072
0.466 -2.56632
0.467 -2.56194
0.468 -2.55755
0.469 -2.55317
0.47 -2.54879
0.471 -2.54441
0.472 -2.54004
0.473 -2.53567
0.474 -2.5313
0.475 -2.52694
0.476 -2.52257
0.477 -2.51822
0.478 -2.51386
0.479 -2.50951
0.48 -2.50515
0.481 -2.5008
0.482 -2.49646
0.483 -2.49211
0.484 -2.48777
0.485 -2.48343
0.486 -2.47909
0.487 -2.47476
0.488 -2.47042
0.489 -2.46609
0.49 -2.46176
0.491 -2.45743
0.492 -2.4531
0.493 -2.44877
0.494 -2.44445
0.495 -2.44012
0.496 -2.4358
0.497 -2.43148
0.498 -2.42716
0.499 -2.42284
0.5 -2.41852
0.501 -2.4142
0.502 -2.40988
0.503 -2.40557
0.504 -2.40125
0.505 -2.39694
0.506 -2.39262
0.507 -2.3883
0.508 -2.38399
0.509 -2.37968
0.51 -2.37536
0.511 -2.37105
0.512 -2.36673
0.513 -2.36242
0.514 -2.3581
0.515 -2.35379
0.516 -2.34947
0.517 -2.34515
0.518 -2.34083
0.519 -2.33652
0.52 -2.3322
0.521 -2.32788
0.522 -2.32356
0.523 -2.31924
0.524 -2.31491
0.525 -2.31059
0.526 -2.30626
0.527 -2.30194
0.528 -2.29761
0.529 -2.29328
0.53 -2.28895
0.531 -2.28461
0.532 -2.28028
0.533 -2.27594
0.534 -2.2716
0.535 -2.26726
0.536 -2.26292
0.537 -2.25857
0.538 -2.25422
0.539 -2.24987
0.54 -2.24552
0.541 -2.24116
0.542 -2.2368
0.543 -2.23244
0.544 -2.22808
0.545 -2.22371
0.546 -2.21934
0.547 -2.21496
0.548 -2.21059
0.549 -2.20621
0.55 -2.20182
0.551 -2.19743
0.552 -2.19304
0.553 -2.18865
0.554 -2.18425
0.555 -2.17984
0.556 -2.17544
0.557 -2.17103
0.558 -2.16661
0.559 -2.16219
0.56 -2.15777
0.561 -2.15334
0.562 -2.1489
0.563 -2.14446
0.564 -2.14002
0.565 -2.13557
0.566 -2.13112
0.567 -2.12666
0.568 -2.1222
0.569 -2.11773
0.57 -2.11325
0.571 -2.10877
0.572 -2.10429
0.573 -2.09979
0.574 -2.0953
0.575 -2.09079
0.576 -2.08628
0.577 -2.08177
0.578 -2.07725
0.579 -2.07272
0.58 -2.06818
0.581 -2.06364
0.582 -2.05909
0.583 -2.05454
0.584 -2.04998
0.585 -2.04541
0.586 -2.04083
0.587 -2.03625
0.588 -2.03166
0.589 -2.02706
0.59 -2.02246
0.591 -2.01785
0.592 -2.01322
0.593 -2.0086
0.594 -2.00396
0.595 -1.99932
0.596 -1.99466
0.597 -1.99
0.598 -1.98533
0.599 -1.98066
0.6 -1.97597
0.601 -1.97127
0.602 -1.96657
0.603 -1.96186
0.604 -1.95714
0.605 -1.9524
0.606 -1.94766
0.607 -1.94291
0.608 -1.93816
0.609 -1.93339
0.61 -1.92861
0.611 -1.92382
0.612 -1.91902
0.613 -1.91421
0.614 -1.9094
0.615 -1.90457
0.616 -1.89973
0.617 -1.89488
0.618 -1.89002
0.619 -1.88515
0.62 -1.88027
0.621 -1.87537
0.622 -1.87047
0.623 -1.86555
0.624 -1.86063
0.625 -1.85569
0.626 -1.85074
0.627 -1.84578
0.628 -1.84081
0.629 -1.83582
0.63 -1.83083
0.631 -1.82582
0.632 -1.8208
0.633 -1.81576
0.634 -1.81072
0.635 -1.80566
0.636 -1.80059
0.637 -1.7955
0.638 -1.7904
0.639 -1.78529
0.64 -1.78017
0.641 -1.77503
0.642 -1.76988
0.643 -1.76472
0.644 -1.75954
0.645 -1.75435
0.646 -1.74915
0.647 -1.74393
0.648 -1.73869
0.649 -1.73345
0.65 -1.72818
0.651 -1.72291
0.652 -1.71762
0.653 -1.71231
0.654 -1.70699
0.655 -1.70165
0.656 -1.6963
0.657 -1.69094
0.658 -1.68556
0.659 -1.68016
0.66 -1.67475
0.661 -1.66932
0.662 -1.66388
0.663 -1.65842
0.664 -1.65294
0.665 -1.64745
0.666 -1.64194
0.667 -1.63642
0.668 -1.63087
0.669 -1.62532
0.67 -1.61974
0.671 -1.61415
0.672 -1.60854
0.673 -1.60292
0.674 -1.59728
0.675 -1.59162
0.676 -1.58594
0.677 -1.58025
0.678 -1.57453
0.679 -1.5688
0.68 -1.56306
0.681 -1.55729
0.682 -1.55151
0.683 -1.54571
0.684 -1.53989
0.685 -1.53405
0.686 -1.52819
0.687 -1.52232
0.688 -1.51643
0.689 -1.51051
0.69 -1.50458
0.691 -1.49863
0.692 -1.49267
0.693 -1.48668
0.694 -1.48067
0.695 -1.47465
0.696 -1.4686
0.697 -1.46254
0.698 -1.45645
0.699 -1.45035
0.7 -1.44423
0.701 -1.43809
0.702 -1.43192
0.703 -1.42574
0.704 -1.41954
0.705 -1.41332
0.706 -1.40708
0.707 -1.40082
0.708 -1.39453
0.709 -1.38823
0.71 -1.38191
0.711 -1.37557
0.712 -1.36921
0.713 -1.36282
0.714 -1.35642
0.715 -1.35
0.716 -1.34355
0.717 -1.33709
0.718 -1.3306
0.719 -1.3241
0.72 -1.31757
0.721 -1.31103
0.722 -1.30446
0.723 -1.29787
0.724 -1.29127
0.725 -1.28464
0.726 -1.27799
0.727 -1.27132
0.728 -1.26463
0.729 -1.25792
0.73 -1.25119
0.731 -1.24444
0.732 -1.23767
0.733 -1.23088
0.734 -1.22407
0.735 -1.21724
0.736 -1.21038
0.737 -1.20351
0.738 -1.19662
0.739 -1.18971
0.74 -1.18278
0.741 -1.17583
0.742 -1.16886
0.743 -1.16187
0.744 -1.15486
0.745 -1.14783
0.746 -1.14078
0.747 -1.13371
0.748 -1.12663
0.749 -1.11952
0.75 -1.1124
0.751 -1.10526
0.752 -1.0981
0.753 -1.09092
0.754 -1.08372
0.755 -1.07651
0.756 -1.06928
0.757 -1.06203
0.758 -1.05477
0.759 -1.04748
0.76 -1.04019
0.761 -1.03287
0.762 -1.02554
0.763 -1.01819
0.764 -1.01083
0.765 -1.00345
0.766 -0.99606
0.767 -0.988653
0.768 -0.981231
0.769 -0.973796
0.77 -0.966346
0.771 -0.958883
0.772 -0.951408
0.773 -0.943919
0.774 -0.936419
0.775 -0.928906
0.776 -0.921382
0.777 -0.913847
0.778 -0.906302
0.779 -0.898746
0.78 -0.891181
0.781 -0.883606
0.782 -0.876023
0.783 -0.868431
0.784 -0.860831
0.785 -0.853224
0.786 -0.845611
0.787 -0.837991
0.788 -0.830365
0.789 -0.822735
0.79 -0.815099
0.791 -0.80746
0.792 -0.799817
0.793 -0.792172
0.794 -0.784525
0.795 -0.776876
0.796 -0.769226
0.797 -0.761576
0.798 -0.753926
0.799 -0.746278
0.8 -0.738632
0.801 -0.730988
0.802 -0.723348
0.803 -0.715712
0.804 -0.708081
0.805 -0.700455
0.806 -0.692836
0.807 -0.685224
0.808 -0.67762
0.809 -0.670026
0.81 -0.662441
0.811 -0.654866
0.812 -0.647304
0.813 -0.639753
0.814 -0.632216
0.815 -0.624693
0.816 -0.617186
0.817 -0.609694
0.818 -0.602219
0.819 -0.594763
0.82 -0.587326
0.821 -0.579908
0.822 -0.572512
0.823 -0.565137
0.824 -0.557786
0.825 -0.550459
0.826 -0.543157
0.827 -0.535882
0.828 -0.528633
0.829 -0.521414
0.83 -0.514223
0.831 -0.507064
0.832 -0.499936
0.833 -0.492841
0.834 -0.485781
0.835 -0.478755
0.836 -0.471766
0.837 -0.464815
0.838 -0.457902
0.839 -0.45103
0.84 -0.444199
0.841 -0.43741
0.842 -0.430665
0.843 -0.423965
0.844 -0.417311
0.845 -0.410704
0.846 -0.404146
0.847 -0.397638
0.848 -0.391181
0.849 -0.384777
0.85 -0.378426
0.851 -0.37213
0.852 -0.365891
0.853 -0.359709
0.854 -0.353586
0.855 -0.347524
0.856 -0.341522
0.857 -0.335584
0.858 -0.32971
0.859 -0.323901
0.86 -0.318159
0.861 -0.312485
0.862 -0.30688
0.863 -0.301346
0.864 -0.295883
0.865 -0.290494
0.866 -0.28518
0.867 -0.279941
0.868 -0.27478
0.869 -0.269696
0.87 -0.264693
0.871 -0.25977
0.872 -0.25493
0.873 -0.250173
0.874 -0.245501
0.875 -0.240915
0.876 -0.236417
0.877 -0.232006
0.878 -0.227686
0.879 -0.223456
0.88 -0.219319
0.881 -0.215275
0.882 -0.211325
0.883 -0.207471
0.884 -0.203714
0.885 -0.200055
0.886 -0.196495
0.887 -0.193036
0.888 -0.189677
0.889 -0.186422
0.89 -0.18327
0.891 -0.180222
0.892 -0.17728
0.893 -0.174445
0.894 -0.171718
0.895 -0.169099
0.896 -0.16659
0.897 -0.164191
0.898 -0.161905
0.899 -0.15973
0.9 -0.157669
0.901 -0.155723
0.902 -0.153891
0.903 -0.152176
0.904 -0.150577
0.905 -0.149096
0.906 -0.147734
0.907 -0.14649
0.908 -0.145367
0.909 -0.144364
0.91 -0.143482
0.911 -0.142722
0.912 -0.142085
0.913 -0.141571
0.914 -0.14118
0.915 -0.140914
0.916 -0.140773
0.917 -0.140757
0.918 -0.140867
0.919 -0.141104
0.92 -0.141467
0.921 -0.141957
0.922 -0.142575
0.923 -0.14332
0.924 -0.144194
0.925 -0.145196
0.926 -0.146328
0.927 -0.147588
0.928 -0.148977
0.929 -0.150496
0.93 -0.152144
0.931 -0.153923
0.932 -0.155831
0.933 -0.157868
0.934 -0.160036
0.935 -0.162334
0.936 -0.164762
0.937 -0.16732
0.938 -0.170008
0.939 -0.172826
0.94 -0.175773
0.941 -0.17885
0.942 -0.182056
0.943 -0.185392
0.944 -0.188856
0.945 -0.19245
0.946 -0.196171
0.947 -0.200021
0.948 -0.203999
0.949 -0.208104
0.95 -0.212336
0.951 -0.216695
0.952 -0.22118
0.953 -0.225791
0.954 -0.230527
0.955 -0.235388
0.956 -0.240373
0.957 -0.245482
0.958 -0.250714
0.959 -0.256068
0.96 -0.261544
0.961 -0.267141
0.962 -0.272858
0.963 -0.278696
0.964 -0.284652
0.965 -0.290726
0.966 -0.296918
0.967 -0.303227
0.968 -0.309651
0.969 -0.31619
0.97 -0.322843
0.971 -0.32961
0.972 -0.336488
0.973 -0.343478
0.974 -0.350579
0.975 -0.357789
0.976 -0.365107
0.977 -0.372532
0.978 -0.380064
0.979 -0.387702
0.98 -0.395443
0.981 -0.403288
0.982 -0.411234
0.983 -0.419282
0.984 -0.427429
0.985 -0.435676
0.986 -0.444019
0.987 -0.452459
0.988 -0.460994
0.989 -0.469623
0.99 -0.478344
0.991 -0.487157
0.992 -0.49606
0.993 -0.505053
0.994 -0.514132
0.995 -0.523298
0.996 -0.53255
0.997 -0.541885
0.998 -0.551302
0.999 -0.560801
1 -0.57038
1.001 -10
