0 -10
0.001 -5.76548
0.002 -5.75513
0.003 -5.74478
0.004 -5.73442
0.005 -5.72406
0.006 -5.71369
0.007 -5.70332
0.008 -5.69295
0.009 -5.68258
0.01 -5.6722
0.011 -5.66182
0.012 -5.65144
0.013 -5.64106
0.014 -5.63068
0.015 -5.62029
0.016 -5.6099
0.017 -5.59952
0.018 -5.58913
0.019 -5.57874
0.02 -5.56835
0.021 -5.55797
0.022 -5.54758
0.023 -5.5372
0.024 -5.52681
0.025 -5.51643
0.026 -5.50605
0.027 -5.49567
0.028 -5.48529
0.029 -5.47492
0.03 -5.46454
0.031 -5.45417
0.032 -5.44381
0.033 -5.43345
0.034 -5.42309
0.035 -5.41274
0.036 -5.40239
0.037 -5.39204
0.038 -5.3817
0.039 -5.37137
0.04 -5.36104
0.041 -5.35072
0.042 -5.3404
0.043 -5.33009
0.044 -5.31978
0.045 -5.30949
0.046 -5.2992
0.047 -5.28891
0.048 -5.27864
0.049 -5.26837
0.05 -5.25811
0.051 -5.24786
0.052 -5.23762
0.053 -5.22738
0.054 -5.21716
0.055 -5.20694
0.056 -5.19674
0.057 -5.18654
0.058 -5.17636
0.059 -5.16618
0.06 -5.15602
0.061 -5.14586
0.062 -5.13572
0.063 -5.12559
0.064 -5.11547
0.065 -5.10536
0.066 -5.09526
0.067 -5.08518
0.068 -5.07511
0.069 -5.06505
0.07 -5.055
0.071 -5.04497
0.072 -5.03495
0.073 -5.02494
0.074 -5.01494
0.075 -5.00496
0.076 -4.995
0.077 -4.98504
0.078 -4.97511
0.079 -4.96518
0.08 -4.95527
0.081 -4.94538
0.082 -4.9355
0.083 -4.92564
0.084 -4.91579
0.085 -4.90596
0.086 -4.89614
0.087 -4.88634
0.088 -4.87655
0.089 -4.86678
0.09 -4.85703
0.091 -4.84729
0.092 -4.83757
0.093 -4.82786
0.094 -4.81818
0.095 -4.80851
0.096 -4.79885
0.097 -4.78922
0.098 -4.7796
0.099 -4.77
0.1 -4.76041
0.101 -4.75084
0.102 -4.74129
0.103 -4.73176
0.104 -4.72225
0.105 -4.71275
0.106 -4.70328
0.107 -4.69382
0.108 -4.68437
0.109 -4.67495
0.11 -4.66554
0.111 -4.65616
0.112 -4.64679
0.113 -4.63744
0.114 -4.62811
0.115 -4.6188
0.116 -4.6095
0.117 -4.60023
0.118 -4.59097
0.119 -4.58173
0.12 -4.57251
0.121 -4.56331
0.122 -4.55413
0.123 -4.54497
0.124 -4.53583
0.125 -4.5267
0.126 -4.5176
0.127 -4.50851
0.128 -4.49944
0.129 -4.4904
0.13 -4.48137
0.131 -4.47236
0.132 -4.46337
0.133 -4.4544
0.134 -4.44545
0.135 -4.43651
0.136 -4.4276
0.137 -4.4187
0.138 -4.40983
0.139 -4.40097
0.14 -4.39214
0.141 -4.38332
0.142 -4.37452
0.143 -4.36574
0.144 -4.35698
0.145 -4.34824
0.146 -4.33951
0.147 -4.33081
0.148 -4.32213
0.149 -4.31346
0.15 -4.30481
0.151 -4.29619
0.152 -4.28758
0.153 -4.27899
0.154 -4.27042
0.155 -4.26186
0.156 -4.25333
0.157 -4.24481
0.158 -4.23632
0.159 -4.22784
0.16 -4.21938
0.161 -4.21094
0.162 -4.20252
0.163 -4.19411
0.164 -4.18573
0.165 -4.17736
0.166 -4.16901
0.167 -4.16068
0.168 -4.15237
0.169 -4.14407
0.17 -4.1358
0.171 -4.12754
0.172 -4.1193
0.173 -4.11108
0.174 -4.10287
0.175 -4.09468
0.176 -4.08651
0.177 -4.07836
0.178 -4.07023
0.179 -4.06211
0.18 -4.05401
0.181 -4.04593
0.182 -4.03786
0.183 -4.02981
0.184 -4.02178
0.185 -4.01377
0.186 -4.00577
0.187 -3.99779
0.188 -3.98983
0.189 -3.98188
0.19 -3.97395
0.191 -3.96604
0.192 -3.95814
0.193 -3.95026
0.194 -3.9424
0.195 -3.93455
0.196 -3.92672
0.197 -3.91891
0.198 -3.91111
0.199 -3.90333
0.2 -3.89556
0.201 -3.88781
0.202 -3.88007
0.203 -3.87235
0.204 -3.86465
0.205 -3.85696
0.206 -3.84928
0.207 -3.84163
0.208 -3.83398
0.209 -3.82636
0.21 -3.81874
0.211 -3.81115
0.212 -3.80356
0.213 -3.79599
0.214 -3.78844
0.215 -3.7809
0.216 -3.77338
0.217 -3.76587
0.218 -3.75837
0.219 -3.75089
0.22 -3.74343
0.221 -3.73598
0.222 -3.72854
0.223 -3.72111
0.224 -3.7137
0.225 -3.70631
0.226 -3.69892
0.227 -3.69156
0.228 -3.6842
0.229 -3.67686
0.23 -3.66953
0.231 -3.66222
0.232 -3.65491
0.233 -3.64763
0.234 -3.64035
0.235 -3.63309
0.236 -3.62584
0.237 -3.6186
0.238 -3.61138
0.239 -3.60417
0.24 -3.59697
0.241 -3.58979
0.242 -3.58261
0.243 -3.57545
0.244 -3.5683
0.245 -3.56117
0.246 -3.55405
0.247 -3.54693
0.248 -3.53984
0.249 -3.53275
0.25 -3.52567
0.251 -3.51861
0.252 -3.51156
0.253 -3.50452
0.254 -3.49749
0.255 -3.49048
0.256 -3.48347
0.257 -3.47648
0.258 -3.4695
0.259 -3.46253
0.26 -3.45557
0.261 -3.44862
0.262 -3.44169
0.263 -3.43476
0.264 -3.42785
0.265 -3.42095
0.266 -3.41406
0.267 -3.40718
0.268 -3.40031
0.269 -3.39345
0.27 -3.3866
0.271 -3.37976
0.272 -3.37294
0.273 -3.36612
0.274 -3.35932
0.275 -3.35253
0.276 -3.34574
0.277 -3.33897
0.278 -3.33221
0.279 -3.32546
0.28 -3.31871
0.281 -3.31198
0.282 -3.30526
0.283 -3.29855
0.284 -3.29185
0.285 -3.28516
0.286 -3.27848
0.287 -3.27182
0.288 -3.26516
0.289 -3.25851
0.29 -3.25187
0.291 -3.24524
0.292 -3.23862
0.293 -3.23202
0.294 -3.22542
0.295 -3.21883
0.296 -3.21225
0.297 -3.20568
0.298 -3.19912
0.299 -3.19258
0.3 -3.18604
0.301 -3.17951
0.302 -3.17299
0.303 -3.16648
0.304 -3.15998
0.305 -3.15349
0.306 -3.14702
0.307 -3.14055
0.308 -3.13409
0.309 -3.12764
0.31 -3.1212
0.311 -3.11477
0.312 -3.10835
0.313 -3.10193
0.314 -3.09553
0.315 -3.08914
0.316 -3.08276
0.317 -3.07639
0.318 -3.07003
0.319 -3.06368
0.32 -3.05733
0.321 -3.051
0.322 -3.04468
0.323 -3.03836
0.324 -3.03206
0.325 -3.02576
0.326 -3.01948
0.327 -3.01321
0.328 -3.00694
0.329 -3.00068
0.33 -2.99444
0.331 -2.9882
0.332 -2.98198
0.333 -2.97576
0.334 -2.96955
0.335 -2.96335
0.336 -2.95717
0.337 -2.95099
0.338 -2.94482
0.339 -2.93866
0.34 -2.93251
0.341 -2.92637
0.342 -2.92024
0.343 -2.91412
0.344 -2.90801
0.345 -2.90191
0.346 -2.89582
0.347 -2.88974
0.348 -2.88366
0.349 -2.8776
0.35 -2.87155
0.351 -2.8655
0.352 -2.85947
0.353 -2.85345
0.354 -2.84743
0.355 -2.84143
0.356 -2.83543
0.357 -2.82944
0.358 -2.82347
0.359 -2.8175
0.36 -2.81154
0.361 -2.80559
0.362 -2.79965
0.363 -2.79373
0.364 -2.78781
0.365 -2.7819
0.366 -2.77599
0.367 -2.7701
0.368 -2.76422
0.369 -2.75835
0.37 -2.75249
0.371 -2.74663
0.372 -2.74079
0.373 -2.73495
0.374 -2.72913
0.375 -2.72331
0.376 -2.7175
0.377 -2.7117
0.378 -2.70591
0.379 -2.70013
0.38 -2.69436
0.381 -2.6886
0.382 -2.68285
0.383 -2.67711
0.384 -2.67137
0.385 -2.66565
0.386 -2.65993
0.387 -2.65422
0.388 -2.64852
0.389 -2.64283
0.39 -2.63715
0.391 -2.63148
0.392 -2.62582
0.393 -2.62016
0.394 -2.61452
0.395 -2.60888
0.396 -2.60325
0.397 -2.59763
0.398 -2.59202
0.399 -2.58641
0.4 -2.58082
0.401 -2.57523
0.402 -2.56965
0.403 -2.56408
0.404 -2.55852
0.405 -2.55297
0.406 -2.54742
0.407 -2.54188
0.408 -2.53635
0.409 -2.53083
0.41 -2.52532
0.411 -2.51981
0.412 -2.51431
0.413 -2.50882
0.414 -2.50334
0.415 -2.49786
0.416 -2.49239
0.417 -2.48693
0.418 -2.48148
0.419 -2.47603
0.42 -2.47059
0.421 -2.46516
0.422 -2.45973
0.423 -2.45432
0.424 -2.4489
0.425 -2.4435
0.426 -2.4381
0.427 -2.43271
0.428 -2.42733
0.429 -2.42195
0.43 -2.41658
0.431 -2.41121
0.432 -2.40585
0.433 -2.4005
0.434 -2.39515
0.435 -2.38981
0.436 -2.38448
0.437 -2.37915
0.438 -2.37383
0.439 -2.36851
0.44 -2.36319
0.441 -2.35789
0.442 -2.35259
0.443 -2.34729
0.444 -2.342
0.445 -2.33671
0.446 -2.33143
0.447 -2.32616
0.448 -2.32088
0.449 -2.31562
0.45 -2.31035
0.451 -2.3051
0.452 -2.29984
0.453 -2.29459
0.454 -2.28935
0.455 -2.2841
0.456 -2.27887
0.457 -2.27363
0.458 -2.2684
0.459 -2.26318
0.46 -2.25795
0.461 -2.25273
0.462 -2.24752
0.463 -2.2423
0.464 -2.23709
0.465 -2.23188
0.466 -2.22668
0.467 -2.22147
0.468 -2.21627
0.469 -2.21108
0.47 -2.20588
0.471 -2.20069
0.472 -2.19549
0.473 -2.1903
0.474 -2.18512
0.475 -2.17993
0.476 -2.17474
0.477 -2.16956
0.478 -2.16438
0.479 -2.1592
0.48 -2.15402
0.481 -2.14884
0.482 -2.14366
0.483 -2.13848
0.484 -2.1333
0.485 -2.12812
0.486 -2.12294
0.487 -2.11776
0.488 -2.11258
0.489 -2.10741
0.49 -2.10223
0.491 -2.09705
0.492 -2.09186
0.493 -2.08668
0.494 -2.0815
0.495 -2.07632
0.496 -2.07113
0.497 -2.06594
0.498 -2.06075
0.499 -2.05556
0.5 -2.05037
0.501 -2.04518
0.502 -2.03998
0.503 -2.03478
0.504 -2.02958
0.505 -2.02437
0.506 -2.01917
0.507 -2.01396
0.508 -2.00874
0.509 -2.00353
0.51 -1.9983
0.511 -1.99308
0.512 -1.98785
0.513 -1.98262
0.514 -1.97738
0.515 -1.97214
0.516 -1.9669
0.517 -1.96165
0.518 -1.95639
0.519 -1.95113
0.52 -1.94587
0.521 -1.9406
0.522 -1.93532
0.523 -1.93004
0.524 -1.92475
0.525 -1.91946
0.526 -1.91416
0.527 -1.90885
0.528 -1.90354
0.529 -1.89822
0.53 -1.89289
0.531 -1.88756
0.532 -1.88222
0.533 -1.87687
0.534 -1.87152
0.535 -1.86615
0.536 -1.86078
0.537 -1.8554
0.538 -1.85001
0.539 -1.84462
0.54 -1.83921
0.541 -1.8338
0.542 -1.82838
0.543 -1.82294
0.544 -1.8175
0.545 -1.81205
0.546 -1.80659
0.547 -1.80112
0.548 -1.79564
0.549 -1.79015
0.55 -1.78464
0.551 -1.77913
0.552 -1.77361
0.553 -1.76807
0.554 -1.76253
0.555 -1.75697
0.556 -1.7514
0.557 -1.74582
0.558 -1.74023
0.559 -1.73462
0.56 -1.72901
0.561 -1.72338
0.562 -1.71774
0.563 -1.71208
0.564 -1.70641
0.565 -1.70073
0.566 -1.69503
0.567 -1.68932
0.568 -1.6836
0.569 -1.67786
0.57 -1.67211
0.571 -1.66635
0.572 -1.66057
0.573 -1.65477
0.574 -1.64896
0.575 -1.64314
0.576 -1.63729
0.577 -1.63144
0.578 -1.62556
0.579 -1.61968
0.58 -1.61377
0.581 -1.60785
0.582 -1.60191
0.583 -1.59596
0.584 -1.58999
0.585 -1.584
0.586 -1.57799
0.587 -1.57197
0.588 -1.56593
0.589 -1.55987
0.59 -1.5538
0.591 -1.5477
0.592 -1.54159
0.593 -1.53546
0.594 -1.52931
0.595 -1.52314
0.596 -1.51695
0.597 -1.51075
0.598 -1.50452
0.599 -1.49827
0.6 -1.49201
0.601 -1.48572
0.602 -1.47942
0.603 -1.47309
0.604 -1.46675
0.605 -1.46038
0.606 -1.454
0.607 -1.44759
0.608 -1.44116
0.609 -1.43471
0.61 -1.42824
0.611 -1.42175
0.612 -1.41523
0.613 -1.4087
0.614 -1.40214
0.615 -1.39557
0.616 -1.38897
0.617 -1.38234
0.618 -1.3757
0.619 -1.36903
0.62 -1.36234
0.621 -1.35563
0.622 -1.3489
0.623 -1.34214
0.624 -1.33536
0.625 -1.32856
0.626 -1.32173
0.627 -1.31489
0.628 -1.30802
0.629 -1.30112
0.63 -1.2942
0.631 -1.28726
0.632 -1.2803
0.633 -1.27331
0.634 -1.2663
0.635 -1.25927
0.636 -1.25222
0.637 -1.24514
0.638 -1.23803
0.639 -1.23091
0.64 -1.22376
0.641 -1.21659
0.642 -1.20939
0.643 -1.20217
0.644 -1.19493
0.645 -1.18766
0.646 -1.18038
0.647 -1.17307
0.648 -1.16573
0.649 -1.15838
0.65 -1.151
0.651 -1.1436
0.652 -1.13618
0.653 -1.12873
0.654 -1.12126
0.655 -1.11377
0.656 -1.10626
0.657 -1.09873
0.658 -1.09118
0.659 -1.08361
0.66 -1.07601
0.661 -1.0684
0.662 -1.06076
0.663 -1.05311
0.664 -1.04543
0.665 -1.03774
0.666 -1.03002
0.667 -1.02229
0.668 -1.01454
0.669 -1.00677
0.67 -0.998987
0.671 -0.991183
0.672 -0.983364
0.673 -0.975527
0.674 -0.967675
0.675 -0.959808
0.676 -0.951925
0.677 -0.944029
0.678 -0.936118
0.679 -0.928194
0.68 -0.920257
0.681 -0.912308
0.682 -0.904347
0.683 -0.896375
0.684 -0.888393
0.685 -0.880401
0.686 -0.872401
0.687 -0.864392
0.688 -0.856375
0.689 -0.848351
0.69 -0.840322
0.691 -0.832287
0.692 -0.824248
0.693 -0.816205
0.694 -0.80816
0.695 -0.800112
0.696 -0.792064
0.697 -0.784016
0.698 -0.775968
0.699 -0.767923
0.7 -0.75988
0.701 -0.751841
0.702 -0.743807
0.703 -0.73578
0.704 -0.727759
0.705 -0.719747
0.706 -0.711744
0.707 -0.703752
0.708 -0.695771
0.709 -0.687804
0.71 -0.679851
0.711 -0.671913
0.712 -0.663992
0.713 -0.65609
0.714 -0.648206
0.715 -0.640344
0.716 -0.632504
0.717 -0.624687
0.718 -0.616896
0.719 -0.609131
0.72 -0.601394
0.721 -0.593687
0.722 -0.586011
0.723 -0.578367
0.724 -0.570758
0.725 -0.563184
0.726 -0.555648
0.727 -0.548151
0.728 -0.540694
0.729 -0.53328
0.73 -0.52591
0.731 -0.518586
0.732 -0.51131
0.733 -0.504083
0.734 -0.496907
0.735 -0.489783
0.736 -0.482715
0.737 -0.475703
0.738 -0.468749
0.739 -0.461856
0.74 -0.455025
0.741 -0.448257
0.742 -0.441556
0.743 -0.434922
0.744 -0.428358
0.745 -0.421866
0.746 -0.415447
0.747 -0.409103
0.748 -0.402837
0.749 -0.396651
0.75 -0.390545
0.751 -0.384524
0.752 -0.378587
0.753 -0.372738
0.754 -0.366978
0.755 -0.361309
0.756 -0.355733
0.757 -0.350252
0.758 -0.344869
0.759 -0.339584
0.76 -0.334401
0.761 -0.329321
0.762 -0.324345
0.763 -0.319477
0.764 -0.314717
0.765 -0.310068
0.766 -0.305531
0.767 -0.301109
0.768 -0.296804
0.769 -0.292617
0.77 -0.288549
0.771 -0.284604
0.772 -0.280783
0.773 -0.277087
0.774 -0.273518
0.775 -0.270078
0.776 -0.266769
0.777 -0.263592
0.778 -0.26055
0.779 -0.257643
0.78 -0.254874
0.781 -0.252244
0.782 -0.249754
0.783 -0.247406
0.784 -0.245202
0.785 -0.243143
0.786 -0.24123
0.787 -0.239465
0.788 -0.237849
0.789 -0.236384
0.79 -0.23507
0.791 -0.23391
0.792 -0.232904
0.793 -0.232053
0.794 -0.231358
0.795 -0.230821
0.796 -0.230443
0.797 -0.230225
0.798 -0.230167
0.799 -0.23027
0.8 -0.230536
0.801 -0.230965
0.802 -0.231558
0.803 -0.232315
0.804 -0.233238
0.805 -0.234326
0.806 -0.235581
0.807 -0.237003
0.808 -0.238593
0.809 -0.24035
0.81 -0.242276
0.811 -0.24437
0.812 -0.246633
0.813 -0.249065
0.814 -0.251667
0.815 -0.254438
0.816 -0.257378
0.817 -0.260487
0.818 -0.263766
0.819 -0.267215
0.82 -0.270832
0.821 -0.274618
0.822 -0.278574
0.823 -0.282697
0.824 -0.286989
0.825 -0.291448
0.826 -0.296074
0.827 -0.300867
0.828 -0.305827
0.829 -0.310952
0.83 -0.316241
0.831 -0.321695
0.832 -0.327313
0.833 -0.333092
0.834 -0.339034
0.835 -0.345137
0.836 -0.351399
0.837 -0.357821
0.838 -0.3644
0.839 -0.371136
0.84 -0.378028
0.841 -0.385075
0.842 -0.392274
0.843 -0.399626
0.844 -0.407129
0.845 -0.41478
0.846 -0.42258
0.847 -0.430527
0.848 -0.438618
0.849 -0.446853
0.85 -0.455231
0.851 -0.463748
0.852 -0.472405
0.853 -0.481199
0.854 -0.490128
0.855 -0.499192
0.856 -0.508387
0.857 -0.517713
0.858 -0.527167
0.859 -0.536748
0.86 -0.546454
0.861 -0.556283
0.862 -0.566233
0.863 -0.576302
0.864 -0.586488
0.865 -0.596789
0.866 -0.607204
0.867 -0.61773
0.868 -0.628364
0.869 -0.639106
0.87 -0.649953
0.871 -0.660903
0.872 -0.671954
0.873 -0.683103
0.874 -0.694349
0.875 -0.705689
0.876 -0.717122
0.877 -0.728644
0.878 -0.740255
0.879 -0.751951
0.88 -0.763731
0.881 -0.775593
0.882 -0.787533
0.883 -0.799551
0.884 -0.811644
0.885 -0.823809
0.886 -0.836044
0.887 -0.848348
0.888 -0.860718
0.889 -0.873152
0.89 -0.885648
0.891 -0.898203
0.892 -0.910816
0.893 -0.923484
0.894 -0.936205
0.895 -0.948977
0.896 -0.961798
0.897 -0.974666
0.898 -0.987579
0.899 -1.00053
0.9 -1.01353
0.901 -1.02656
0.902 -1.03963
0.903 -1.05274
0.904 -1.06587
0.905 -1.07904
0.906 -1.09224
0.907 -1.10546
0.908 -1.11871
0.909 -1.13197
0.91 -1.14526
0.911 -1.15857
0.912 -1.1719
0.913 -1.18524
0.914 -1.19859
0.915 -1.21196
0.916 -1.22533
0.917 -1.23871
0.918 -1.2521
0.919 -1.26549
0.92 -1.27889
0.921 -1.29229
0.922 -1.30568
0.923 -1.31908
0.924 -1.33247
0.925 -1.34585
0.926 -1.35923
0.927 -1.3726
0.928 -1.38597
0.929 -1.39932
0.93 -1.41265
0.931 -1.42598
0.932 -1.43929
0.933 -1.45258
0.934 -1.46585
0.935 -1.47911
0.936 -1.49234
0.937 -1.50555
0.938 -1.51874
0.939 -1.53191
0.94 -1.54505
0.941 -1.55816
0.942 -1.57125
0.943 -1.58431
0.944 -1.59734
0.945 -1.61033
0.946 -1.6233
0.947 -1.63623
0.948 -1.64913
0.949 -1.662
0.95 -1.67483
0.951 -1.68763
0.952 -1.70038
0.953 -1.7131
0.954 -1.72578
0.955 -1.73843
0.956 -1.75103
0.957 -1.76359
0.958 -1.77611
0.959 -1.78859
0.96 -1.80102
0.961 -1.81341
0.962 -1.82576
0.963 -1.83806
0.964 -1.85032
0.965 -1.86253
0.966 -1.87469
0.967 -1.88681
0.968 -1.89888
0.969 -1.91091
0.97 -1.92288
0.971 -1.93481
0.972 -1.94669
0.973 -1.95852
0.974 -1.97029
0.975 -1.98202
0.976 -1.9937
0.977 -2.00533
0.978 -2.0169
0.979 -2.02843
0.98 -2.0399
0.981 -2.05133
0.982 -2.0627
0.983 -2.07401
0.984 -2.08528
0.985 -2.09649
0.986 -2.10765
0.987 -2.11876
0.988 -2.12981
0.989 -2.14081
0.99 -2.15176
0.991 -2.16266
0.992 -2.1735
0.993 -2.18428
0.994 -2.19502
0.995 -2.2057
0.996 -2.21632
0.997 -2.2269
0.998 -2.23742
0.999 -2.24788
1 -2.25829
1.001 -10
