0 0
0.001 0.530127
0.002 0.534789
0.003 0.539451
0.004 0.544113
0.005 0.548775
0.006 0.553437
0.007 0.558099
0.008 0.562761
0.009 0.567422
0.01 0.572083
0.011 0.576742
0.012 0.581401
0.013 0.586059
0.014 0.590716
0.015 0.595372
0.016 0.600026
0.017 0.604678
0.018 0.609329
0.019 0.613978
0.02 0.618625
0.021 0.62327
0.022 0.627913
0.023 0.632553
0.024 0.637191
0.025 0.641826
0.026 0.646458
0.027 0.651087
0.028 0.655714
0.029 0.660337
0.03 0.664957
0.031 0.669573
0.032 0.674186
0.033 0.678795
0.034 0.6834
0.035 0.688001
0.036 0.692598
0.037 0.69719
0.038 0.701779
0.039 0.706363
0.04 0.710942
0.041 0.715516
0.042 0.720086
0.043 0.72465
0.044 0.72921
0.045 0.733764
0.046 0.738313
0.047 0.742856
0.048 0.747394
0.049 0.751926
0.05 0.756452
0.051 0.760972
0.052 0.765487
0.053 0.769995
0.054 0.774496
0.055 0.778992
0.056 0.783481
0.057 0.787963
0.058 0.792439
0.059 0.796908
0.06 0.80137
0.061 0.805826
0.062 0.810274
0.063 0.814715
0.064 0.819149
0.065 0.823575
0.066 0.827994
0.067 0.832406
0.068 0.83681
0.069 0.841207
0.07 0.845596
0.071 0.849977
0.072 0.85435
0.073 0.858715
0.074 0.863073
0.075 0.867422
0.076 0.871763
0.077 0.876096
0.078 0.880421
0.079 0.884738
0.08 0.889046
0.081 0.893346
0.082 0.897638
0.083 0.901921
0.084 0.906196
0.085 0.910462
0.086 0.914719
0.087 0.918968
0.088 0.923208
0.089 0.92744
0.09 0.931663
0.091 0.935877
0.092 0.940083
0.093 0.944279
0.094 0.948467
0.095 0.952646
0.096 0.956817
0.097 0.960978
0.098 0.965131
0.099 0.969275
0.1 0.97341
0.101 0.977536
0.102 0.981653
0.103 0.985762
0.104 0.989861
0.105 0.993952
0.106 0.998034
0.107 1.00211
0.108 1.00617
0.109 1.01023
0.11 1.01427
0.111 1.01831
0.112 1.02234
0.113 1.02636
0.114 1.03037
0.115 1.03438
0.116 1.03837
0.117 1.04236
0.118 1.04634
0.119 1.05031
0.12 1.05427
0.121 1.05822
0.122 1.06216
0.123 1.0661
0.124 1.07002
0.125 1.07394
0.126 1.07785
0.127 1.08176
0.128 1.08565
0.129 1.08954
0.13 1.09342
0.131 1.09729
0.132 1.10115
0.133 1.105
0.134 1.10885
0.135 1.11269
0.136 1.11652
0.137 1.12034
0.138 1.12416
0.139 1.12797
0.14 1.13177
0.141 1.13557
0.142 1.13935
0.143 1.14313
0.144 1.14691
0.145 1.15067
0.146 1.15443
0.147 1.15818
0.148 1.16193
0.149 1.16567
0.15 1.1694
0.151 1.17312
0.152 1.17684
0.153 1.18055
0.154 1.18426
0.155 1.18796
0.156 1.19165
0.157 1.19534
0.158 1.19902
0.159 1.20269
0.16 1.20636
0.161 1.21003
0.162 1.21369
0.163 1.21734
0.164 1.22099
0.165 1.22463
0.166 1.22826
0.167 1.23189
0.168 1.23552
0.169 1.23914
0.17 1.24276
0.171 1.24637
0.172 1.24997
0.173 1.25358
0.174 1.25717
0.175 1.26077
0.176 1.26435
0.177 1.26794
0.178 1.27152
0.179 1.27509
0.18 1.27866
0.181 1.28223
0.182 1.28579
0.183 1.28935
0.184 1.29291
0.185 1.29646
0.186 1.30001
0.187 1.30356
0.188 1.3071
0.189 1.31064
0.19 1.31418
0.191 1.31771
0.192 1.32124
0.193 1.32477
0.194 1.32829
0.195 1.33181
0.196 1.33533
0.197 1.33885
0.198 1.34236
0.199 1.34588
0.2 1.34939
0.201 1.3529
0.202 1.3564
0.203 1.35991
0.204 1.36341
0.205 1.36691
0.206 1.37041
0.207 1.37391
0.208 1.3774
0.209 1.3809
0.21 1.38439
0.211 1.38789
0.212 1.39138
0.213 1.39487
0.214 1.39836
0.215 1.40185
0.216 1.40534
0.217 1.40882
0.218 1.41231
0.219 1.4158
0.22 1.41929
0.221 1.42277
0.222 1.42626
0.223 1.42975
0.224 1.43323
0.225 1.43672
0.226 1.44021
0.227 1.44369
0.228 1.44718
0.229 1.45067
0.23 1.45416
0.231 1.45765
0.232 1.46114
0.233 1.46463
0.234 1.46812
0.235 1.47161
0.236 1.47511
0.237 1.4786
0.238 1.4821
0.239 1.4856
0.24 1.4891
0.241 1.4926
0.242 1.4961
0.243 1.4996
0.244 1.50311
0.245 1.50662
0.246 1.51013
0.247 1.51364
0.248 1.51715
0.249 1.52067
0.25 1.52419
0.251 1.52771
0.252 1.53123
0.253 1.53475
0.254 1.53828
0.255 1.54181
0.256 1.54535
0.257 1.54888
0.258 1.55242
0.259 1.55596
0.26 1.55951
0.261 1.56305
0.262 1.5666
0.263 1.57016
0.264 1.57372
0.265 1.57728
0.266 1.58084
0.267 1.58441
0.268 1.58798
0.269 1.59155
0.27 1.59513
0.271 1.59872
0.272 1.6023
0.273 1.60589
0.274 1.60949
0.275 1.61308
0.276 1.61669
0.277 1.62029
0.278 1.6239
0.279 1.62752
0.28 1.63114
0.281 1.63476
0.282 1.63839
0.283 1.64202
0.284 1.64566
0.285 1.6493
0.286 1.65294
0.287 1.65659
0.288 1.66025
0.289 1.66391
0.29 1.66758
0.291 1.67125
0.292 1.67492
0.293 1.6786
0.294 1.68229
0.295 1.68598
0.296 1.68967
0.297 1.69337
0.298 1.69708
0.299 1.70079
0.3 1.70451
0.301 1.70823
0.302 1.71196
0.303 1.71569
0.304 1.71943
0.305 1.72318
0.306 1.72693
0.307 1.73068
0.308 1.73445
0.309 1.73821
0.31 1.74199
0.311 1.74577
0.312 1.74955
0.313 1.75334
0.314 1.75714
0.315 1.76094
0.316 1.76475
0.317 1.76857
0.318 1.77239
0.319 1.77622
0.32 1.78005
0.321 1.78389
0.322 1.78774
0.323 1.79159
0.324 1.79545
0.325 1.79932
0.326 1.80319
0.327 1.80707
0.328 1.81096
0.329 1.81485
0.33 1.81875
0.331 1.82265
0.332 1.82656
0.333 1.83048
0.334 1.83441
0.335 1.83834
0.336 1.84228
0.337 1.84622
0.338 1.85017
0.339 1.85413
0.34 1.8581
0.341 1.86207
0.342 1.86605
0.343 1.87004
0.344 1.87403
0.345 1.87803
0.346 1.88204
0.347 1.88605
0.348 1.89007
0.349 1.8941
0.35 1.89814
0.351 1.90218
0.352 1.90623
0.353 1.91029
0.354 1.91436
0.355 1.91843
0.356 1.92251
0.357 1.9266
0.358 1.93069
0.359 1.93479
0.36 1.9389
0.361 1.94302
0.362 1.94714
0.363 1.95127
0.364 1.95541
0.365 1.95956
0.366 1.96371
0.367 1.96788
0.368 1.97205
0.369 1.97622
0.37 1.98041
0.371 1.9846
0.372 1.9888
0.373 1.99301
0.374 1.99723
0.375 2.00145
0.376 2.00568
0.377 2.00992
0.378 2.01417
0.379 2.01843
0.38 2.02269
0.381 2.02697
0.382 2.03125
0.383 2.03554
0.384 2.03983
0.385 2.04414
0.386 2.04845
0.387 2.05277
0.388 2.0571
0.389 2.06144
0.39 2.06579
0.391 2.07014
0.392 2.07451
0.393 2.07888
0.394 2.08326
0.395 2.08765
0.396 2.09205
0.397 2.09646
0.398 2.10087
0.399 2.1053
0.4 2.10973
0.401 2.11417
0.402 2.11863
0.403 2.12309
0.404 2.12756
0.405 2.13204
0.406 2.13652
0.407 2.14102
0.408 2.14553
0.409 2.15004
0.41 2.15457
0.411 2.1591
0.412 2.16365
0.413 2.1682
0.414 2.17277
0.415 2.17734
0.416 2.18192
0.417 2.18651
0.418 2.19112
0.419 2.19573
0.42 2.20035
0.421 2.20499
0.422 2.20963
0.423 2.21428
0.424 2.21895
0.425 2.22362
0.426 2.22831
0.427 2.233
0.428 2.23771
0.429 2.24242
0.43 2.24715
0.431 2.25189
0.432 2.25664
0.433 2.2614
0.434 2.26617
0.435 2.27095
0.436 2.27575
0.437 2.28055
0.438 2.28537
0.439 2.2902
0.44 2.29504
0.441 2.29989
0.442 2.30475
0.443 2.30963
0.444 2.31451
0.445 2.31941
0.446 2.32433
0.447 2.32925
0.448 2.33419
0.449 2.33914
0.45 2.3441
0.451 2.34908
0.452 2.35406
0.453 2.35907
0.454 2.36408
0.455 2.36911
0.456 2.37415
0.457 2.3792
0.458 2.38427
0.459 2.38935
0.46 2.39445
0.461 2.39956
0.462 2.40468
0.463 2.40982
0.464 2.41498
0.465 2.42014
0.466 2.42533
0.467 2.43052
0.468 2.43574
0.469 2.44096
0.47 2.44621
0.471 2.45146
0.472 2.45674
0.473 2.46203
0.474 2.46733
0.475 2.47265
0.476 2.47799
0.477 2.48335
0.478 2.48872
0.479 2.4941
0.48 2.49951
0.481 2.50493
0.482 2.51037
0.483 2.51582
0.484 2.5213
0.485 2.52679
0.486 2.5323
0.487 2.53782
0.488 2.54337
0.489 2.54893
0.49 2.55451
0.491 2.56011
0.492 2.56573
0.493 2.57137
0.494 2.57703
0.495 2.58271
0.496 2.58841
0.497 2.59413
0.498 2.59987
0.499 2.60562
0.5 2.6114
0.501 2.6172
0.502 2.62303
0.503 2.62887
0.504 2.63473
0.505 2.64062
0.506 2.64653
0.507 2.65246
0.508 2.65841
0.509 2.66438
0.51 2.67038
0.511 2.6764
0.512 2.68245
0.513 2.68851
0.514 2.69461
0.515 2.70072
0.516 2.70686
0.517 2.71303
0.518 2.71921
0.519 2.72543
0.52 2.73167
0.521 2.73793
0.522 2.74423
0.523 2.75054
0.524 2.75689
0.525 2.76326
0.526 2.76965
0.527 2.77608
0.528 2.78253
0.529 2.78901
0.53 2.79552
0.531 2.80206
0.532 2.80862
0.533 2.81521
0.534 2.82184
0.535 2.82849
0.536 2.83517
0.537 2.84189
0.538 2.84863
0.539 2.8554
0.54 2.86221
0.541 2.86905
0.542 2.87591
0.543 2.88282
0.544 2.88975
0.545 2.89671
0.546 2.90371
0.547 2.91074
0.548 2.91781
0.549 2.92491
0.55 2.93204
0.551 2.93921
0.552 2.94642
0.553 2.95366
0.554 2.96093
0.555 2.96825
0.556 2.97559
0.557 2.98298
0.558 2.9904
0.559 2.99786
0.56 3.00536
0.561 3.0129
0.562 3.02047
0.563 3.02809
0.564 3.03574
0.565 3.04344
0.566 3.05117
0.567 3.05895
0.568 3.06676
0.569 3.07462
0.57 3.08252
0.571 3.09046
0.572 3.09845
0.573 3.10648
0.574 3.11455
0.575 3.12267
0.576 3.13083
0.577 3.13903
0.578 3.14728
0.579 3.15558
0.58 3.16392
0.581 3.17231
0.582 3.18075
0.583 3.18923
0.584 3.19776
0.585 3.20635
0.586 3.21497
0.587 3.22365
0.588 3.23238
0.589 3.24116
0.59 3.24999
0.591 3.25887
0.592 3.2678
0.593 3.27679
0.594 3.28582
0.595 3.29491
0.596 3.30406
0.597 3.31325
0.598 3.32251
0.599 3.33181
0.6 3.34117
0.601 3.35059
0.602 3.36007
0.603 3.3696
0.604 3.37919
0.605 3.38884
0.606 3.39854
0.607 3.4083
0.608 3.41813
0.609 3.42801
0.61 3.43796
0.611 3.44796
0.612 3.45803
0.613 3.46815
0.614 3.47834
0.615 3.4886
0.616 3.49891
0.617 3.5093
0.618 3.51974
0.619 3.53025
0.62 3.54083
0.621 3.55147
0.622 3.56218
0.623 3.57295
0.624 3.58379
0.625 3.5947
0.626 3.60568
0.627 3.61673
0.628 3.62785
0.629 3.63903
0.63 3.65029
0.631 3.66162
0.632 3.67302
0.633 3.68449
0.634 3.69603
0.635 3.70765
0.636 3.71934
0.637 3.7311
0.638 3.74294
0.639 3.75486
0.64 3.76684
0.641 3.77891
0.642 3.79105
0.643 3.80327
0.644 3.81556
0.645 3.82793
0.646 3.84038
0.647 3.85291
0.648 3.86551
0.649 3.8782
0.65 3.89097
0.651 3.90381
0.652 3.91674
0.653 3.92974
0.654 3.94283
0.655 3.956
0.656 3.96925
0.657 3.98259
0.658 3.996
0.659 4.0095
0.66 4.02308
0.661 4.03675
0.662 4.0505
0.663 4.06433
0.664 4.07825
0.665 4.09226
0.666 4.10634
0.667 4.12052
0.668 4.13478
0.669 4.14912
0.67 4.16355
0.671 4.17807
0.672 4.19267
0.673 4.20736
0.674 4.22213
0.675 4.237
0.676 4.25195
0.677 4.26698
0.678 4.2821
0.679 4.29731
0.68 4.31261
0.681 4.32799
0.682 4.34346
0.683 4.35902
0.684 4.37467
0.685 4.3904
0.686 4.40621
0.687 4.42212
0.688 4.43811
0.689 4.45419
0.69 4.47035
0.691 4.4866
0.692 4.50293
0.693 4.51935
0.694 4.53586
0.695 4.55245
0.696 4.56912
0.697 4.58588
0.698 4.60273
0.699 4.61965
0.7 4.63666
0.701 4.65375
0.702 4.67093
0.703 4.68818
0.704 4.70552
0.705 4.72293
0.706 4.74043
0.707 4.75801
0.708 4.77566
0.709 4.79339
0.71 4.8112
0.711 4.82908
0.712 4.84704
0.713 4.86508
0.714 4.88318
0.715 4.90136
0.716 4.91962
0.717 4.93794
0.718 4.95633
0.719 4.97479
0.72 4.99332
0.721 5.01192
0.722 5.03058
0.723 5.04931
0.724 5.0681
0.725 5.08695
0.726 5.10586
0.727 5.12483
0.728 5.14386
0.729 5.16295
0.73 5.18209
0.731 5.20129
0.732 5.22053
0.733 5.23983
0.734 5.25918
0.735 5.27858
0.736 5.29802
0.737 5.31751
0.738 5.33704
0.739 5.35661
0.74 5.37622
0.741 5.39587
0.742 5.41556
0.743 5.43528
0.744 5.45503
0.745 5.47481
0.746 5.49463
0.747 5.51446
0.748 5.53433
0.749 5.55421
0.75 5.57412
0.751 5.59405
0.752 5.61399
0.753 5.63395
0.754 5.65392
0.755 5.6739
0.756 5.69389
0.757 5.71388
0.758 5.73388
0.759 5.75389
0.76 5.77389
0.761 5.79389
0.762 5.81388
0.763 5.83387
0.764 5.85385
0.765 5.87381
0.766 5.89377
0.767 5.9137
0.768 5.93362
0.769 5.95352
0.77 5.97339
0.771 5.99324
0.772 6.01306
0.773 6.03285
0.774 6.05261
0.775 6.07234
0.776 6.09202
0.777 6.11167
0.778 6.13127
0.779 6.15083
0.78 6.17035
0.781 6.18981
0.782 6.20923
0.783 6.22859
0.784 6.24789
0.785 6.26714
0.786 6.28632
0.787 6.30544
0.788 6.3245
0.789 6.34349
0.79 6.36241
0.791 6.38126
0.792 6.40003
0.793 6.41873
0.794 6.43734
0.795 6.45588
0.796 6.47433
0.797 6.4927
0.798 6.51098
0.799 6.52918
0.8 6.54728
0.801 6.56528
0.802 6.58319
0.803 6.60101
0.804 6.61872
0.805 6.63633
0.806 6.65384
0.807 6.67125
0.808 6.68855
0.809 6.70573
0.81 6.72281
0.811 6.73978
0.812 6.75663
0.813 6.77337
0.814 6.78998
0.815 6.80648
0.816 6.82286
0.817 6.83912
0.818 6.85525
0.819 6.87126
0.82 6.88715
0.821 6.9029
0.822 6.91853
0.823 6.93402
0.824 6.94939
0.825 6.96462
0.826 6.97972
0.827 6.99468
0.828 7.00951
0.829 7.0242
0.83 7.03875
0.831 7.05317
0.832 7.06744
0.833 7.08158
0.834 7.09557
0.835 7.10942
0.836 7.12313
0.837 7.1367
0.838 7.15012
0.839 7.1634
0.84 7.17653
0.841 7.18952
0.842 7.20236
0.843 7.21506
0.844 7.22761
0.845 7.24001
0.846 7.25227
0.847 7.26438
0.848 7.27634
0.849 7.28816
0.85 7.29983
0.851 7.31135
0.852 7.32273
0.853 7.33396
0.854 7.34504
0.855 7.35597
0.856 7.36676
0.857 7.3774
0.858 7.3879
0.859 7.39825
0.86 7.40846
0.861 7.41852
0.862 7.42844
0.863 7.43821
0.864 7.44784
0.865 7.45733
0.866 7.46667
0.867 7.47587
0.868 7.48494
0.869 7.49386
0.87 7.50264
0.871 7.51129
0.872 7.5198
0.873 7.52817
0.874 7.5364
0.875 7.5445
0.876 7.55246
0.877 7.56029
0.878 7.56799
0.879 7.57556
0.88 7.58299
0.881 7.5903
0.882 7.59747
0.883 7.60452
0.884 7.61145
0.885 7.61824
0.886 7.62492
0.887 7.63147
0.888 7.63789
0.889 7.6442
0.89 7.65039
0.891 7.65646
0.892 7.66241
0.893 7.66824
0.894 7.67396
0.895 7.67957
0.896 7.68506
0.897 7.69044
0.898 7.69571
0.899 7.70088
0.9 7.70593
0.901 7.71088
0.902 7.71572
0.903 7.72046
0.904 7.7251
0.905 7.72964
0.906 7.73407
0.907 7.73841
0.908 7.74265
0.909 7.74679
0.91 7.75084
0.911 7.75479
0.912 7.75865
0.913 7.76242
0.914 7.7661
0.915 7.76969
0.916 7.77319
0.917 7.77661
0.918 7.77994
0.919 7.78319
0.92 7.78636
0.921 7.78944
0.922 7.79245
0.923 7.79537
0.924 7.79822
0.925 7.80099
0.926 7.80368
0.927 7.80631
0.928 7.80885
0.929 7.81133
0.93 7.81374
0.931 7.81607
0.932 7.81834
0.933 7.82054
0.934 7.82268
0.935 7.82474
0.936 7.82675
0.937 7.82869
0.938 7.83057
0.939 7.83239
0.94 7.83415
0.941 7.83585
0.942 7.83749
0.943 7.83908
0.944 7.84061
0.945 7.84209
0.946 7.84351
0.947 7.84488
0.948 7.8462
0.949 7.84746
0.95 7.84868
0.951 7.84985
0.952 7.85097
0.953 7.85204
0.954 7.85307
0.955 7.85405
0.956 7.85498
0.957 7.85588
0.958 7.85672
0.959 7.85753
0.96 7.8583
0.961 7.85902
0.962 7.85971
0.963 7.86036
0.964 7.86097
0.965 7.86154
0.966 7.86207
0.967 7.86257
0.968 7.86304
0.969 7.86346
0.97 7.86386
0.971 7.86422
0.972 7.86455
0.973 7.86485
0.974 7.86512
0.975 7.86536
0.976 7.86556
0.977 7.86574
0.978 7.86589
0.979 7.86601
0.98 7.86611
0.981 7.86617
0.982 7.86621
0.983 7.86623
0.984 7.86622
0.985 7.86619
0.986 7.86613
0.987 7.86605
0.988 7.86594
0.989 7.86581
0.99 7.86567
0.991 7.8655
0.992 7.8653
0.993 7.86509
0.994 7.86486
0.995 7.86461
0.996 7.86434
0.997 7.86405
0.998 7.86374
0.999 7.86342
1 7.86307
1.001 0
