0 5
0.001 3.29488
0.002 3.29309
0.003 3.2913
0.004 3.28951
0.005 3.28773
0.006 3.28596
0.007 3.28419
0.008 3.28243
0.009 3.28067
0.01 3.27892
0.011 3.27718
0.012 3.27544
0.013 3.27371
0.014 3.27198
0.015 3.27026
0.016 3.26855
0.017 3.26685
0.018 3.26515
0.019 3.26346
0.02 3.26178
0.021 3.26011
0.022 3.25844
0.023 3.25678
0.024 3.25513
0.025 3.25348
0.026 3.25185
0.027 3.25022
0.028 3.2486
0.029 3.24699
0.03 3.24539
0.031 3.2438
0.032 3.24222
0.033 3.24064
0.034 3.23908
0.035 3.23752
0.036 3.23598
0.037 3.23444
0.038 3.23291
0.039 3.2314
0.04 3.22989
0.041 3.22839
0.042 3.2269
0.043 3.22543
0.044 3.22396
0.045 3.22251
0.046 3.22106
0.047 3.21963
0.048 3.2182
0.049 3.21679
0.05 3.21539
0.051 3.214
0.052 3.21263
0.053 3.21126
0.054 3.2099
0.055 3.20856
0.056 3.20723
0.057 3.20591
0.058 3.2046
0.059 3.20331
0.06 3.20203
0.061 3.20076
0.062 3.1995
0.063 3.19825
0.064 3.19702
0.065 3.1958
0.066 3.19459
0.067 3.1934
0.068 3.19222
0.069 3.19105
0.07 3.1899
0.071 3.18876
0.072 3.18763
0.073 3.18652
0.074 3.18541
0.075 3.18433
0.076 3.18325
0.077 3.1822
0.078 3.18115
0.079 3.18012
0.08 3.1791
0.081 3.1781
0.082 3.17711
0.083 3.17614
0.084 3.17518
0.085 3.17423
0.086 3.1733
0.087 3.17238
0.088 3.17148
0.089 3.17059
0.09 3.16972
0.091 3.16886
0.092 3.16801
0.093 3.16718
0.094 3.16637
0.095 3.16557
0.096 3.16479
0.097 3.16402
0.098 3.16326
0.099 3.16252
0.1 3.16179
0.101 3.16108
0.102 3.16039
0.103 3.15971
0.104 3.15904
0.105 3.15839
0.106 3.15776
0.107 3.15714
0.108 3.15653
0.109 3.15594
0.11 3.15537
0.111 3.15481
0.112 3.15427
0.113 3.15374
0.114 3.15322
0.115 3.15272
0.116 3.15224
0.117 3.15177
0.118 3.15131
0.119 3.15088
0.12 3.15045
0.121 3.15004
0.122 3.14965
0.123 3.14927
0.124 3.1489
0.125 3.14855
0.126 3.14822
0.127 3.1479
0.128 3.14759
0.129 3.1473
0.13 3.14702
0.131 3.14676
0.132 3.14651
0.133 3.14628
0.134 3.14606
0.135 3.14586
0.136 3.14566
0.137 3.14549
0.138 3.14533
0.139 3.14518
0.14 3.14505
0.141 3.14493
0.142 3.14482
0.143 3.14473
0.144 3.14465
0.145 3.14459
0.146 3.14454
0.147 3.1445
0.148 3.14447
0.149 3.14446
0.15 3.14447
0.151 3.14448
0.152 3.14451
0.153 3.14456
0.154 3.14461
0.155 3.14468
0.156 3.14476
0.157 3.14486
0.158 3.14496
0.159 3.14508
0.16 3.14521
0.161 3.14536
0.162 3.14552
0.163 3.14568
0.164 3.14587
0.165 3.14606
0.166 3.14626
0.167 3.14648
0.168 3.14671
0.169 3.14695
0.17 3.1472
0.171 3.14746
0.172 3.14774
0.173 3.14803
0.174 3.14832
0.175 3.14863
0.176 3.14895
0.177 3.14928
0.178 3.14962
0.179 3.14997
0.18 3.15034
0.181 3.15071
0.182 3.15109
0.183 3.15149
0.184 3.15189
0.185 3.1523
0.186 3.15273
0.187 3.15316
0.188 3.1536
0.189 3.15406
0.19 3.15452
0.191 3.15499
0.192 3.15547
0.193 3.15597
0.194 3.15647
0.195 3.15698
0.196 3.15749
0.197 3.15802
0.198 3.15856
0.199 3.1591
0.2 3.15966
0.201 3.16022
0.202 3.16079
0.203 3.16137
0.204 3.16195
0.205 3.16255
0.206 3.16315
0.207 3.16376
0.208 3.16438
0.209 3.16501
0.21 3.16564
0.211 3.16628
0.212 3.16693
0.213 3.16759
0.214 3.16825
0.215 3.16893
0.216 3.1696
0.217 3.17029
0.218 3.17098
0.219 3.17168
0.22 3.17239
0.221 3.1731
0.222 3.17382
0.223 3.17454
0.224 3.17528
0.225 3.17601
0.226 3.17676
0.227 3.17751
0.228 3.17827
0.229 3.17903
0.23 3.1798
0.231 3.18057
0.232 3.18135
0.233 3.18214
0.234 3.18293
0.235 3.18373
0.236 3.18453
0.237 3.18534
0.238 3.18615
0.239 3.18697
0.24 3.18779
0.241 3.18862
0.242 3.18945
0.243 3.19029
0.244 3.19114
0.245 3.19198
0.246 3.19284
0.247 3.19369
0.248 3.19455
0.249 3.19542
0.25 3.19629
0.251 3.19717
0.252 3.19804
0.253 3.19893
0.254 3.19981
0.255 3.20071
0.256 3.2016
0.257 3.2025
0.258 3.2034
0.259 3.20431
0.26 3.20522
0.261 3.20613
0.262 3.20705
0.263 3.20797
0.264 3.2089
0.265 3.20982
0.266 3.21075
0.267 3.21169
0.268 3.21263
0.269 3.21357
0.27 3.21451
0.271 3.21546
0.272 3.2164
0.273 3.21736
0.274 3.21831
0.275 3.21927
0.276 3.22023
0.277 3.22119
0.278 3.22216
0.279 3.22313
0.28 3.2241
0.281 3.22507
0.282 3.22604
0.283 3.22702
0.284 3.228
0.285 3.22898
0.286 3.22996
0.287 3.23095
0.288 3.23194
0.289 3.23293
0.29 3.23392
0.291 3.23491
0.292 3.23591
0.293 3.2369
0.294 3.2379
0.295 3.2389
0.296 3.2399
0.297 3.2409
0.298 3.24191
0.299 3.24291
0.3 3.24392
0.301 3.24493
0.302 3.24594
0.303 3.24695
0.304 3.24796
0.305 3.24897
0.306 3.24998
0.307 3.251
0.308 3.25201
0.309 3.25303
0.31 3.25405
0.311 3.25506
0.312 3.25608
0.313 3.2571
0.314 3.25812
0.315 3.25914
0.316 3.26016
0.317 3.26118
0.318 3.2622
0.319 3.26322
0.32 3.26424
0.321 3.26527
0.322 3.26629
0.323 3.26731
0.324 3.26833
0.325 3.26935
0.326 3.27038
0.327 3.2714
0.328 3.27242
0.329 3.27344
0.33 3.27446
0.331 3.27548
0.332 3.27651
0.333 3.27753
0.334 3.27855
0.335 3.27957
0.336 3.28059
0.337 3.28161
0.338 3.28262
0.339 3.28364
0.34 3.28466
0.341 3.28567
0.342 3.28669
0.343 3.28771
0.344 3.28872
0.345 3.28973
0.346 3.29075
0.347 3.29176
0.348 3.29277
0.349 3.29378
0.35 3.29478
0.351 3.29579
0.352 3.2968
0.353 3.2978
0.354 3.29881
0.355 3.29981
0.356 3.30081
0.357 3.30181
0.358 3.30281
0.359 3.30381
0.36 3.3048
0.361 3.3058
0.362 3.30679
0.363 3.30778
0.364 3.30877
0.365 3.30976
0.366 3.31074
0.367 3.31173
0.368 3.31271
0.369 3.31369
0.37 3.31467
0.371 3.31565
0.372 3.31663
0.373 3.3176
0.374 3.31857
0.375 3.31954
0.376 3.32051
0.377 3.32148
0.378 3.32244
0.379 3.32341
0.38 3.32437
0.381 3.32532
0.382 3.32628
0.383 3.32723
0.384 3.32819
0.385 3.32914
0.386 3.33008
0.387 3.33103
0.388 3.33197
0.389 3.33291
0.39 3.33385
0.391 3.33479
0.392 3.33572
0.393 3.33665
0.394 3.33758
0.395 3.33851
0.396 3.33943
0.397 3.34035
0.398 3.34127
0.399 3.34219
0.4 3.3431
0.401 3.34402
0.402 3.34492
0.403 3.34583
0.404 3.34674
0.405 3.34764
0.406 3.34854
0.407 3.34943
0.408 3.35033
0.409 3.35122
0.41 3.3521
0.411 3.35299
0.412 3.35387
0.413 3.35475
0.414 3.35563
0.415 3.35651
0.416 3.35738
0.417 3.35825
0.418 3.35911
0.419 3.35998
0.42 3.36084
0.421 3.3617
0.422 3.36255
0.423 3.36341
0.424 3.36426
0.425 3.3651
0.426 3.36595
0.427 3.36679
0.428 3.36763
0.429 3.36846
0.43 3.3693
0.431 3.37013
0.432 3.37095
0.433 3.37178
0.434 3.3726
0.435 3.37342
0.436 3.37423
0.437 3.37504
0.438 3.37585
0.439 3.37666
0.44 3.37747
0.441 3.37827
0.442 3.37906
0.443 3.37986
0.444 3.38065
0.445 3.38144
0.446 3.38223
0.447 3.38301
0.448 3.38379
0.449 3.38457
0.45 3.38535
0.451 3.38612
0.452 3.38689
0.453 3.38765
0.454 3.38842
0.455 3.38918
0.456 3.38993
0.457 3.39069
0.458 3.39144
0.459 3.39219
0.46 3.39293
0.461 3.39368
0.462 3.39442
0.463 3.39516
0.464 3.39589
0.465 3.39662
0.466 3.39735
0.467 3.39808
0.468 3.3988
0.469 3.39952
0.47 3.40024
0.471 3.40095
0.472 3.40166
0.473 3.40237
0.474 3.40307
0.475 3.40378
0.476 3.40448
0.477 3.40517
0.478 3.40587
0.479 3.40656
0.48 3.40725
0.481 3.40794
0.482 3.40862
0.483 3.4093
0.484 3.40998
0.485 3.41065
0.486 3.41132
0.487 3.41199
0.488 3.41266
0.489 3.41332
0.49 3.41398
0.491 3.41464
0.492 3.4153
0.493 3.41595
0.494 3.4166
0.495 3.41725
0.496 3.41789
0.497 3.41854
0.498 3.41918
0.499 3.41981
0.5 3.42045
0.501 3.42108
0.502 3.42171
0.503 3.42233
0.504 3.42296
0.505 3.42358
0.506 3.4242
0.507 3.42481
0.508 3.42543
0.509 3.42604
0.51 3.42665
0.511 3.42725
0.512 3.42785
0.513 3.42845
0.514 3.42905
0.515 3.42965
0.516 3.43024
0.517 3.43083
0.518 3.43142
0.519 3.432
0.52 3.43259
0.521 3.43317
0.522 3.43375
0.523 3.43432
0.524 3.43489
0.525 3.43546
0.526 3.43603
0.527 3.4366
0.528 3.43716
0.529 3.43772
0.53 3.43828
0.531 3.43884
0.532 3.43939
0.533 3.43994
0.534 3.44049
0.535 3.44104
0.536 3.44158
0.537 3.44213
0.538 3.44267
0.539 3.4432
0.54 3.44374
0.541 3.44427
0.542 3.4448
0.543 3.44533
0.544 3.44586
0.545 3.44638
0.546 3.4469
0.547 3.44742
0.548 3.44794
0.549 3.44845
0.55 3.44897
0.551 3.44948
0.552 3.44998
0.553 3.45049
0.554 3.45099
0.555 3.4515
0.556 3.45199
0.557 3.45249
0.558 3.45299
0.559 3.45348
0.56 3.45397
0.561 3.45446
0.562 3.45495
0.563 3.45543
0.564 3.45591
0.565 3.45639
0.566 3.45687
0.567 3.45734
0.568 3.45782
0.569 3.45829
0.57 3.45876
0.571 3.45923
0.572 3.45969
0.573 3.46015
0.574 3.46061
0.575 3.46107
0.576 3.46153
0.577 3.46198
0.578 3.46244
0.579 3.46289
0.58 3.46333
0.581 3.46378
0.582 3.46422
0.583 3.46467
0.584 3.4651
0.585 3.46554
0.586 3.46598
0.587 3.46641
0.588 3.46684
0.589 3.46727
0.59 3.4677
0.591 3.46812
0.592 3.46854
0.593 3.46897
0.594 3.46938
0.595 3.4698
0.596 3.47021
0.597 3.47063
0.598 3.47103
0.599 3.47144
0.6 3.47185
0.601 3.47225
0.602 3.47265
0.603 3.47305
0.604 3.47345
0.605 3.47384
0.606 3.47423
0.607 3.47462
0.608 3.47501
0.609 3.47539
0.61 3.47577
0.611 3.47615
0.612 3.47653
0.613 3.47691
0.614 3.47728
0.615 3.47765
0.616 3.47802
0.617 3.47838
0.618 3.47874
0.619 3.4791
0.62 3.47946
0.621 3.47982
0.622 3.48017
0.623 3.48052
0.624 3.48087
0.625 3.48121
0.626 3.48155
0.627 3.48189
0.628 3.48222
0.629 3.48256
0.63 3.48289
0.631 3.48321
0.632 3.48354
0.633 3.48386
0.634 3.48417
0.635 3.48449
0.636 3.4848
0.637 3.48511
0.638 3.48541
0.639 3.48571
0.64 3.48601
0.641 3.4863
0.642 3.48659
0.643 3.48688
0.644 3.48716
0.645 3.48744
0.646 3.48772
0.647 3.48799
0.648 3.48826
0.649 3.48852
0.65 3.48878
0.651 3.48903
0.652 3.48928
0.653 3.48953
0.654 3.48977
0.655 3.49001
0.656 3.49024
0.657 3.49047
0.658 3.49069
0.659 3.49091
0.66 3.49112
0.661 3.49132
0.662 3.49153
0.663 3.49172
0.664 3.49191
0.665 3.4921
0.666 3.49227
0.667 3.49245
0.668 3.49261
0.669 3.49277
0.67 3.49293
0.671 3.49308
0.672 3.49322
0.673 3.49335
0.674 3.49348
0.675 3.4936
0.676 3.49371
0.677 3.49382
0.678 3.49391
0.679 3.494
0.68 3.49408
0.681 3.49416
0.682 3.49422
0.683 3.49428
0.684 3.49433
0.685 3.49437
0.686 3.4944
0.687 3.49442
0.688 3.49443
0.689 3.49443
0.69 3.49443
0.691 3.49441
0.692 3.49438
0.693 3.49434
0.694 3.49429
0.695 3.49423
0.696 3.49416
0.697 3.49408
0.698 3.49398
0.699 3.49387
0.7 3.49375
0.701 3.49362
0.702 3.49348
0.703 3.49332
0.704 3.49315
0.705 3.49297
0.706 3.49277
0.707 3.49256
0.708 3.49234
0.709 3.4921
0.71 3.49184
0.711 3.49157
0.712 3.49129
0.713 3.49099
0.714 3.49067
0.715 3.49034
0.716 3.48999
0.717 3.48962
0.718 3.48924
0.719 3.48884
0.72 3.48842
0.721 3.48799
0.722 3.48753
0.723 3.48706
0.724 3.48657
0.725 3.48606
0.726 3.48553
0.727 3.48499
0.728 3.48442
0.729 3.48383
0.73 3.48322
0.731 3.48259
0.732 3.48194
0.733 3.48127
0.734 3.48057
0.735 3.47986
0.736 3.47912
0.737 3.47836
0.738 3.47758
0.739 3.47677
0.74 3.47594
0.741 3.47509
0.742 3.47422
0.743 3.47332
0.744 3.47239
0.745 3.47145
0.746 3.47047
0.747 3.46948
0.748 3.46845
0.749 3.46741
0.75 3.46633
0.751 3.46524
0.752 3.46411
0.753 3.46296
0.754 3.46178
0.755 3.46058
0.756 3.45935
0.757 3.4581
0.758 3.45682
0.759 3.45551
0.76 3.45417
0.761 3.45281
0.762 3.45142
0.763 3.45001
0.764 3.44856
0.765 3.44709
0.766 3.4456
0.767 3.44407
0.768 3.44252
0.769 3.44094
0.77 3.43933
0.771 3.4377
0.772 3.43604
0.773 3.43436
0.774 3.43264
0.775 3.4309
0.776 3.42913
0.777 3.42734
0.778 3.42552
0.779 3.42368
0.78 3.4218
0.781 3.41991
0.782 3.41798
0.783 3.41603
0.784 3.41406
0.785 3.41206
0.786 3.41004
0.787 3.40799
0.788 3.40592
0.789 3.40382
0.79 3.40171
0.791 3.39956
0.792 3.3974
0.793 3.39521
0.794 3.39301
0.795 3.39078
0.796 3.38852
0.797 3.38625
0.798 3.38396
0.799 3.38165
0.8 3.37932
0.801 3.37697
0.802 3.3746
0.803 3.37221
0.804 3.36981
0.805 3.36739
0.806 3.36495
0.807 3.3625
0.808 3.36003
0.809 3.35755
0.81 3.35506
0.811 3.35255
0.812 3.35002
0.813 3.34749
0.814 3.34494
0.815 3.34238
0.816 3.33982
0.817 3.33724
0.818 3.33465
0.819 3.33206
0.82 3.32945
0.821 3.32684
0.822 3.32422
0.823 3.3216
0.824 3.31897
0.825 3.31634
0.826 3.3137
0.827 3.31106
0.828 3.30841
0.829 3.30576
0.83 3.30312
0.831 3.30047
0.832 3.29782
0.833 3.29517
0.834 3.29252
0.835 3.28987
0.836 3.28722
0.837 3.28458
0.838 3.28194
0.839 3.2793
0.84 3.27667
0.841 3.27405
0.842 3.27143
0.843 3.26881
0.844 3.2662
0.845 3.2636
0.846 3.26101
0.847 3.25842
0.848 3.25585
0.849 3.25328
0.85 3.25072
0.851 3.24818
0.852 3.24564
0.853 3.24312
0.854 3.2406
0.855 3.2381
0.856 3.23562
0.857 3.23314
0.858 3.23068
0.859 3.22823
0.86 3.2258
0.861 3.22338
0.862 3.22097
0.863 3.21858
0.864 3.21621
0.865 3.21385
0.866 3.21151
0.867 3.20918
0.868 3.20687
0.869 3.20458
0.87 3.20231
0.871 3.20005
0.872 3.19781
0.873 3.19559
0.874 3.19339
0.875 3.1912
0.876 3.18904
0.877 3.18689
0.878 3.18476
0.879 3.18265
0.88 3.18056
0.881 3.17849
0.882 3.17644
0.883 3.17441
0.884 3.1724
0.885 3.17041
0.886 3.16844
0.887 3.16648
0.888 3.16455
0.889 3.16264
0.89 3.16075
0.891 3.15888
0.892 3.15703
0.893 3.15519
0.894 3.15338
0.895 3.15159
0.896 3.14982
0.897 3.14807
0.898 3.14634
0.899 3.14463
0.9 3.14294
0.901 3.14127
0.902 3.13962
0.903 3.13799
0.904 3.13638
0.905 3.13479
0.906 3.13322
0.907 3.13167
0.908 3.13014
0.909 3.12862
0.91 3.12713
0.911 3.12566
0.912 3.1242
0.913 3.12277
0.914 3.12135
0.915 3.11995
0.916 3.11857
0.917 3.11721
0.918 3.11587
0.919 3.11455
0.92 3.11324
0.921 3.11195
0.922 3.11069
0.923 3.10943
0.924 3.1082
0.925 3.10698
0.926 3.10578
0.927 3.1046
0.928 3.10344
0.929 3.10229
0.93 3.10116
0.931 3.10004
0.932 3.09894
0.933 3.09786
0.934 3.09679
0.935 3.09574
0.936 3.09471
0.937 3.09369
0.938 3.09269
0.939 3.0917
0.94 3.09072
0.941 3.08977
0.942 3.08882
0.943 3.08789
0.944 3.08698
0.945 3.08608
0.946 3.08519
0.947 3.08432
0.948 3.08346
0.949 3.08262
0.95 3.08179
0.951 3.08097
0.952 3.08016
0.953 3.07937
0.954 3.07859
0.955 3.07783
0.956 3.07707
0.957 3.07633
0.958 3.0756
0.959 3.07488
0.96 3.07418
0.961 3.07348
0.962 3.0728
0.963 3.07213
0.964 3.07147
0.965 3.07082
0.966 3.07019
0.967 3.06956
0.968 3.06894
0.969 3.06834
0.97 3.06774
0.971 3.06716
0.972 3.06659
0.973 3.06602
0.974 3.06547
0.975 3.06492
0.976 3.06439
0.977 3.06386
0.978 3.06335
0.979 3.06284
0.98 3.06234
0.981 3.06185
0.982 3.06137
0.983 3.0609
0.984 3.06043
0.985 3.05998
0.986 3.05953
0.987 3.05909
0.988 3.05866
0.989 3.05824
0.99 3.05783
0.991 3.05742
0.992 3.05702
0.993 3.05663
0.994 3.05625
0.995 3.05587
0.996 3.0555
0.997 3.05514
0.998 3.05478
0.999 3.05443
1 3.05409
1.001 5
