0 0.00167044
1 6.94555e-05
2 0.00483593
3 0.00352476
4 0.0127312
5 0.00132091
6 0.0165197
7 0.013313
8 0.0114052
9 0.0117752
10 0.0163916
11 0.0154496
12 0.0462117
13 0.0507171
14 0.0387571
15 0.0545172
16 0.0653199
17 0.0878216
18 0.119993
19 0.115212
20 0.143853
21 0.178705
22 0.148643
23 0.233207
24 0.244465
25 0.242365
26 0.228287
27 0.346373
28 0.302998
29 0.385512
30 0.450246
31 0.515542
32 0.443117
33 0.564288
34 0.60932
35 0.660157
36 0.636549
37 0.575191
38 0.674585
39 0.725104
40 0.692077
41 0.75096
42 0.829263
43 0.940423
44 0.955058
45 1.11498
46 1.23598
47 1.2478
48 1.14891
49 1.38503
50 1.49649
51 1.67114
52 1.76338
53 1.87891
54 1.89322
55 2.20587
56 1.961
57 2.02442
58 2.29101
59 2.30575
60 2.24143
61 2.59598
62 2.76086
63 2.73267
64 2.98427
65 2.96976
66 3.05967
67 3.10986
68 3.12845
69 3.47603
70 3.15158
71 2.76859
72 3.52362
73 3.36744
74 2.64613
75 3.03488
76 3.31287
77 3.25695
78 3.40951
79 3.25486
80 3.5642
81 3.25773
82 3.00762
83 3.40102
84 3.43351
85 3.52622
86 3.40872
87 3.36701
88 3.36126
89 3.44895
90 3.24771
91 3.35126
92 3.48897
93 3.54987
94 3.55059
95 3.55577
96 3.39017
97 3.46788
98 3.51879
99 3.44531
100 3.58956
101 3.50226
102 3.39639
103 3.52643
104 3.46338
105 3.34641
106 3.53785
107 3.28648
108 3.19722
109 3.26822
110 3.54742
111 3.32026
112 3.4016
113 3.4578
114 3.47472
115 3.62659
116 3.25214
117 3.36658
118 3.32747
119 3.51675
120 3.20309
121 3.50855
122 3.26852
123 3.39591
124 3.38441
125 3.45752
126 3.33119
127 3.47537
128 3.37326
129 3.25912
130 3.30194
131 3.43034
132 3.3722
133 3.12546
134 3.21058
135 3.30245
136 3.18761
137 3.28902
138 3.27825
139 3.30433
140 3.18027
141 3.29082
142 3.31725
143 3.39088
144 3.34934
145 3.26477
146 3.14536
147 3.11575
148 3.30167
149 3.13047
150 3.33214
151 3.23884
152 3.12238
153 3.26515
154 3.24437
155 3.21639
156 3.15721
157 3.05963
158 3.14561
159 3.0344
160 2.98225
161 3.02122
162 3.0741
163 3.04861
164 2.96858
165 2.89285
166 2.88312
167 2.87649
168 2.82596
169 2.85911
170 2.87777
171 3.15269
172 3.00754
173 2.90664
174 2.84121
175 2.88002
176 2.77916
177 2.86275
178 3.03335
179 2.8466
180 3.09097
181 3.11694
182 2.94257
183 3.16748
184 3.08892
185 3.01854
186 3.15363
187 2.88185
188 2.86638
189 3.13162
190 3.0162
191 3.01722
192 3.04302
193 2.93092
194 2.79483
195 3.05998
196 2.99626
197 2.94262
198 2.88206
199 2.87541
200 2.74334
201 2.85239
202 2.71759
203 2.89326
204 2.6388
205 3.05892
206 3.19678
207 2.87436
208 2.8738
209 2.89536
210 2.91738
211 2.82919
212 3.04872
213 2.92599
214 2.74333
215 2.6918
216 2.72443
217 2.8715
218 2.80121
219 2.7059
220 2.94181
221 2.71121
222 2.65439
223 2.91573
224 2.85446
225 2.76066
226 2.77558
227 2.7806
228 2.79869
229 2.68172
230 2.6741
231 2.79174
232 2.6582
233 2.78351
234 2.66477
235 2.71343
236 2.75778
237 2.69656
238 2.89535
239 2.67494
240 2.79285
241 2.69814
242 2.78563
243 2.62063
244 2.74141
245 2.7742
246 2.83998
247 2.73548
248 2.78806
249 2.63063
250 2.76551
251 2.83807
252 2.73956
253 2.68225
254 2.60762
255 2.71562
256 2.79337
257 2.61621
258 2.68001
259 2.72757
260 2.89228
261 2.78631
262 2.80014
263 2.675
264 2.81345
265 2.7207
266 2.71617
267 2.64593
268 2.74332
269 2.70816
270 2.66188
271 2.74308
272 2.79742
273 2.66537
274 2.81854
275 2.66387
276 2.67462
277 2.69977
278 2.61294
279 2.72654
280 2.63883
281 2.69272
282 2.72922
283 2.67491
284 2.67229
285 2.64539
286 2.70571
287 2.70855
288 2.67993
289 2.65133
290 2.62735
291 2.61651
292 2.6596
293 2.66297
294 2.72861
295 2.6923
296 2.72398
297 2.63553
298 2.71544
299 2.66777
300 2.62892
301 2.60525
302 2.65705
303 2.6105
304 2.75745
305 2.65608
306 2.71944
307 2.75803
308 2.63178
309 2.69791
310 2.68084
311 2.63666
312 2.6342
313 2.64205
314 2.70081
315 2.60894
316 2.63289
317 2.57942
318 2.64895
319 2.60809
320 2.56773
321 2.65571
322 2.56053
323 2.62998
324 2.72301
325 2.64137
326 2.7289
327 2.76942
328 2.71136
329 2.67202
330 2.64497
331 2.59211
332 2.61479
333 2.64569
334 2.65203
335 2.6369
336 2.62998
337 2.5522
338 2.65752
339 2.54518
340 2.56846
341 2.62567
342 2.64579
343 2.65874
344 2.72111
345 2.65731
346 2.72072
347 2.63135
348 2.71076
349 2.70245
350 2.61263
351 2.62536
352 2.69222
353 2.749
354 2.71857
355 2.59859
356 2.67811
357 2.72619
358 2.65117
359 2.74024
360 2.64618
361 2.71952
362 2.64136
363 2.64196
364 2.67602
365 2.64667
366 2.71718
367 2.68358
368 2.72449
369 2.63145
370 2.58152
371 2.59006
372 2.61526
373 2.56699
374 2.55753
