0 0
0.001 0.371074
0.002 0.377448
0.003 0.383842
0.004 0.390255
0.005 0.396688
0.006 0.403139
0.007 0.409608
0.008 0.416096
0.009 0.422601
0.01 0.429124
0.011 0.435664
0.012 0.44222
0.013 0.448793
0.014 0.455382
0.015 0.461987
0.016 0.468606
0.017 0.475241
0.018 0.48189
0.019 0.488552
0.02 0.495229
0.021 0.501918
0.022 0.50862
0.023 0.515334
0.024 0.522059
0.025 0.528796
0.026 0.535544
0.027 0.542302
0.028 0.549069
0.029 0.555846
0.03 0.562631
0.031 0.569425
0.032 0.576226
0.033 0.583035
0.034 0.58985
0.035 0.596671
0.036 0.603497
0.037 0.610328
0.038 0.617164
0.039 0.624003
0.04 0.630846
0.041 0.637691
0.042 0.644538
0.043 0.651387
0.044 0.658236
0.045 0.665086
0.046 0.671935
0.047 0.678783
0.048 0.68563
0.049 0.692474
0.05 0.699316
0.051 0.706154
0.052 0.712988
0.053 0.719818
0.054 0.726642
0.055 0.73346
0.056 0.740272
0.057 0.747076
0.058 0.753873
0.059 0.760662
0.06 0.767442
0.061 0.774212
0.062 0.780971
0.063 0.78772
0.064 0.794458
0.065 0.801184
0.066 0.807897
0.067 0.814597
0.068 0.821284
0.069 0.827956
0.07 0.834613
0.071 0.841255
0.072 0.847881
0.073 0.854491
0.074 0.861083
0.075 0.867658
0.076 0.874215
0.077 0.880753
0.078 0.887273
0.079 0.893772
0.08 0.900252
0.081 0.906711
0.082 0.913149
0.083 0.919566
0.084 0.925961
0.085 0.932334
0.086 0.938684
0.087 0.945011
0.088 0.951314
0.089 0.957594
0.09 0.963849
0.091 0.97008
0.092 0.976286
0.093 0.982466
0.094 0.988621
0.095 0.994751
0.096 1.00085
0.097 1.00693
0.098 1.01298
0.099 1.019
0.1 1.025
0.101 1.03097
0.102 1.03691
0.103 1.04282
0.104 1.04871
0.105 1.05457
0.106 1.0604
0.107 1.0662
0.108 1.07197
0.109 1.07771
0.11 1.08343
0.111 1.08911
0.112 1.09477
0.113 1.1004
0.114 1.106
0.115 1.11157
0.116 1.11711
0.117 1.12263
0.118 1.12811
0.119 1.13357
0.12 1.13899
0.121 1.14439
0.122 1.14976
0.123 1.1551
0.124 1.16041
0.125 1.16569
0.126 1.17095
0.127 1.17617
0.128 1.18137
0.129 1.18654
0.13 1.19168
0.131 1.19679
0.132 1.20188
0.133 1.20694
0.134 1.21197
0.135 1.21697
0.136 1.22195
0.137 1.2269
0.138 1.23182
0.139 1.23672
0.14 1.24158
0.141 1.24643
0.142 1.25125
0.143 1.25604
0.144 1.2608
0.145 1.26555
0.146 1.27026
0.147 1.27495
0.148 1.27962
0.149 1.28426
0.15 1.28888
0.151 1.29347
0.152 1.29805
0.153 1.30259
0.154 1.30712
0.155 1.31162
0.156 1.3161
0.157 1.32055
0.158 1.32499
0.159 1.3294
0.16 1.33379
0.161 1.33816
0.162 1.34251
0.163 1.34684
0.164 1.35114
0.165 1.35543
0.166 1.35969
0.167 1.36394
0.168 1.36817
0.169 1.37237
0.17 1.37656
0.171 1.38073
0.172 1.38488
0.173 1.38901
0.174 1.39313
0.175 1.39722
0.176 1.4013
0.177 1.40536
0.178 1.40941
0.179 1.41343
0.18 1.41744
0.181 1.42144
0.182 1.42542
0.183 1.42938
0.184 1.43332
0.185 1.43725
0.186 1.44117
0.187 1.44506
0.188 1.44895
0.189 1.45282
0.19 1.45667
0.191 1.46051
0.192 1.46434
0.193 1.46815
0.194 1.47195
0.195 1.47573
0.196 1.4795
0.197 1.48326
0.198 1.48701
0.199 1.49074
0.2 1.49446
0.201 1.49817
0.202 1.50186
0.203 1.50554
0.204 1.50921
0.205 1.51287
0.206 1.51652
0.207 1.52016
0.208 1.52378
0.209 1.52739
0.21 1.531
0.211 1.53459
0.212 1.53817
0.213 1.54174
0.214 1.5453
0.215 1.54885
0.216 1.55239
0.217 1.55592
0.218 1.55944
0.219 1.56295
0.22 1.56645
0.221 1.56994
0.222 1.57343
0.223 1.5769
0.224 1.58036
0.225 1.58382
0.226 1.58727
0.227 1.5907
0.228 1.59413
0.229 1.59756
0.23 1.60097
0.231 1.60438
0.232 1.60777
0.233 1.61116
0.234 1.61454
0.235 1.61792
0.236 1.62129
0.237 1.62464
0.238 1.628
0.239 1.63134
0.24 1.63468
0.241 1.63801
0.242 1.64134
0.243 1.64465
0.244 1.64796
0.245 1.65127
0.246 1.65457
0.247 1.65786
0.248 1.66114
0.249 1.66442
0.25 1.66769
0.251 1.67096
0.252 1.67422
0.253 1.67748
0.254 1.68073
0.255 1.68397
0.256 1.68721
0.257 1.69045
0.258 1.69367
0.259 1.6969
0.26 1.70011
0.261 1.70333
0.262 1.70654
0.263 1.70974
0.264 1.71294
0.265 1.71613
0.266 1.71932
0.267 1.7225
0.268 1.72568
0.269 1.72886
0.27 1.73203
0.271 1.73519
0.272 1.73836
0.273 1.74152
0.274 1.74467
0.275 1.74782
0.276 1.75097
0.277 1.75411
0.278 1.75725
0.279 1.76038
0.28 1.76351
0.281 1.76664
0.282 1.76977
0.283 1.77289
0.284 1.776
0.285 1.77912
0.286 1.78223
0.287 1.78534
0.288 1.78844
0.289 1.79154
0.29 1.79464
0.291 1.79774
0.292 1.80083
0.293 1.80392
0.294 1.80701
0.295 1.81009
0.296 1.81317
0.297 1.81625
0.298 1.81933
0.299 1.8224
0.3 1.82548
0.301 1.82855
0.302 1.83161
0.303 1.83468
0.304 1.83774
0.305 1.8408
0.306 1.84386
0.307 1.84691
0.308 1.84997
0.309 1.85302
0.31 1.85607
0.311 1.85912
0.312 1.86217
0.313 1.86521
0.314 1.86825
0.315 1.87129
0.316 1.87433
0.317 1.87737
0.318 1.88041
0.319 1.88344
0.32 1.88648
0.321 1.88951
0.322 1.89254
0.323 1.89557
0.324 1.8986
0.325 1.90162
0.326 1.90465
0.327 1.90767
0.328 1.9107
0.329 1.91372
0.33 1.91674
0.331 1.91976
0.332 1.92278
0.333 1.9258
0.334 1.92882
0.335 1.93183
0.336 1.93485
0.337 1.93786
0.338 1.94088
0.339 1.94389
0.34 1.94691
0.341 1.94992
0.342 1.95293
0.343 1.95594
0.344 1.95895
0.345 1.96196
0.346 1.96497
0.347 1.96798
0.348 1.97099
0.349 1.974
0.35 1.97701
0.351 1.98002
0.352 1.98303
0.353 1.98604
0.354 1.98905
0.355 1.99206
0.356 1.99506
0.357 1.99807
0.358 2.00108
0.359 2.00409
0.36 2.0071
0.361 2.01011
0.362 2.01312
0.363 2.01613
0.364 2.01914
0.365 2.02215
0.366 2.02516
0.367 2.02817
0.368 2.03118
0.369 2.0342
0.37 2.03721
0.371 2.04022
0.372 2.04324
0.373 2.04625
0.374 2.04927
0.375 2.05229
0.376 2.0553
0.377 2.05832
0.378 2.06134
0.379 2.06436
0.38 2.06738
0.381 2.07041
0.382 2.07343
0.383 2.07645
0.384 2.07948
0.385 2.08251
0.386 2.08554
0.387 2.08857
0.388 2.0916
0.389 2.09463
0.39 2.09767
0.391 2.1007
0.392 2.10374
0.393 2.10678
0.394 2.10982
0.395 2.11286
0.396 2.11591
0.397 2.11895
0.398 2.122
0.399 2.12505
0.4 2.1281
0.401 2.13116
0.402 2.13422
0.403 2.13727
0.404 2.14034
0.405 2.1434
0.406 2.14646
0.407 2.14953
0.408 2.1526
0.409 2.15568
0.41 2.15875
0.411 2.16183
0.412 2.16491
0.413 2.168
0.414 2.17108
0.415 2.17417
0.416 2.17726
0.417 2.18036
0.418 2.18346
0.419 2.18656
0.42 2.18967
0.421 2.19277
0.422 2.19589
0.423 2.199
0.424 2.20212
0.425 2.20524
0.426 2.20837
0.427 2.2115
0.428 2.21463
0.429 2.21777
0.43 2.22091
0.431 2.22405
0.432 2.2272
0.433 2.23035
0.434 2.23351
0.435 2.23667
0.436 2.23984
0.437 2.24301
0.438 2.24618
0.439 2.24936
0.44 2.25255
0.441 2.25574
0.442 2.25893
0.443 2.26213
0.444 2.26533
0.445 2.26854
0.446 2.27175
0.447 2.27497
0.448 2.27819
0.449 2.28142
0.45 2.28466
0.451 2.2879
0.452 2.29114
0.453 2.2944
0.454 2.29765
0.455 2.30092
0.456 2.30418
0.457 2.30746
0.458 2.31074
0.459 2.31403
0.46 2.31732
0.461 2.32062
0.462 2.32393
0.463 2.32724
0.464 2.33056
0.465 2.33389
0.466 2.33722
0.467 2.34056
0.468 2.34391
0.469 2.34727
0.47 2.35063
0.471 2.354
0.472 2.35738
0.473 2.36076
0.474 2.36415
0.475 2.36755
0.476 2.37096
0.477 2.37438
0.478 2.3778
0.479 2.38124
0.48 2.38468
0.481 2.38813
0.482 2.39158
0.483 2.39505
0.484 2.39853
0.485 2.40201
0.486 2.4055
0.487 2.40901
0.488 2.41252
0.489 2.41604
0.49 2.41957
0.491 2.42311
0.492 2.42666
0.493 2.43022
0.494 2.43379
0.495 2.43737
0.496 2.44096
0.497 2.44456
0.498 2.44817
0.499 2.45179
0.5 2.45542
0.501 2.45906
0.502 2.46271
0.503 2.46638
0.504 2.47005
0.505 2.47374
0.506 2.47744
0.507 2.48115
0.508 2.48487
0.509 2.48861
0.51 2.49235
0.511 2.49611
0.512 2.49988
0.513 2.50366
0.514 2.50746
0.515 2.51126
0.516 2.51509
0.517 2.51892
0.518 2.52277
0.519 2.52663
0.52 2.5305
0.521 2.53439
0.522 2.53829
0.523 2.5422
0.524 2.54613
0.525 2.55008
0.526 2.55403
0.527 2.55801
0.528 2.56199
0.529 2.56599
0.53 2.57001
0.531 2.57404
0.532 2.57809
0.533 2.58215
0.534 2.58623
0.535 2.59033
0.536 2.59444
0.537 2.59856
0.538 2.60271
0.539 2.60687
0.54 2.61104
0.541 2.61524
0.542 2.61945
0.543 2.62368
0.544 2.62792
0.545 2.63218
0.546 2.63646
0.547 2.64076
0.548 2.64508
0.549 2.64942
0.55 2.65377
0.551 2.65814
0.552 2.66253
0.553 2.66695
0.554 2.67138
0.555 2.67583
0.556 2.6803
0.557 2.68479
0.558 2.6893
0.559 2.69383
0.56 2.69838
0.561 2.70295
0.562 2.70754
0.563 2.71216
0.564 2.71679
0.565 2.72145
0.566 2.72613
0.567 2.73083
0.568 2.73555
0.569 2.7403
0.57 2.74507
0.571 2.74986
0.572 2.75468
0.573 2.75952
0.574 2.76438
0.575 2.76927
0.576 2.77418
0.577 2.77912
0.578 2.78408
0.579 2.78906
0.58 2.79408
0.581 2.79911
0.582 2.80418
0.583 2.80926
0.584 2.81438
0.585 2.81952
0.586 2.82469
0.587 2.82989
0.588 2.83511
0.589 2.84036
0.59 2.84564
0.591 2.85095
0.592 2.85628
0.593 2.86165
0.594 2.86704
0.595 2.87246
0.596 2.87791
0.597 2.8834
0.598 2.88891
0.599 2.89445
0.6 2.90003
0.601 2.90563
0.602 2.91127
0.603 2.91694
0.604 2.92264
0.605 2.92837
0.606 2.93414
0.607 2.93994
0.608 2.94577
0.609 2.95164
0.61 2.95754
0.611 2.96347
0.612 2.96944
0.613 2.97545
0.614 2.98149
0.615 2.98756
0.616 2.99368
0.617 2.99982
0.618 3.00601
0.619 3.01223
0.62 3.01849
0.621 3.02479
0.622 3.03113
0.623 3.0375
0.624 3.04392
0.625 3.05037
0.626 3.05687
0.627 3.0634
0.628 3.06998
0.629 3.07659
0.63 3.08325
0.631 3.08995
0.632 3.09669
0.633 3.10347
0.634 3.1103
0.635 3.11717
0.636 3.12408
0.637 3.13104
0.638 3.13805
0.639 3.1451
0.64 3.15219
0.641 3.15933
0.642 3.16652
0.643 3.17375
0.644 3.18103
0.645 3.18836
0.646 3.19574
0.647 3.20317
0.648 3.21064
0.649 3.21817
0.65 3.22574
0.651 3.23337
0.652 3.24104
0.653 3.24877
0.654 3.25655
0.655 3.26439
0.656 3.27227
0.657 3.28021
0.658 3.28821
0.659 3.29625
0.66 3.30436
0.661 3.31252
0.662 3.32073
0.663 3.329
0.664 3.33733
0.665 3.34572
0.666 3.35416
0.667 3.36266
0.668 3.37123
0.669 3.37985
0.67 3.38853
0.671 3.39727
0.672 3.40608
0.673 3.41494
0.674 3.42387
0.675 3.43286
0.676 3.44192
0.677 3.45104
0.678 3.46022
0.679 3.46947
0.68 3.47878
0.681 3.48817
0.682 3.49761
0.683 3.50713
0.684 3.51671
0.685 3.52636
0.686 3.53609
0.687 3.54588
0.688 3.55574
0.689 3.56567
0.69 3.57567
0.691 3.58575
0.692 3.5959
0.693 3.60612
0.694 3.61642
0.695 3.62679
0.696 3.63723
0.697 3.64775
0.698 3.65835
0.699 3.66902
0.7 3.67977
0.701 3.6906
0.702 3.70151
0.703 3.71249
0.704 3.72356
0.705 3.7347
0.706 3.74593
0.707 3.75724
0.708 3.76863
0.709 3.7801
0.71 3.79166
0.711 3.80329
0.712 3.81502
0.713 3.82682
0.714 3.83872
0.715 3.8507
0.716 3.86276
0.717 3.87491
0.718 3.88715
0.719 3.89948
0.72 3.91189
0.721 3.9244
0.722 3.93699
0.723 3.94967
0.724 3.96245
0.725 3.97531
0.726 3.98827
0.727 4.00132
0.728 4.01446
0.729 4.02769
0.73 4.04101
0.731 4.05443
0.732 4.06795
0.733 4.08155
0.734 4.09526
0.735 4.10905
0.736 4.12294
0.737 4.13693
0.738 4.15102
0.739 4.1652
0.74 4.17947
0.741 4.19385
0.742 4.20832
0.743 4.22289
0.744 4.23755
0.745 4.25232
0.746 4.26718
0.747 4.28214
0.748 4.2972
0.749 4.31236
0.75 4.32761
0.751 4.34297
0.752 4.35842
0.753 4.37397
0.754 4.38962
0.755 4.40537
0.756 4.42122
0.757 4.43717
0.758 4.45321
0.759 4.46936
0.76 4.4856
0.761 4.50194
0.762 4.51838
0.763 4.53491
0.764 4.55154
0.765 4.56828
0.766 4.5851
0.767 4.60203
0.768 4.61905
0.769 4.63616
0.77 4.65337
0.771 4.67068
0.772 4.68808
0.773 4.70557
0.774 4.72315
0.775 4.74083
0.776 4.7586
0.777 4.77646
0.778 4.79441
0.779 4.81245
0.78 4.83058
0.781 4.8488
0.782 4.8671
0.783 4.88549
0.784 4.90396
0.785 4.92252
0.786 4.94116
0.787 4.95988
0.788 4.97868
0.789 4.99756
0.79 5.01652
0.791 5.03556
0.792 5.05467
0.793 5.07385
0.794 5.09311
0.795 5.11244
0.796 5.13183
0.797 5.1513
0.798 5.17083
0.799 5.19042
0.8 5.21008
0.801 5.2298
0.802 5.24958
0.803 5.26942
0.804 5.28931
0.805 5.30926
0.806 5.32926
0.807 5.3493
0.808 5.3694
0.809 5.38954
0.81 5.40972
0.811 5.42995
0.812 5.45022
0.813 5.47052
0.814 5.49086
0.815 5.51123
0.816 5.53163
0.817 5.55205
0.818 5.57251
0.819 5.59298
0.82 5.61348
0.821 5.63399
0.822 5.65452
0.823 5.67506
0.824 5.69561
0.825 5.71617
0.826 5.73673
0.827 5.7573
0.828 5.77786
0.829 5.79843
0.83 5.81898
0.831 5.83953
0.832 5.86006
0.833 5.88058
0.834 5.90109
0.835 5.92157
0.836 5.94203
0.837 5.96246
0.838 5.98286
0.839 6.00324
0.84 6.02358
0.841 6.04388
0.842 6.06414
0.843 6.08435
0.844 6.10452
0.845 6.12465
0.846 6.14472
0.847 6.16473
0.848 6.18469
0.849 6.20458
0.85 6.22441
0.851 6.24418
0.852 6.26388
0.853 6.2835
0.854 6.30305
0.855 6.32252
0.856 6.34191
0.857 6.36122
0.858 6.38044
0.859 6.39958
0.86 6.41862
0.861 6.43757
0.862 6.45642
0.863 6.47517
0.864 6.49382
0.865 6.51236
0.866 6.5308
0.867 6.54913
0.868 6.56735
0.869 6.58545
0.87 6.60344
0.871 6.6213
0.872 6.63905
0.873 6.65668
0.874 6.67417
0.875 6.69154
0.876 6.70879
0.877 6.7259
0.878 6.74287
0.879 6.75971
0.88 6.77642
0.881 6.79298
0.882 6.8094
0.883 6.82568
0.884 6.84182
0.885 6.85781
0.886 6.87366
0.887 6.88935
0.888 6.9049
0.889 6.92029
0.89 6.93553
0.891 6.95062
0.892 6.96555
0.893 6.98032
0.894 6.99494
0.895 7.0094
0.896 7.0237
0.897 7.03785
0.898 7.05183
0.899 7.06564
0.9 7.0793
0.901 7.09279
0.902 7.10612
0.903 7.11929
0.904 7.13229
0.905 7.14513
0.906 7.1578
0.907 7.17031
0.908 7.18265
0.909 7.19483
0.91 7.20684
0.911 7.21869
0.912 7.23037
0.913 7.24189
0.914 7.25324
0.915 7.26442
0.916 7.27544
0.917 7.2863
0.918 7.29699
0.919 7.30752
0.92 7.31789
0.921 7.32809
0.922 7.33813
0.923 7.34801
0.924 7.35773
0.925 7.36729
0.926 7.37669
0.927 7.38593
0.928 7.39502
0.929 7.40395
0.93 7.41272
0.931 7.42134
0.932 7.4298
0.933 7.43812
0.934 7.44628
0.935 7.45429
0.936 7.46215
0.937 7.46986
0.938 7.47743
0.939 7.48485
0.94 7.49212
0.941 7.49925
0.942 7.50624
0.943 7.51309
0.944 7.51981
0.945 7.52638
0.946 7.53281
0.947 7.53912
0.948 7.54528
0.949 7.55132
0.95 7.55723
0.951 7.563
0.952 7.56865
0.953 7.57417
0.954 7.57957
0.955 7.58484
0.956 7.59
0.957 7.59503
0.958 7.59994
0.959 7.60474
0.96 7.60942
0.961 7.61399
0.962 7.61844
0.963 7.62278
0.964 7.62702
0.965 7.63115
0.966 7.63517
0.967 7.63908
0.968 7.64289
0.969 7.6466
0.97 7.65021
0.971 7.65372
0.972 7.65714
0.973 7.66046
0.974 7.66368
0.975 7.66681
0.976 7.66985
0.977 7.6728
0.978 7.67567
0.979 7.67844
0.98 7.68113
0.981 7.68374
0.982 7.68626
0.983 7.68871
0.984 7.69107
0.985 7.69336
0.986 7.69557
0.987 7.6977
0.988 7.69976
0.989 7.70174
0.99 7.70366
0.991 7.7055
0.992 7.70728
0.993 7.70899
0.994 7.71063
0.995 7.7122
0.996 7.71372
0.997 7.71517
0.998 7.71656
0.999 7.71788
1 7.71915
1.001 0
