0 5
0.001 3.25454
0.002 3.25164
0.003 3.24873
0.004 3.24581
0.005 3.24289
0.006 3.23996
0.007 3.23703
0.008 3.2341
0.009 3.23116
0.01 3.22822
0.011 3.22528
0.012 3.22234
0.013 3.21939
0.014 3.21644
0.015 3.21348
0.016 3.21053
0.017 3.20758
0.018 3.20462
0.019 3.20166
0.02 3.19871
0.021 3.19575
0.022 3.19279
0.023 3.18984
0.024 3.18688
0.025 3.18393
0.026 3.18098
0.027 3.17803
0.028 3.17508
0.029 3.17214
0.03 3.1692
0.031 3.16626
0.032 3.16333
0.033 3.1604
0.034 3.15748
0.035 3.15456
0.036 3.15165
0.037 3.14874
0.038 3.14584
0.039 3.14295
0.04 3.14006
0.041 3.13718
0.042 3.13431
0.043 3.13145
0.044 3.1286
0.045 3.12576
0.046 3.12293
0.047 3.12011
0.048 3.1173
0.049 3.1145
0.05 3.11171
0.051 3.10894
0.052 3.10618
0.053 3.10343
0.054 3.10069
0.055 3.09797
0.056 3.09527
0.057 3.09258
0.058 3.0899
0.059 3.08725
0.06 3.0846
0.061 3.08198
0.062 3.07937
0.063 3.07678
0.064 3.07421
0.065 3.07166
0.066 3.06913
0.067 3.06662
0.068 3.06413
0.069 3.06166
0.07 3.05921
0.071 3.05678
0.072 3.05438
0.073 3.052
0.074 3.04964
0.075 3.0473
0.076 3.04499
0.077 3.04271
0.078 3.04044
0.079 3.03821
0.08 3.036
0.081 3.03381
0.082 3.03165
0.083 3.02952
0.084 3.02742
0.085 3.02534
0.086 3.0233
0.087 3.02128
0.088 3.01929
0.089 3.01732
0.09 3.01539
0.091 3.01349
0.092 3.01162
0.093 3.00978
0.094 3.00797
0.095 3.00619
0.096 3.00444
0.097 3.00273
0.098 3.00104
0.099 2.99939
0.1 2.99777
0.101 2.99618
0.102 2.99463
0.103 2.99311
0.104 2.99162
0.105 2.99017
0.106 2.98875
0.107 2.98736
0.108 2.98601
0.109 2.98469
0.11 2.98341
0.111 2.98216
0.112 2.98094
0.113 2.97976
0.114 2.97861
0.115 2.9775
0.116 2.97643
0.117 2.97539
0.118 2.97438
0.119 2.97341
0.12 2.97247
0.121 2.97157
0.122 2.97071
0.123 2.96988
0.124 2.96908
0.125 2.96832
0.126 2.96759
0.127 2.9669
0.128 2.96624
0.129 2.96562
0.13 2.96503
0.131 2.96448
0.132 2.96396
0.133 2.96347
0.134 2.96302
0.135 2.9626
0.136 2.96222
0.137 2.96187
0.138 2.96155
0.139 2.96127
0.14 2.96102
0.141 2.9608
0.142 2.96061
0.143 2.96046
0.144 2.96033
0.145 2.96024
0.146 2.96018
0.147 2.96015
0.148 2.96016
0.149 2.96019
0.15 2.96025
0.151 2.96035
0.152 2.96047
0.153 2.96062
0.154 2.9608
0.155 2.96101
0.156 2.96125
0.157 2.96152
0.158 2.96181
0.159 2.96213
0.16 2.96248
0.161 2.96286
0.162 2.96326
0.163 2.96368
0.164 2.96414
0.165 2.96461
0.166 2.96512
0.167 2.96564
0.168 2.96619
0.169 2.96677
0.17 2.96737
0.171 2.96799
0.172 2.96863
0.173 2.96929
0.174 2.96998
0.175 2.97069
0.176 2.97142
0.177 2.97216
0.178 2.97293
0.179 2.97372
0.18 2.97453
0.181 2.97536
0.182 2.9762
0.183 2.97707
0.184 2.97795
0.185 2.97884
0.186 2.97976
0.187 2.98069
0.188 2.98164
0.189 2.9826
0.19 2.98358
0.191 2.98458
0.192 2.98558
0.193 2.98661
0.194 2.98764
0.195 2.98869
0.196 2.98976
0.197 2.99083
0.198 2.99192
0.199 2.99302
0.2 2.99413
0.201 2.99526
0.202 2.99639
0.203 2.99754
0.204 2.99869
0.205 2.99986
0.206 3.00103
0.207 3.00222
0.208 3.00341
0.209 3.00462
0.21 3.00583
0.211 3.00704
0.212 3.00827
0.213 3.00951
0.214 3.01075
0.215 3.012
0.216 3.01325
0.217 3.01451
0.218 3.01578
0.219 3.01705
0.22 3.01833
0.221 3.01962
0.222 3.02091
0.223 3.0222
0.224 3.0235
0.225 3.0248
0.226 3.02611
0.227 3.02742
0.228 3.02874
0.229 3.03006
0.23 3.03138
0.231 3.0327
0.232 3.03403
0.233 3.03536
0.234 3.03669
0.235 3.03803
0.236 3.03936
0.237 3.0407
0.238 3.04204
0.239 3.04338
0.24 3.04473
0.241 3.04607
0.242 3.04741
0.243 3.04876
0.244 3.05011
0.245 3.05145
0.246 3.0528
0.247 3.05415
0.248 3.0555
0.249 3.05684
0.25 3.05819
0.251 3.05954
0.252 3.06088
0.253 3.06223
0.254 3.06357
0.255 3.06492
0.256 3.06626
0.257 3.0676
0.258 3.06894
0.259 3.07028
0.26 3.07162
0.261 3.07296
0.262 3.07429
0.263 3.07563
0.264 3.07696
0.265 3.07829
0.266 3.07962
0.267 3.08094
0.268 3.08227
0.269 3.08359
0.27 3.08491
0.271 3.08623
0.272 3.08754
0.273 3.08885
0.274 3.09016
0.275 3.09147
0.276 3.09277
0.277 3.09408
0.278 3.09538
0.279 3.09667
0.28 3.09796
0.281 3.09926
0.282 3.10054
0.283 3.10183
0.284 3.10311
0.285 3.10439
0.286 3.10566
0.287 3.10693
0.288 3.1082
0.289 3.10947
0.29 3.11073
0.291 3.11199
0.292 3.11324
0.293 3.1145
0.294 3.11574
0.295 3.11699
0.296 3.11823
0.297 3.11947
0.298 3.1207
0.299 3.12193
0.3 3.12316
0.301 3.12438
0.302 3.1256
0.303 3.12682
0.304 3.12803
0.305 3.12924
0.306 3.13045
0.307 3.13165
0.308 3.13284
0.309 3.13404
0.31 3.13523
0.311 3.13641
0.312 3.1376
0.313 3.13877
0.314 3.13995
0.315 3.14112
0.316 3.14229
0.317 3.14345
0.318 3.14461
0.319 3.14576
0.32 3.14691
0.321 3.14806
0.322 3.1492
0.323 3.15034
0.324 3.15148
0.325 3.15261
0.326 3.15374
0.327 3.15486
0.328 3.15598
0.329 3.1571
0.33 3.15821
0.331 3.15932
0.332 3.16042
0.333 3.16152
0.334 3.16262
0.335 3.16371
0.336 3.1648
0.337 3.16588
0.338 3.16696
0.339 3.16804
0.34 3.16911
0.341 3.17018
0.342 3.17125
0.343 3.17231
0.344 3.17336
0.345 3.17442
0.346 3.17547
0.347 3.17651
0.348 3.17755
0.349 3.17859
0.35 3.17963
0.351 3.18065
0.352 3.18168
0.353 3.1827
0.354 3.18372
0.355 3.18474
0.356 3.18575
0.357 3.18675
0.358 3.18776
0.359 3.18876
0.36 3.18975
0.361 3.19074
0.362 3.19173
0.363 3.19272
0.364 3.1937
0.365 3.19467
0.366 3.19565
0.367 3.19662
0.368 3.19758
0.369 3.19854
0.37 3.1995
0.371 3.20046
0.372 3.20141
0.373 3.20236
0.374 3.2033
0.375 3.20424
0.376 3.20518
0.377 3.20611
0.378 3.20704
0.379 3.20796
0.38 3.20889
0.381 3.20981
0.382 3.21072
0.383 3.21163
0.384 3.21254
0.385 3.21345
0.386 3.21435
0.387 3.21525
0.388 3.21614
0.389 3.21703
0.39 3.21792
0.391 3.21881
0.392 3.21969
0.393 3.22056
0.394 3.22144
0.395 3.22231
0.396 3.22318
0.397 3.22404
0.398 3.2249
0.399 3.22576
0.4 3.22662
0.401 3.22747
0.402 3.22832
0.403 3.22916
0.404 3.23
0.405 3.23084
0.406 3.23168
0.407 3.23251
0.408 3.23334
0.409 3.23417
0.41 3.23499
0.411 3.23581
0.412 3.23663
0.413 3.23744
0.414 3.23825
0.415 3.23906
0.416 3.23987
0.417 3.24067
0.418 3.24147
0.419 3.24226
0.42 3.24306
0.421 3.24385
0.422 3.24464
0.423 3.24542
0.424 3.2462
0.425 3.24698
0.426 3.24776
0.427 3.24853
0.428 3.2493
0.429 3.25007
0.43 3.25084
0.431 3.2516
0.432 3.25236
0.433 3.25311
0.434 3.25387
0.435 3.25462
0.436 3.25537
0.437 3.25611
0.438 3.25686
0.439 3.2576
0.44 3.25834
0.441 3.25907
0.442 3.25981
0.443 3.26054
0.444 3.26127
0.445 3.26199
0.446 3.26271
0.447 3.26343
0.448 3.26415
0.449 3.26487
0.45 3.26558
0.451 3.26629
0.452 3.267
0.453 3.26771
0.454 3.26841
0.455 3.26911
0.456 3.26981
0.457 3.27051
0.458 3.2712
0.459 3.27189
0.46 3.27258
0.461 3.27327
0.462 3.27395
0.463 3.27464
0.464 3.27532
0.465 3.27599
0.466 3.27667
0.467 3.27734
0.468 3.27801
0.469 3.27868
0.47 3.27935
0.471 3.28002
0.472 3.28068
0.473 3.28134
0.474 3.282
0.475 3.28265
0.476 3.28331
0.477 3.28396
0.478 3.28461
0.479 3.28526
0.48 3.2859
0.481 3.28655
0.482 3.28719
0.483 3.28783
0.484 3.28847
0.485 3.2891
0.486 3.28974
0.487 3.29037
0.488 3.291
0.489 3.29163
0.49 3.29225
0.491 3.29288
0.492 3.2935
0.493 3.29412
0.494 3.29474
0.495 3.29536
0.496 3.29597
0.497 3.29658
0.498 3.29719
0.499 3.2978
0.5 3.29841
0.501 3.29902
0.502 3.29962
0.503 3.30022
0.504 3.30082
0.505 3.30142
0.506 3.30202
0.507 3.30261
0.508 3.3032
0.509 3.3038
0.51 3.30439
0.511 3.30497
0.512 3.30556
0.513 3.30614
0.514 3.30673
0.515 3.30731
0.516 3.30789
0.517 3.30846
0.518 3.30904
0.519 3.30961
0.52 3.31019
0.521 3.31076
0.522 3.31133
0.523 3.31189
0.524 3.31246
0.525 3.31302
0.526 3.31358
0.527 3.31415
0.528 3.31471
0.529 3.31526
0.53 3.31582
0.531 3.31637
0.532 3.31693
0.533 3.31748
0.534 3.31803
0.535 3.31857
0.536 3.31912
0.537 3.31967
0.538 3.32021
0.539 3.32075
0.54 3.32129
0.541 3.32183
0.542 3.32237
0.543 3.3229
0.544 3.32344
0.545 3.32397
0.546 3.3245
0.547 3.32503
0.548 3.32556
0.549 3.32608
0.55 3.32661
0.551 3.32713
0.552 3.32765
0.553 3.32817
0.554 3.32869
0.555 3.32921
0.556 3.32973
0.557 3.33024
0.558 3.33075
0.559 3.33127
0.56 3.33178
0.561 3.33228
0.562 3.33279
0.563 3.3333
0.564 3.3338
0.565 3.3343
0.566 3.3348
0.567 3.3353
0.568 3.3358
0.569 3.3363
0.57 3.33679
0.571 3.33729
0.572 3.33778
0.573 3.33827
0.574 3.33876
0.575 3.33925
0.576 3.33973
0.577 3.34022
0.578 3.3407
0.579 3.34118
0.58 3.34166
0.581 3.34214
0.582 3.34262
0.583 3.34309
0.584 3.34357
0.585 3.34404
0.586 3.34451
0.587 3.34498
0.588 3.34545
0.589 3.34592
0.59 3.34638
0.591 3.34685
0.592 3.34731
0.593 3.34777
0.594 3.34823
0.595 3.34869
0.596 3.34915
0.597 3.3496
0.598 3.35006
0.599 3.35051
0.6 3.35096
0.601 3.35141
0.602 3.35186
0.603 3.3523
0.604 3.35275
0.605 3.35319
0.606 3.35363
0.607 3.35407
0.608 3.35451
0.609 3.35495
0.61 3.35539
0.611 3.35582
0.612 3.35625
0.613 3.35669
0.614 3.35712
0.615 3.35754
0.616 3.35797
0.617 3.3584
0.618 3.35882
0.619 3.35924
0.62 3.35966
0.621 3.36008
0.622 3.3605
0.623 3.36092
0.624 3.36133
0.625 3.36174
0.626 3.36215
0.627 3.36256
0.628 3.36297
0.629 3.36338
0.63 3.36378
0.631 3.36419
0.632 3.36459
0.633 3.36499
0.634 3.36539
0.635 3.36579
0.636 3.36618
0.637 3.36657
0.638 3.36697
0.639 3.36736
0.64 3.36775
0.641 3.36813
0.642 3.36852
0.643 3.3689
0.644 3.36929
0.645 3.36967
0.646 3.37005
0.647 3.37042
0.648 3.3708
0.649 3.37117
0.65 3.37154
0.651 3.37192
0.652 3.37228
0.653 3.37265
0.654 3.37302
0.655 3.37338
0.656 3.37374
0.657 3.3741
0.658 3.37446
0.659 3.37482
0.66 3.37517
0.661 3.37552
0.662 3.37588
0.663 3.37622
0.664 3.37657
0.665 3.37692
0.666 3.37726
0.667 3.3776
0.668 3.37794
0.669 3.37828
0.67 3.37862
0.671 3.37895
0.672 3.37928
0.673 3.37961
0.674 3.37994
0.675 3.38027
0.676 3.38059
0.677 3.38091
0.678 3.38123
0.679 3.38155
0.68 3.38187
0.681 3.38218
0.682 3.38249
0.683 3.3828
0.684 3.38311
0.685 3.38342
0.686 3.38372
0.687 3.38402
0.688 3.38432
0.689 3.38461
0.69 3.38491
0.691 3.3852
0.692 3.38549
0.693 3.38577
0.694 3.38606
0.695 3.38634
0.696 3.38662
0.697 3.3869
0.698 3.38717
0.699 3.38744
0.7 3.38771
0.701 3.38798
0.702 3.38824
0.703 3.3885
0.704 3.38876
0.705 3.38902
0.706 3.38927
0.707 3.38952
0.708 3.38976
0.709 3.39001
0.71 3.39025
0.711 3.39049
0.712 3.39072
0.713 3.39095
0.714 3.39118
0.715 3.3914
0.716 3.39162
0.717 3.39184
0.718 3.39206
0.719 3.39227
0.72 3.39247
0.721 3.39268
0.722 3.39288
0.723 3.39307
0.724 3.39326
0.725 3.39345
0.726 3.39363
0.727 3.39381
0.728 3.39399
0.729 3.39416
0.73 3.39432
0.731 3.39449
0.732 3.39464
0.733 3.3948
0.734 3.39494
0.735 3.39509
0.736 3.39522
0.737 3.39536
0.738 3.39548
0.739 3.39561
0.74 3.39572
0.741 3.39583
0.742 3.39594
0.743 3.39604
0.744 3.39613
0.745 3.39622
0.746 3.3963
0.747 3.39637
0.748 3.39644
0.749 3.3965
0.75 3.39656
0.751 3.39661
0.752 3.39665
0.753 3.39668
0.754 3.39671
0.755 3.39673
0.756 3.39674
0.757 3.39674
0.758 3.39673
0.759 3.39672
0.76 3.3967
0.761 3.39667
0.762 3.39663
0.763 3.39658
0.764 3.39652
0.765 3.39645
0.766 3.39637
0.767 3.39629
0.768 3.39619
0.769 3.39608
0.77 3.39596
0.771 3.39584
0.772 3.3957
0.773 3.39554
0.774 3.39538
0.775 3.39521
0.776 3.39502
0.777 3.39482
0.778 3.39461
0.779 3.39439
0.78 3.39415
0.781 3.3939
0.782 3.39364
0.783 3.39336
0.784 3.39307
0.785 3.39276
0.786 3.39244
0.787 3.39211
0.788 3.39176
0.789 3.39139
0.79 3.39101
0.791 3.39062
0.792 3.39021
0.793 3.38978
0.794 3.38933
0.795 3.38887
0.796 3.38839
0.797 3.38789
0.798 3.38737
0.799 3.38684
0.8 3.38629
0.801 3.38572
0.802 3.38513
0.803 3.38452
0.804 3.38389
0.805 3.38324
0.806 3.38258
0.807 3.38189
0.808 3.38118
0.809 3.38045
0.81 3.3797
0.811 3.37893
0.812 3.37814
0.813 3.37732
0.814 3.37648
0.815 3.37563
0.816 3.37475
0.817 3.37384
0.818 3.37292
0.819 3.37197
0.82 3.37099
0.821 3.37
0.822 3.36898
0.823 3.36794
0.824 3.36687
0.825 3.36578
0.826 3.36467
0.827 3.36353
0.828 3.36237
0.829 3.36118
0.83 3.35997
0.831 3.35873
0.832 3.35747
0.833 3.35619
0.834 3.35488
0.835 3.35354
0.836 3.35219
0.837 3.3508
0.838 3.3494
0.839 3.34796
0.84 3.34651
0.841 3.34503
0.842 3.34352
0.843 3.342
0.844 3.34044
0.845 3.33887
0.846 3.33727
0.847 3.33564
0.848 3.334
0.849 3.33233
0.85 3.33063
0.851 3.32892
0.852 3.32718
0.853 3.32542
0.854 3.32364
0.855 3.32183
0.856 3.32001
0.857 3.31816
0.858 3.3163
0.859 3.31441
0.86 3.31251
0.861 3.31058
0.862 3.30864
0.863 3.30667
0.864 3.30469
0.865 3.30269
0.866 3.30068
0.867 3.29865
0.868 3.2966
0.869 3.29453
0.87 3.29245
0.871 3.29036
0.872 3.28825
0.873 3.28613
0.874 3.284
0.875 3.28185
0.876 3.27969
0.877 3.27752
0.878 3.27534
0.879 3.27315
0.88 3.27095
0.881 3.26874
0.882 3.26652
0.883 3.26429
0.884 3.26206
0.885 3.25982
0.886 3.25758
0.887 3.25533
0.888 3.25307
0.889 3.25082
0.89 3.24855
0.891 3.24629
0.892 3.24402
0.893 3.24176
0.894 3.23949
0.895 3.23722
0.896 3.23495
0.897 3.23269
0.898 3.23042
0.899 3.22816
0.9 3.2259
0.901 3.22365
0.902 3.22139
0.903 3.21915
0.904 3.21691
0.905 3.21467
0.906 3.21244
0.907 3.21022
0.908 3.208
0.909 3.2058
0.91 3.2036
0.911 3.20141
0.912 3.19923
0.913 3.19706
0.914 3.1949
0.915 3.19275
0.916 3.19062
0.917 3.18849
0.918 3.18638
0.919 3.18428
0.92 3.18219
0.921 3.18012
0.922 3.17806
0.923 3.17601
0.924 3.17398
0.925 3.17197
0.926 3.16996
0.927 3.16798
0.928 3.16601
0.929 3.16405
0.93 3.16212
0.931 3.16019
0.932 3.15829
0.933 3.1564
0.934 3.15453
0.935 3.15268
0.936 3.15084
0.937 3.14902
0.938 3.14722
0.939 3.14544
0.94 3.14368
0.941 3.14193
0.942 3.1402
0.943 3.13849
0.944 3.1368
0.945 3.13513
0.946 3.13348
0.947 3.13184
0.948 3.13023
0.949 3.12863
0.95 3.12705
0.951 3.12549
0.952 3.12395
0.953 3.12243
0.954 3.12093
0.955 3.11944
0.956 3.11798
0.957 3.11653
0.958 3.11511
0.959 3.1137
0.96 3.11231
0.961 3.11093
0.962 3.10958
0.963 3.10825
0.964 3.10693
0.965 3.10563
0.966 3.10435
0.967 3.10309
0.968 3.10184
0.969 3.10062
0.97 3.09941
0.971 3.09822
0.972 3.09704
0.973 3.09589
0.974 3.09475
0.975 3.09362
0.976 3.09252
0.977 3.09143
0.978 3.09036
0.979 3.0893
0.98 3.08826
0.981 3.08724
0.982 3.08623
0.983 3.08524
0.984 3.08426
0.985 3.0833
0.986 3.08236
0.987 3.08143
0.988 3.08052
0.989 3.07962
0.99 3.07873
0.991 3.07786
0.992 3.07701
0.993 3.07617
0.994 3.07534
0.995 3.07453
0.996 3.07373
0.997 3.07294
0.998 3.07217
0.999 3.07141
1 3.07067
1.001 5
