0 -10
0.001 -6.54658
0.002 -6.53222
0.003 -6.51782
0.004 -6.50338
0.005 -6.48889
0.006 -6.47436
0.007 -6.45979
0.008 -6.44517
0.009 -6.43051
0.01 -6.41581
0.011 -6.40106
0.012 -6.38628
0.013 -6.37146
0.014 -6.3566
0.015 -6.3417
0.016 -6.32676
0.017 -6.31179
0.018 -6.29678
0.019 -6.28173
0.02 -6.26665
0.021 -6.25154
0.022 -6.23639
0.023 -6.22121
0.024 -6.206
0.025 -6.19076
0.026 -6.17549
0.027 -6.16018
0.028 -6.14486
0.029 -6.1295
0.03 -6.11412
0.031 -6.09871
0.032 -6.08328
0.033 -6.06782
0.034 -6.05234
0.035 -6.03685
0.036 -6.02133
0.037 -6.00579
0.038 -5.99023
0.039 -5.97466
0.04 -5.95906
0.041 -5.94346
0.042 -5.92784
0.043 -5.91221
0.044 -5.89656
0.045 -5.88091
0.046 -5.86524
0.047 -5.84957
0.048 -5.83389
0.049 -5.8182
0.05 -5.80251
0.051 -5.78681
0.052 -5.77111
0.053 -5.75541
0.054 -5.73971
0.055 -5.72401
0.056 -5.70831
0.057 -5.69261
0.058 -5.67692
0.059 -5.66124
0.06 -5.64556
0.061 -5.62989
0.062 -5.61423
0.063 -5.59857
0.064 -5.58293
0.065 -5.56731
0.066 -5.55169
0.067 -5.53609
0.068 -5.52051
0.069 -5.50494
0.07 -5.4894
0.071 -5.47387
0.072 -5.45836
0.073 -5.44288
0.074 -5.42741
0.075 -5.41197
0.076 -5.39656
0.077 -5.38117
0.078 -5.36581
0.079 -5.35048
0.08 -5.33518
0.081 -5.3199
0.082 -5.30466
0.083 -5.28945
0.084 -5.27428
0.085 -5.25914
0.086 -5.24403
0.087 -5.22896
0.088 -5.21393
0.089 -5.19893
0.09 -5.18398
0.091 -5.16906
0.092 -5.15418
0.093 -5.13935
0.094 -5.12456
0.095 -5.10981
0.096 -5.0951
0.097 -5.08044
0.098 -5.06582
0.099 -5.05125
0.1 -5.03673
0.101 -5.02225
0.102 -5.00782
0.103 -4.99344
0.104 -4.97911
0.105 -4.96482
0.106 -4.95059
0.107 -4.93641
0.108 -4.92228
0.109 -4.9082
0.11 -4.89417
0.111 -4.88019
0.112 -4.86627
0.113 -4.8524
0.114 -4.83859
0.115 -4.82483
0.116 -4.81112
0.117 -4.79747
0.118 -4.78387
0.119 -4.77033
0.12 -4.75684
0.121 -4.74341
0.122 -4.73004
0.123 -4.71672
0.124 -4.70346
0.125 -4.69025
0.126 -4.6771
0.127 -4.66401
0.128 -4.65098
0.129 -4.638
0.13 -4.62508
0.131 -4.61221
0.132 -4.59941
0.133 -4.58666
0.134 -4.57397
0.135 -4.56133
0.136 -4.54876
0.137 -4.53624
0.138 -4.52378
0.139 -4.51137
0.14 -4.49903
0.141 -4.48674
0.142 -4.47451
0.143 -4.46233
0.144 -4.45021
0.145 -4.43815
0.146 -4.42615
0.147 -4.4142
0.148 -4.40231
0.149 -4.39048
0.15 -4.37871
0.151 -4.36699
0.152 -4.35532
0.153 -4.34372
0.154 -4.33217
0.155 -4.32067
0.156 -4.30923
0.157 -4.29785
0.158 -4.28652
0.159 -4.27525
0.16 -4.26403
0.161 -4.25287
0.162 -4.24176
0.163 -4.23071
0.164 -4.21971
0.165 -4.20877
0.166 -4.19788
0.167 -4.18705
0.168 -4.17627
0.169 -4.16554
0.17 -4.15487
0.171 -4.14425
0.172 -4.13368
0.173 -4.12316
0.174 -4.1127
0.175 -4.10229
0.176 -4.09194
0.177 -4.08163
0.178 -4.07138
0.179 -4.06118
0.18 -4.05103
0.181 -4.04093
0.182 -4.03088
0.183 -4.02089
0.184 -4.01094
0.185 -4.00105
0.186 -3.9912
0.187 -3.98141
0.188 -3.97167
0.189 -3.96197
0.19 -3.95233
0.191 -3.94273
0.192 -3.93319
0.193 -3.92369
0.194 -3.91424
0.195 -3.90484
0.196 -3.89549
0.197 -3.88618
0.198 -3.87693
0.199 -3.86772
0.2 -3.85856
0.201 -3.84944
0.202 -3.84038
0.203 -3.83136
0.204 -3.82238
0.205 -3.81346
0.206 -3.80457
0.207 -3.79574
0.208 -3.78695
0.209 -3.7782
0.21 -3.7695
0.211 -3.76085
0.212 -3.75224
0.213 -3.74367
0.214 -3.73515
0.215 -3.72668
0.216 -3.71824
0.217 -3.70985
0.218 -3.7015
0.219 -3.6932
0.22 -3.68494
0.221 -3.67672
0.222 -3.66855
0.223 -3.66041
0.224 -3.65232
0.225 -3.64427
0.226 -3.63626
0.227 -3.62829
0.228 -3.62036
0.229 -3.61248
0.23 -3.60463
0.231 -3.59682
0.232 -3.58906
0.233 -3.58133
0.234 -3.57364
0.235 -3.566
0.236 -3.55839
0.237 -3.55082
0.238 -3.54328
0.239 -3.53579
0.24 -3.52833
0.241 -3.52091
0.242 -3.51353
0.243 -3.50619
0.244 -3.49888
0.245 -3.49161
0.246 -3.48437
0.247 -3.47717
0.248 -3.47001
0.249 -3.46288
0.25 -3.45579
0.251 -3.44874
0.252 -3.44171
0.253 -3.43473
0.254 -3.42777
0.255 -3.42085
0.256 -3.41397
0.257 -3.40712
0.258 -3.4003
0.259 -3.39351
0.26 -3.38676
0.261 -3.38004
0.262 -3.37335
0.263 -3.3667
0.264 -3.36008
0.265 -3.35348
0.266 -3.34692
0.267 -3.34039
0.268 -3.3339
0.269 -3.32743
0.27 -3.32099
0.271 -3.31458
0.272 -3.30821
0.273 -3.30186
0.274 -3.29554
0.275 -3.28925
0.276 -3.28299
0.277 -3.27676
0.278 -3.27056
0.279 -3.26439
0.28 -3.25824
0.281 -3.25212
0.282 -3.24603
0.283 -3.23997
0.284 -3.23393
0.285 -3.22793
0.286 -3.22194
0.287 -3.21599
0.288 -3.21006
0.289 -3.20416
0.29 -3.19828
0.291 -3.19243
0.292 -3.18661
0.293 -3.18081
0.294 -3.17503
0.295 -3.16928
0.296 -3.16356
0.297 -3.15786
0.298 -3.15218
0.299 -3.14653
0.3 -3.1409
0.301 -3.13529
0.302 -3.12971
0.303 -3.12416
0.304 -3.11862
0.305 -3.11311
0.306 -3.10762
0.307 -3.10216
0.308 -3.09671
0.309 -3.09129
0.31 -3.08589
0.311 -3.08051
0.312 -3.07516
0.313 -3.06982
0.314 -3.06451
0.315 -3.05922
0.316 -3.05395
0.317 -3.0487
0.318 -3.04347
0.319 -3.03826
0.32 -3.03307
0.321 -3.0279
0.322 -3.02275
0.323 -3.01762
0.324 -3.01251
0.325 -3.00742
0.326 -3.00235
0.327 -2.9973
0.328 -2.99227
0.329 -2.98726
0.33 -2.98226
0.331 -2.97729
0.332 -2.97233
0.333 -2.96739
0.334 -2.96247
0.335 -2.95756
0.336 -2.95268
0.337 -2.94781
0.338 -2.94296
0.339 -2.93812
0.34 -2.93331
0.341 -2.92851
0.342 -2.92372
0.343 -2.91896
0.344 -2.91421
0.345 -2.90948
0.346 -2.90476
0.347 -2.90006
0.348 -2.89537
0.349 -2.89071
0.35 -2.88605
0.351 -2.88142
0.352 -2.87679
0.353 -2.87219
0.354 -2.8676
0.355 -2.86302
0.356 -2.85846
0.357 -2.85391
0.358 -2.84938
0.359 -2.84486
0.36 -2.84036
0.361 -2.83587
0.362 -2.83139
0.363 -2.82693
0.364 -2.82249
0.365 -2.81805
0.366 -2.81363
0.367 -2.80923
0.368 -2.80484
0.369 -2.80046
0.37 -2.79609
0.371 -2.79174
0.372 -2.7874
0.373 -2.78307
0.374 -2.77875
0.375 -2.77445
0.376 -2.77016
0.377 -2.76588
0.378 -2.76162
0.379 -2.75736
0.38 -2.75312
0.381 -2.74889
0.382 -2.74467
0.383 -2.74046
0.384 -2.73627
0.385 -2.73208
0.386 -2.72791
0.387 -2.72375
0.388 -2.7196
0.389 -2.71545
0.39 -2.71132
0.391 -2.7072
0.392 -2.7031
0.393 -2.699
0.394 -2.69491
0.395 -2.69083
0.396 -2.68676
0.397 -2.6827
0.398 -2.67865
0.399 -2.67461
0.4 -2.67058
0.401 -2.66656
0.402 -2.66255
0.403 -2.65855
0.404 -2.65456
0.405 -2.65057
0.406 -2.6466
0.407 -2.64263
0.408 -2.63868
0.409 -2.63473
0.41 -2.63078
0.411 -2.62685
0.412 -2.62293
0.413 -2.61901
0.414 -2.6151
0.415 -2.6112
0.416 -2.60731
0.417 -2.60342
0.418 -2.59955
0.419 -2.59567
0.42 -2.59181
0.421 -2.58796
0.422 -2.58411
0.423 -2.58026
0.424 -2.57643
0.425 -2.5726
0.426 -2.56878
0.427 -2.56496
0.428 -2.56115
0.429 -2.55735
0.43 -2.55355
0.431 -2.54976
0.432 -2.54598
0.433 -2.5422
0.434 -2.53842
0.435 -2.53466
0.436 -2.53089
0.437 -2.52714
0.438 -2.52339
0.439 -2.51964
0.44 -2.5159
0.441 -2.51216
0.442 -2.50843
0.443 -2.5047
0.444 -2.50098
0.445 -2.49726
0.446 -2.49355
0.447 -2.48984
0.448 -2.48614
0.449 -2.48244
0.45 -2.47874
0.451 -2.47505
0.452 -2.47136
0.453 -2.46767
0.454 -2.46399
0.455 -2.46031
0.456 -2.45664
0.457 -2.45297
0.458 -2.4493
0.459 -2.44563
0.46 -2.44197
0.461 -2.43831
0.462 -2.43465
0.463 -2.431
0.464 -2.42734
0.465 -2.42369
0.466 -2.42005
0.467 -2.4164
0.468 -2.41276
0.469 -2.40912
0.47 -2.40548
0.471 -2.40184
0.472 -2.3982
0.473 -2.39457
0.474 -2.39093
0.475 -2.3873
0.476 -2.38367
0.477 -2.38004
0.478 -2.37641
0.479 -2.37278
0.48 -2.36916
0.481 -2.36553
0.482 -2.3619
0.483 -2.35828
0.484 -2.35465
0.485 -2.35103
0.486 -2.3474
0.487 -2.34378
0.488 -2.34015
0.489 -2.33653
0.49 -2.3329
0.491 -2.32928
0.492 -2.32565
0.493 -2.32202
0.494 -2.3184
0.495 -2.31477
0.496 -2.31114
0.497 -2.30751
0.498 -2.30387
0.499 -2.30024
0.5 -2.29661
0.501 -2.29297
0.502 -2.28933
0.503 -2.28569
0.504 -2.28205
0.505 -2.27841
0.506 -2.27476
0.507 -2.27111
0.508 -2.26746
0.509 -2.26381
0.51 -2.26016
0.511 -2.2565
0.512 -2.25284
0.513 -2.24917
0.514 -2.24551
0.515 -2.24184
0.516 -2.23817
0.517 -2.23449
0.518 -2.23081
0.519 -2.22713
0.52 -2.22344
0.521 -2.21975
0.522 -2.21606
0.523 -2.21236
0.524 -2.20866
0.525 -2.20495
0.526 -2.20124
0.527 -2.19753
0.528 -2.19381
0.529 -2.19008
0.53 -2.18635
0.531 -2.18262
0.532 -2.17888
0.533 -2.17513
0.534 -2.17138
0.535 -2.16763
0.536 -2.16387
0.537 -2.1601
0.538 -2.15633
0.539 -2.15255
0.54 -2.14877
0.541 -2.14498
0.542 -2.14118
0.543 -2.13738
0.544 -2.13357
0.545 -2.12976
0.546 -2.12593
0.547 -2.1221
0.548 -2.11827
0.549 -2.11442
0.55 -2.11057
0.551 -2.10672
0.552 -2.10285
0.553 -2.09898
0.554 -2.0951
0.555 -2.09121
0.556 -2.08731
0.557 -2.08341
0.558 -2.07949
0.559 -2.07557
0.56 -2.07164
0.561 -2.0677
0.562 -2.06376
0.563 -2.0598
0.564 -2.05584
0.565 -2.05186
0.566 -2.04788
0.567 -2.04388
0.568 -2.03988
0.569 -2.03587
0.57 -2.03185
0.571 -2.02781
0.572 -2.02377
0.573 -2.01972
0.574 -2.01565
0.575 -2.01158
0.576 -2.0075
0.577 -2.0034
0.578 -1.99929
0.579 -1.99518
0.58 -1.99105
0.581 -1.98691
0.582 -1.98276
0.583 -1.97859
0.584 -1.97442
0.585 -1.97023
0.586 -1.96603
0.587 -1.96182
0.588 -1.95759
0.589 -1.95335
0.59 -1.9491
0.591 -1.94484
0.592 -1.94057
0.593 -1.93628
0.594 -1.93197
0.595 -1.92766
0.596 -1.92333
0.597 -1.91898
0.598 -1.91462
0.599 -1.91025
0.6 -1.90587
0.601 -1.90146
0.602 -1.89705
0.603 -1.89262
0.604 -1.88817
0.605 -1.88371
0.606 -1.87924
0.607 -1.87474
0.608 -1.87024
0.609 -1.86571
0.61 -1.86117
0.611 -1.85662
0.612 -1.85205
0.613 -1.84746
0.614 -1.84285
0.615 -1.83823
0.616 -1.83359
0.617 -1.82893
0.618 -1.82426
0.619 -1.81957
0.62 -1.81486
0.621 -1.81013
0.622 -1.80539
0.623 -1.80062
0.624 -1.79584
0.625 -1.79104
0.626 -1.78622
0.627 -1.78138
0.628 -1.77652
0.629 -1.77164
0.63 -1.76674
0.631 -1.76183
0.632 -1.75689
0.633 -1.75193
0.634 -1.74695
0.635 -1.74196
0.636 -1.73694
0.637 -1.7319
0.638 -1.72683
0.639 -1.72175
0.64 -1.71665
0.641 -1.71152
0.642 -1.70637
0.643 -1.7012
0.644 -1.69601
0.645 -1.6908
0.646 -1.68556
0.647 -1.6803
0.648 -1.67501
0.649 -1.66971
0.65 -1.66438
0.651 -1.65902
0.652 -1.65364
0.653 -1.64824
0.654 -1.64281
0.655 -1.63736
0.656 -1.63189
0.657 -1.62638
0.658 -1.62086
0.659 -1.61531
0.66 -1.60973
0.661 -1.60413
0.662 -1.5985
0.663 -1.59284
0.664 -1.58716
0.665 -1.58146
0.666 -1.57572
0.667 -1.56996
0.668 -1.56417
0.669 -1.55836
0.67 -1.55252
0.671 -1.54665
0.672 -1.54075
0.673 -1.53482
0.674 -1.52887
0.675 -1.52288
0.676 -1.51687
0.677 -1.51083
0.678 -1.50476
0.679 -1.49867
0.68 -1.49254
0.681 -1.48638
0.682 -1.4802
0.683 -1.47398
0.684 -1.46774
0.685 -1.46146
0.686 -1.45515
0.687 -1.44882
0.688 -1.44245
0.689 -1.43605
0.69 -1.42962
0.691 -1.42316
0.692 -1.41667
0.693 -1.41015
0.694 -1.4036
0.695 -1.39701
0.696 -1.3904
0.697 -1.38375
0.698 -1.37707
0.699 -1.37036
0.7 -1.36361
0.701 -1.35684
0.702 -1.35003
0.703 -1.34319
0.704 -1.33631
0.705 -1.32941
0.706 -1.32247
0.707 -1.3155
0.708 -1.3085
0.709 -1.30146
0.71 -1.29439
0.711 -1.28729
0.712 -1.28016
0.713 -1.27299
0.714 -1.26579
0.715 -1.25856
0.716 -1.2513
0.717 -1.244
0.718 -1.23667
0.719 -1.22931
0.72 -1.22192
0.721 -1.21449
0.722 -1.20703
0.723 -1.19954
0.724 -1.19201
0.725 -1.18446
0.726 -1.17687
0.727 -1.16925
0.728 -1.1616
0.729 -1.15392
0.73 -1.14621
0.731 -1.13847
0.732 -1.13069
0.733 -1.12289
0.734 -1.11505
0.735 -1.10719
0.736 -1.09929
0.737 -1.09137
0.738 -1.08342
0.739 -1.07544
0.74 -1.06743
0.741 -1.05939
0.742 -1.05133
0.743 -1.04323
0.744 -1.03512
0.745 -1.02697
0.746 -1.0188
0.747 -1.01061
0.748 -1.00239
0.749 -0.994142
0.75 -0.985875
0.751 -0.977585
0.752 -0.969272
0.753 -0.960938
0.754 -0.952582
0.755 -0.944207
0.756 -0.935812
0.757 -0.927398
0.758 -0.918966
0.759 -0.910517
0.76 -0.902051
0.761 -0.89357
0.762 -0.885074
0.763 -0.876565
0.764 -0.868042
0.765 -0.859508
0.766 -0.850962
0.767 -0.842407
0.768 -0.833843
0.769 -0.825272
0.77 -0.816693
0.771 -0.80811
0.772 -0.799522
0.773 -0.790931
0.774 -0.782338
0.775 -0.773744
0.776 -0.765151
0.777 -0.756561
0.778 -0.747973
0.779 -0.739391
0.78 -0.730815
0.781 -0.722246
0.782 -0.713687
0.783 -0.705138
0.784 -0.696602
0.785 -0.68808
0.786 -0.679573
0.787 -0.671083
0.788 -0.662612
0.789 -0.654162
0.79 -0.645734
0.791 -0.63733
0.792 -0.628952
0.793 -0.620602
0.794 -0.612281
0.795 -0.603992
0.796 -0.595737
0.797 -0.587517
0.798 -0.579334
0.799 -0.571191
0.8 -0.563089
0.801 -0.555031
0.802 -0.547018
0.803 -0.539053
0.804 -0.531138
0.805 -0.523276
0.806 -0.515467
0.807 -0.507716
0.808 -0.500023
0.809 -0.492391
0.81 -0.484822
0.811 -0.477319
0.812 -0.469884
0.813 -0.462519
0.814 -0.455227
0.815 -0.44801
0.816 -0.440871
0.817 -0.433811
0.818 -0.426833
0.819 -0.41994
0.82 -0.413135
0.821 -0.406418
0.822 -0.399794
0.823 -0.393264
0.824 -0.38683
0.825 -0.380496
0.826 -0.374264
0.827 -0.368136
0.828 -0.362115
0.829 -0.356202
0.83 -0.350401
0.831 -0.344714
0.832 -0.339144
0.833 -0.333692
0.834 -0.328361
0.835 -0.323153
0.836 -0.318072
0.837 -0.313119
0.838 -0.308296
0.839 -0.303606
0.84 -0.299052
0.841 -0.294635
0.842 -0.290357
0.843 -0.286221
0.844 -0.28223
0.845 -0.278384
0.846 -0.274687
0.847 -0.27114
0.848 -0.267746
0.849 -0.264507
0.85 -0.261423
0.851 -0.258498
0.852 -0.255734
0.853 -0.253131
0.854 -0.250693
0.855 -0.24842
0.856 -0.246315
0.857 -0.244379
0.858 -0.242613
0.859 -0.24102
0.86 -0.239601
0.861 -0.238357
0.862 -0.23729
0.863 -0.236401
0.864 -0.235691
0.865 -0.235162
0.866 -0.234814
0.867 -0.23465
0.868 -0.23467
0.869 -0.234874
0.87 -0.235265
0.871 -0.235842
0.872 -0.236607
0.873 -0.237561
0.874 -0.238703
0.875 -0.240035
0.876 -0.241558
0.877 -0.243271
0.878 -0.245176
0.879 -0.247271
0.88 -0.249559
0.881 -0.252039
0.882 -0.254711
0.883 -0.257575
0.884 -0.260632
0.885 -0.26388
0.886 -0.267321
0.887 -0.270954
0.888 -0.274779
0.889 -0.278795
0.89 -0.283001
0.891 -0.287399
0.892 -0.291986
0.893 -0.296763
0.894 -0.301728
0.895 -0.306882
0.896 -0.312222
0.897 -0.317749
0.898 -0.323462
0.899 -0.329359
0.9 -0.335439
0.901 -0.341702
0.902 -0.348145
0.903 -0.354769
0.904 -0.361571
0.905 -0.368551
0.906 -0.375707
0.907 -0.383037
0.908 -0.390539
0.909 -0.398214
0.91 -0.406058
0.911 -0.41407
0.912 -0.422248
0.913 -0.430591
0.914 -0.439096
0.915 -0.447763
0.916 -0.456588
0.917 -0.465571
0.918 -0.474708
0.919 -0.483999
0.92 -0.49344
0.921 -0.50303
0.922 -0.512766
0.923 -0.522647
0.924 -0.53267
0.925 -0.542833
0.926 -0.553133
0.927 -0.563569
0.928 -0.574138
0.929 -0.584837
0.93 -0.595664
0.931 -0.606617
0.932 -0.617693
0.933 -0.62889
0.934 -0.640205
0.935 -0.651636
0.936 -0.66318
0.937 -0.674835
0.938 -0.686597
0.939 -0.698466
0.94 -0.710437
0.941 -0.722509
0.942 -0.734678
0.943 -0.746943
0.944 -0.7593
0.945 -0.771747
0.946 -0.784282
0.947 -0.796901
0.948 -0.809603
0.949 -0.822384
0.95 -0.835242
0.951 -0.848175
0.952 -0.861179
0.953 -0.874252
0.954 -0.887393
0.955 -0.900597
0.956 -0.913863
0.957 -0.927187
0.958 -0.940569
0.959 -0.954004
0.96 -0.967491
0.961 -0.981027
0.962 -0.994609
0.963 -1.00824
0.964 -1.0219
0.965 -1.03561
0.966 -1.04936
0.967 -1.06314
0.968 -1.07695
0.969 -1.09079
0.97 -1.10466
0.971 -1.11856
0.972 -1.13247
0.973 -1.14641
0.974 -1.16037
0.975 -1.17435
0.976 -1.18834
0.977 -1.20234
0.978 -1.21636
0.979 -1.23038
0.98 -1.24441
0.981 -1.25844
0.982 -1.27248
0.983 -1.28651
0.984 -1.30055
0.985 -1.31458
0.986 -1.32861
0.987 -1.34264
0.988 -1.35665
0.989 -1.37066
0.99 -1.38465
0.991 -1.39863
0.992 -1.4126
0.993 -1.42655
0.994 -1.44048
0.995 -1.4544
0.996 -1.46829
0.997 -1.48216
0.998 -1.49601
0.999 -1.50983
1 -1.52363
1.001 -10
