0 -10
0.001 -5.78532
0.002 -5.76795
0.003 -5.75059
0.004 -5.73324
0.005 -5.7159
0.006 -5.69857
0.007 -5.68126
0.008 -5.66397
0.009 -5.64669
0.01 -5.62943
0.011 -5.61219
0.012 -5.59498
0.013 -5.57779
0.014 -5.56062
0.015 -5.54348
0.016 -5.52637
0.017 -5.50928
0.018 -5.49223
0.019 -5.47521
0.02 -5.45822
0.021 -5.44126
0.022 -5.42434
0.023 -5.40746
0.024 -5.39061
0.025 -5.3738
0.026 -5.35704
0.027 -5.34031
0.028 -5.32363
0.029 -5.30699
0.03 -5.2904
0.031 -5.27385
0.032 -5.25735
0.033 -5.2409
0.034 -5.22449
0.035 -5.20814
0.036 -5.19184
0.037 -5.17559
0.038 -5.15939
0.039 -5.14325
0.04 -5.12716
0.041 -5.11113
0.042 -5.09516
0.043 -5.07924
0.044 -5.06338
0.045 -5.04758
0.046 -5.03184
0.047 -5.01616
0.048 -5.00054
0.049 -4.98498
0.05 -4.96948
0.051 -4.95405
0.052 -4.93868
0.053 -4.92338
0.054 -4.90814
0.055 -4.89296
0.056 -4.87786
0.057 -4.86281
0.058 -4.84784
0.059 -4.83293
0.06 -4.81808
0.061 -4.80331
0.062 -4.7886
0.063 -4.77396
0.064 -4.75939
0.065 -4.74489
0.066 -4.73045
0.067 -4.71609
0.068 -4.70179
0.069 -4.68757
0.07 -4.67341
0.071 -4.65932
0.072 -4.64531
0.073 -4.63136
0.074 -4.61748
0.075 -4.60367
0.076 -4.58993
0.077 -4.57626
0.078 -4.56266
0.079 -4.54913
0.08 -4.53567
0.081 -4.52228
0.082 -4.50896
0.083 -4.49571
0.084 -4.48252
0.085 -4.46941
0.086 -4.45636
0.087 -4.44338
0.088 -4.43047
0.089 -4.41763
0.09 -4.40485
0.091 -4.39215
0.092 -4.37951
0.093 -4.36693
0.094 -4.35443
0.095 -4.34199
0.096 -4.32961
0.097 -4.3173
0.098 -4.30506
0.099 -4.29288
0.1 -4.28077
0.101 -4.26872
0.102 -4.25674
0.103 -4.24482
0.104 -4.23296
0.105 -4.22117
0.106 -4.20944
0.107 -4.19777
0.108 -4.18616
0.109 -4.17462
0.11 -4.16313
0.111 -4.15171
0.112 -4.14035
0.113 -4.12904
0.114 -4.1178
0.115 -4.10662
0.116 -4.09549
0.117 -4.08443
0.118 -4.07342
0.119 -4.06247
0.12 -4.05157
0.121 -4.04074
0.122 -4.02996
0.123 -4.01923
0.124 -4.00856
0.125 -3.99795
0.126 -3.98739
0.127 -3.97689
0.128 -3.96644
0.129 -3.95604
0.13 -3.9457
0.131 -3.93541
0.132 -3.92517
0.133 -3.91499
0.134 -3.90485
0.135 -3.89477
0.136 -3.88474
0.137 -3.87476
0.138 -3.86483
0.139 -3.85494
0.14 -3.84511
0.141 -3.83533
0.142 -3.8256
0.143 -3.81591
0.144 -3.80627
0.145 -3.79668
0.146 -3.78714
0.147 -3.77765
0.148 -3.7682
0.149 -3.75879
0.15 -3.74944
0.151 -3.74012
0.152 -3.73086
0.153 -3.72164
0.154 -3.71246
0.155 -3.70333
0.156 -3.69424
0.157 -3.68519
0.158 -3.67619
0.159 -3.66723
0.16 -3.65831
0.161 -3.64943
0.162 -3.6406
0.163 -3.63181
0.164 -3.62305
0.165 -3.61434
0.166 -3.60567
0.167 -3.59704
0.168 -3.58846
0.169 -3.57991
0.17 -3.57139
0.171 -3.56292
0.172 -3.55449
0.173 -3.54609
0.174 -3.53774
0.175 -3.52942
0.176 -3.52114
0.177 -3.51289
0.178 -3.50469
0.179 -3.49652
0.18 -3.48838
0.181 -3.48029
0.182 -3.47222
0.183 -3.4642
0.184 -3.45621
0.185 -3.44825
0.186 -3.44033
0.187 -3.43244
0.188 -3.42459
0.189 -3.41677
0.19 -3.40899
0.191 -3.40124
0.192 -3.39352
0.193 -3.38583
0.194 -3.37818
0.195 -3.37056
0.196 -3.36297
0.197 -3.35541
0.198 -3.34789
0.199 -3.3404
0.2 -3.33293
0.201 -3.3255
0.202 -3.3181
0.203 -3.31073
0.204 -3.30339
0.205 -3.29608
0.206 -3.2888
0.207 -3.28155
0.208 -3.27433
0.209 -3.26714
0.21 -3.25998
0.211 -3.25284
0.212 -3.24573
0.213 -3.23866
0.214 -3.23161
0.215 -3.22458
0.216 -3.21759
0.217 -3.21062
0.218 -3.20368
0.219 -3.19676
0.22 -3.18988
0.221 -3.18301
0.222 -3.17618
0.223 -3.16937
0.224 -3.16259
0.225 -3.15583
0.226 -3.1491
0.227 -3.14239
0.228 -3.13571
0.229 -3.12905
0.23 -3.12241
0.231 -3.11581
0.232 -3.10922
0.233 -3.10266
0.234 -3.09612
0.235 -3.08961
0.236 -3.08312
0.237 -3.07665
0.238 -3.07021
0.239 -3.06379
0.24 -3.05739
0.241 -3.05102
0.242 -3.04466
0.243 -3.03833
0.244 -3.03202
0.245 -3.02574
0.246 -3.01947
0.247 -3.01323
0.248 -3.007
0.249 -3.0008
0.25 -2.99462
0.251 -2.98846
0.252 -2.98232
0.253 -2.9762
0.254 -2.97011
0.255 -2.96403
0.256 -2.95797
0.257 -2.95193
0.258 -2.94591
0.259 -2.93991
0.26 -2.93393
0.261 -2.92797
0.262 -2.92203
0.263 -2.91611
0.264 -2.9102
0.265 -2.90432
0.266 -2.89845
0.267 -2.8926
0.268 -2.88677
0.269 -2.88096
0.27 -2.87517
0.271 -2.86939
0.272 -2.86363
0.273 -2.85789
0.274 -2.85217
0.275 -2.84646
0.276 -2.84077
0.277 -2.8351
0.278 -2.82944
0.279 -2.8238
0.28 -2.81818
0.281 -2.81258
0.282 -2.80699
0.283 -2.80141
0.284 -2.79586
0.285 -2.79031
0.286 -2.78479
0.287 -2.77928
0.288 -2.77379
0.289 -2.76831
0.29 -2.76285
0.291 -2.7574
0.292 -2.75197
0.293 -2.74655
0.294 -2.74115
0.295 -2.73576
0.296 -2.73038
0.297 -2.72503
0.298 -2.71968
0.299 -2.71435
0.3 -2.70904
0.301 -2.70374
0.302 -2.69845
0.303 -2.69318
0.304 -2.68792
0.305 -2.68267
0.306 -2.67744
0.307 -2.67222
0.308 -2.66702
0.309 -2.66182
0.31 -2.65665
0.311 -2.65148
0.312 -2.64633
0.313 -2.64119
0.314 -2.63606
0.315 -2.63095
0.316 -2.62585
0.317 -2.62076
0.318 -2.61568
0.319 -2.61062
0.32 -2.60557
0.321 -2.60053
0.322 -2.5955
0.323 -2.59048
0.324 -2.58548
0.325 -2.58049
0.326 -2.57551
0.327 -2.57054
0.328 -2.56558
0.329 -2.56063
0.33 -2.5557
0.331 -2.55077
0.332 -2.54586
0.333 -2.54096
0.334 -2.53607
0.335 -2.53119
0.336 -2.52632
0.337 -2.52146
0.338 -2.51661
0.339 -2.51178
0.34 -2.50695
0.341 -2.50213
0.342 -2.49732
0.343 -2.49253
0.344 -2.48774
0.345 -2.48296
0.346 -2.4782
0.347 -2.47344
0.348 -2.46869
0.349 -2.46395
0.35 -2.45922
0.351 -2.4545
0.352 -2.44979
0.353 -2.44509
0.354 -2.4404
0.355 -2.43572
0.356 -2.43104
0.357 -2.42638
0.358 -2.42172
0.359 -2.41707
0.36 -2.41243
0.361 -2.4078
0.362 -2.40318
0.363 -2.39856
0.364 -2.39396
0.365 -2.38936
0.366 -2.38477
0.367 -2.38018
0.368 -2.37561
0.369 -2.37104
0.37 -2.36648
0.371 -2.36193
0.372 -2.35739
0.373 -2.35285
0.374 -2.34832
0.375 -2.3438
0.376 -2.33928
0.377 -2.33478
0.378 -2.33027
0.379 -2.32578
0.38 -2.32129
0.381 -2.31681
0.382 -2.31234
0.383 -2.30787
0.384 -2.30341
0.385 -2.29895
0.386 -2.2945
0.387 -2.29006
0.388 -2.28562
0.389 -2.28119
0.39 -2.27677
0.391 -2.27235
0.392 -2.26793
0.393 -2.26352
0.394 -2.25912
0.395 -2.25472
0.396 -2.25033
0.397 -2.24594
0.398 -2.24156
0.399 -2.23718
0.4 -2.23281
0.401 -2.22844
0.402 -2.22408
0.403 -2.21972
0.404 -2.21537
0.405 -2.21102
0.406 -2.20667
0.407 -2.20233
0.408 -2.198
0.409 -2.19366
0.41 -2.18934
0.411 -2.18501
0.412 -2.18069
0.413 -2.17637
0.414 -2.17206
0.415 -2.16775
0.416 -2.16344
0.417 -2.15914
0.418 -2.15484
0.419 -2.15054
0.42 -2.14624
0.421 -2.14195
0.422 -2.13766
0.423 -2.13338
0.424 -2.12909
0.425 -2.12481
0.426 -2.12053
0.427 -2.11626
0.428 -2.11198
0.429 -2.10771
0.43 -2.10344
0.431 -2.09917
0.432 -2.09491
0.433 -2.09064
0.434 -2.08638
0.435 -2.08212
0.436 -2.07786
0.437 -2.0736
0.438 -2.06934
0.439 -2.06508
0.44 -2.06082
0.441 -2.05657
0.442 -2.05231
0.443 -2.04806
0.444 -2.04381
0.445 -2.03955
0.446 -2.0353
0.447 -2.03105
0.448 -2.0268
0.449 -2.02254
0.45 -2.01829
0.451 -2.01404
0.452 -2.00979
0.453 -2.00553
0.454 -2.00128
0.455 -1.99703
0.456 -1.99277
0.457 -1.98851
0.458 -1.98426
0.459 -1.98
0.46 -1.97574
0.461 -1.97148
0.462 -1.96722
0.463 -1.96295
0.464 -1.95869
0.465 -1.95442
0.466 -1.95015
0.467 -1.94588
0.468 -1.94161
0.469 -1.93734
0.47 -1.93306
0.471 -1.92878
0.472 -1.9245
0.473 -1.92021
0.474 -1.91592
0.475 -1.91163
0.476 -1.90734
0.477 -1.90305
0.478 -1.89875
0.479 -1.89444
0.48 -1.89014
0.481 -1.88583
0.482 -1.88151
0.483 -1.8772
0.484 -1.87287
0.485 -1.86855
0.486 -1.86422
0.487 -1.85989
0.488 -1.85555
0.489 -1.85121
0.49 -1.84686
0.491 -1.84251
0.492 -1.83815
0.493 -1.83379
0.494 -1.82942
0.495 -1.82505
0.496 -1.82067
0.497 -1.81629
0.498 -1.8119
0.499 -1.80751
0.5 -1.80311
0.501 -1.7987
0.502 -1.79429
0.503 -1.78987
0.504 -1.78544
0.505 -1.78101
0.506 -1.77658
0.507 -1.77213
0.508 -1.76768
0.509 -1.76322
0.51 -1.75876
0.511 -1.75428
0.512 -1.7498
0.513 -1.74532
0.514 -1.74082
0.515 -1.73632
0.516 -1.73181
0.517 -1.72729
0.518 -1.72276
0.519 -1.71823
0.52 -1.71368
0.521 -1.70913
0.522 -1.70457
0.523 -1.7
0.524 -1.69542
0.525 -1.69083
0.526 -1.68624
0.527 -1.68163
0.528 -1.67701
0.529 -1.67239
0.53 -1.66775
0.531 -1.66311
0.532 -1.65845
0.533 -1.65379
0.534 -1.64911
0.535 -1.64442
0.536 -1.63973
0.537 -1.63502
0.538 -1.6303
0.539 -1.62557
0.54 -1.62083
0.541 -1.61608
0.542 -1.61132
0.543 -1.60654
0.544 -1.60176
0.545 -1.59696
0.546 -1.59215
0.547 -1.58733
0.548 -1.58249
0.549 -1.57764
0.55 -1.57279
0.551 -1.56791
0.552 -1.56303
0.553 -1.55813
0.554 -1.55322
0.555 -1.54829
0.556 -1.54336
0.557 -1.53841
0.558 -1.53344
0.559 -1.52846
0.56 -1.52347
0.561 -1.51846
0.562 -1.51344
0.563 -1.5084
0.564 -1.50335
0.565 -1.49829
0.566 -1.49321
0.567 -1.48812
0.568 -1.48301
0.569 -1.47788
0.57 -1.47274
0.571 -1.46758
0.572 -1.46241
0.573 -1.45722
0.574 -1.45202
0.575 -1.4468
0.576 -1.44157
0.577 -1.43631
0.578 -1.43105
0.579 -1.42576
0.58 -1.42046
0.581 -1.41514
0.582 -1.4098
0.583 -1.40445
0.584 -1.39908
0.585 -1.39369
0.586 -1.38828
0.587 -1.38286
0.588 -1.37742
0.589 -1.37196
0.59 -1.36648
0.591 -1.36099
0.592 -1.35547
0.593 -1.34994
0.594 -1.34439
0.595 -1.33882
0.596 -1.33323
0.597 -1.32762
0.598 -1.32199
0.599 -1.31635
0.6 -1.31068
0.601 -1.305
0.602 -1.29929
0.603 -1.29357
0.604 -1.28782
0.605 -1.28206
0.606 -1.27627
0.607 -1.27047
0.608 -1.26464
0.609 -1.2588
0.61 -1.25293
0.611 -1.24705
0.612 -1.24114
0.613 -1.23521
0.614 -1.22926
0.615 -1.2233
0.616 -1.21731
0.617 -1.21129
0.618 -1.20526
0.619 -1.19921
0.62 -1.19313
0.621 -1.18704
0.622 -1.18092
0.623 -1.17478
0.624 -1.16862
0.625 -1.16244
0.626 -1.15624
0.627 -1.15001
0.628 -1.14377
0.629 -1.1375
0.63 -1.13121
0.631 -1.1249
0.632 -1.11856
0.633 -1.11221
0.634 -1.10583
0.635 -1.09943
0.636 -1.09301
0.637 -1.08657
0.638 -1.08011
0.639 -1.07362
0.64 -1.06711
0.641 -1.06059
0.642 -1.05403
0.643 -1.04746
0.644 -1.04087
0.645 -1.03425
0.646 -1.02762
0.647 -1.02096
0.648 -1.01428
0.649 -1.00758
0.65 -1.00086
0.651 -0.994118
0.652 -0.987356
0.653 -0.980572
0.654 -0.973768
0.655 -0.966944
0.656 -0.960099
0.657 -0.953234
0.658 -0.946349
0.659 -0.939445
0.66 -0.93252
0.661 -0.925577
0.662 -0.918614
0.663 -0.911632
0.664 -0.904632
0.665 -0.897613
0.666 -0.890576
0.667 -0.883521
0.668 -0.876448
0.669 -0.869357
0.67 -0.86225
0.671 -0.855126
0.672 -0.847985
0.673 -0.840828
0.674 -0.833655
0.675 -0.826467
0.676 -0.819263
0.677 -0.812045
0.678 -0.804813
0.679 -0.797567
0.68 -0.790307
0.681 -0.783034
0.682 -0.775749
0.683 -0.768451
0.684 -0.761142
0.685 -0.753822
0.686 -0.746491
0.687 -0.73915
0.688 -0.731799
0.689 -0.72444
0.69 -0.717072
0.691 -0.709696
0.692 -0.702313
0.693 -0.694924
0.694 -0.687528
0.695 -0.680128
0.696 -0.672723
0.697 -0.665313
0.698 -0.657901
0.699 -0.650486
0.7 -0.64307
0.701 -0.635652
0.702 -0.628235
0.703 -0.620818
0.704 -0.613402
0.705 -0.605989
0.706 -0.598579
0.707 -0.591173
0.708 -0.583772
0.709 -0.576376
0.71 -0.568988
0.711 -0.561607
0.712 -0.554235
0.713 -0.546872
0.714 -0.53952
0.715 -0.53218
0.716 -0.524852
0.717 -0.517538
0.718 -0.510239
0.719 -0.502956
0.72 -0.49569
0.721 -0.488442
0.722 -0.481214
0.723 -0.474005
0.724 -0.466819
0.725 -0.459655
0.726 -0.452516
0.727 -0.445402
0.728 -0.438314
0.729 -0.431254
0.73 -0.424223
0.731 -0.417223
0.732 -0.410255
0.733 -0.403319
0.734 -0.396418
0.735 -0.389553
0.736 -0.382725
0.737 -0.375936
0.738 -0.369186
0.739 -0.362478
0.74 -0.355813
0.741 -0.349192
0.742 -0.342617
0.743 -0.336089
0.744 -0.32961
0.745 -0.323181
0.746 -0.316803
0.747 -0.310479
0.748 -0.30421
0.749 -0.297997
0.75 -0.291842
0.751 -0.285746
0.752 -0.279711
0.753 -0.273739
0.754 -0.267831
0.755 -0.261989
0.756 -0.256214
0.757 -0.250508
0.758 -0.244872
0.759 -0.239308
0.76 -0.233818
0.761 -0.228404
0.762 -0.223066
0.763 -0.217806
0.764 -0.212627
0.765 -0.207529
0.766 -0.202515
0.767 -0.197586
0.768 -0.192743
0.769 -0.187988
0.77 -0.183322
0.771 -0.178748
0.772 -0.174267
0.773 -0.16988
0.774 -0.165589
0.775 -0.161395
0.776 -0.157301
0.777 -0.153307
0.778 -0.149414
0.779 -0.145626
0.78 -0.141942
0.781 -0.138365
0.782 -0.134896
0.783 -0.131536
0.784 -0.128287
0.785 -0.12515
0.786 -0.122127
0.787 -0.119219
0.788 -0.116427
0.789 -0.113753
0.79 -0.111197
0.791 -0.108762
0.792 -0.106449
0.793 -0.104258
0.794 -0.102192
0.795 -0.10025
0.796 -0.0984352
0.797 -0.0967477
0.798 -0.0951887
0.799 -0.0937595
0.8 -0.0924611
0.801 -0.0912945
0.802 -0.0902608
0.803 -0.0893608
0.804 -0.0885956
0.805 -0.0879661
0.806 -0.0874731
0.807 -0.0871174
0.808 -0.0869
0.809 -0.0868216
0.81 -0.086883
0.811 -0.0870848
0.812 -0.0874277
0.813 -0.0879125
0.814 -0.0885396
0.815 -0.0893098
0.816 -0.0902234
0.817 -0.0912811
0.818 -0.0924833
0.819 -0.0938304
0.82 -0.0953229
0.821 -0.096961
0.822 -0.0987452
0.823 -0.100676
0.824 -0.102753
0.825 -0.104976
0.826 -0.107347
0.827 -0.109864
0.828 -0.112529
0.829 -0.115341
0.83 -0.1183
0.831 -0.121406
0.832 -0.12466
0.833 -0.12806
0.834 -0.131607
0.835 -0.135301
0.836 -0.139141
0.837 -0.143127
0.838 -0.14726
0.839 -0.151538
0.84 -0.155961
0.841 -0.160528
0.842 -0.16524
0.843 -0.170096
0.844 -0.175096
0.845 -0.180238
0.846 -0.185522
0.847 -0.190947
0.848 -0.196514
0.849 -0.202221
0.85 -0.208067
0.851 -0.214051
0.852 -0.220174
0.853 -0.226433
0.854 -0.232828
0.855 -0.239359
0.856 -0.246024
0.857 -0.252822
0.858 -0.259752
0.859 -0.266814
0.86 -0.274005
0.861 -0.281326
0.862 -0.288775
0.863 -0.29635
0.864 -0.30405
0.865 -0.311875
0.866 -0.319824
0.867 -0.327893
0.868 -0.336084
0.869 -0.344393
0.87 -0.35282
0.871 -0.361364
0.872 -0.370022
0.873 -0.378795
0.874 -0.387679
0.875 -0.396674
0.876 -0.405778
0.877 -0.41499
0.878 -0.424308
0.879 -0.433731
0.88 -0.443256
0.881 -0.452883
0.882 -0.46261
0.883 -0.472435
0.884 -0.482357
0.885 -0.492373
0.886 -0.502483
0.887 -0.512685
0.888 -0.522976
0.889 -0.533356
0.89 -0.543822
0.891 -0.554373
0.892 -0.565007
0.893 -0.575723
0.894 -0.586518
0.895 -0.597391
0.896 -0.60834
0.897 -0.619363
0.898 -0.630459
0.899 -0.641626
0.9 -0.652862
0.901 -0.664165
0.902 -0.675534
0.903 -0.686967
0.904 -0.698461
0.905 -0.710016
0.906 -0.721629
0.907 -0.733299
0.908 -0.745024
0.909 -0.756802
0.91 -0.768631
0.911 -0.78051
0.912 -0.792437
0.913 -0.80441
0.914 -0.816427
0.915 -0.828487
0.916 -0.840588
0.917 -0.852729
0.918 -0.864907
0.919 -0.877121
0.92 -0.889369
0.921 -0.90165
0.922 -0.913961
0.923 -0.926302
0.924 -0.938671
0.925 -0.951065
0.926 -0.963484
0.927 -0.975926
0.928 -0.988389
0.929 -1.00087
0.93 -1.01337
0.931 -1.02589
0.932 -1.03842
0.933 -1.05097
0.934 -1.06353
0.935 -1.07609
0.936 -1.08867
0.937 -1.10126
0.938 -1.11385
0.939 -1.12645
0.94 -1.13905
0.941 -1.15165
0.942 -1.16425
0.943 -1.17686
0.944 -1.18946
0.945 -1.20206
0.946 -1.21465
0.947 -1.22724
0.948 -1.23982
0.949 -1.2524
0.95 -1.26496
0.951 -1.27752
0.952 -1.29006
0.953 -1.30259
0.954 -1.31511
0.955 -1.32761
0.956 -1.3401
0.957 -1.35257
0.958 -1.36502
0.959 -1.37745
0.96 -1.38986
0.961 -1.40226
0.962 -1.41463
0.963 -1.42698
0.964 -1.4393
0.965 -1.4516
0.966 -1.46388
0.967 -1.47612
0.968 -1.48835
0.969 -1.50054
0.97 -1.51271
0.971 -1.52484
0.972 -1.53695
0.973 -1.54903
0.974 -1.56107
0.975 -1.57308
0.976 -1.58506
0.977 -1.59701
0.978 -1.60892
0.979 -1.6208
0.98 -1.63265
0.981 -1.64445
0.982 -1.65622
0.983 -1.66796
0.984 -1.67965
0.985 -1.69131
0.986 -1.70293
0.987 -1.71452
0.988 -1.72606
0.989 -1.73756
0.99 -1.74903
0.991 -1.76045
0.992 -1.77183
0.993 -1.78317
0.994 -1.79447
0.995 -1.80573
0.996 -1.81694
0.997 -1.82812
0.998 -1.83925
0.999 -1.85033
1 -1.86138
1.001 -10
