0 5
0.001 3.18976
0.002 3.18657
0.003 3.1834
0.004 3.18024
0.005 3.17709
0.006 3.17396
0.007 3.17084
0.008 3.16774
0.009 3.16466
0.01 3.16159
0.011 3.15854
0.012 3.1555
0.013 3.15249
0.014 3.14949
0.015 3.14651
0.016 3.14355
0.017 3.14061
0.018 3.1377
0.019 3.1348
0.02 3.13192
0.021 3.12907
0.022 3.12623
0.023 3.12342
0.024 3.12064
0.025 3.11787
0.026 3.11513
0.027 3.11242
0.028 3.10973
0.029 3.10706
0.03 3.10442
0.031 3.10181
0.032 3.09922
0.033 3.09666
0.034 3.09412
0.035 3.09161
0.036 3.08913
0.037 3.08668
0.038 3.08426
0.039 3.08186
0.04 3.0795
0.041 3.07716
0.042 3.07485
0.043 3.07257
0.044 3.07032
0.045 3.06811
0.046 3.06592
0.047 3.06376
0.048 3.06164
0.049 3.05954
0.05 3.05748
0.051 3.05545
0.052 3.05345
0.053 3.05148
0.054 3.04954
0.055 3.04764
0.056 3.04577
0.057 3.04393
0.058 3.04212
0.059 3.04035
0.06 3.03861
0.061 3.0369
0.062 3.03523
0.063 3.03359
0.064 3.03198
0.065 3.03041
0.066 3.02887
0.067 3.02736
0.068 3.02589
0.069 3.02445
0.07 3.02304
0.071 3.02167
0.072 3.02033
0.073 3.01902
0.074 3.01775
0.075 3.01651
0.076 3.0153
0.077 3.01413
0.078 3.01299
0.079 3.01189
0.08 3.01081
0.081 3.00977
0.082 3.00876
0.083 3.00779
0.084 3.00685
0.085 3.00594
0.086 3.00506
0.087 3.00421
0.088 3.0034
0.089 3.00262
0.09 3.00187
0.091 3.00115
0.092 3.00046
0.093 2.99981
0.094 2.99918
0.095 2.99859
0.096 2.99803
0.097 2.99749
0.098 2.99699
0.099 2.99652
0.1 2.99608
0.101 2.99566
0.102 2.99528
0.103 2.99492
0.104 2.9946
0.105 2.9943
0.106 2.99403
0.107 2.99379
0.108 2.99357
0.109 2.99339
0.11 2.99323
0.111 2.99309
0.112 2.99299
0.113 2.99291
0.114 2.99285
0.115 2.99282
0.116 2.99282
0.117 2.99284
0.118 2.99289
0.119 2.99296
0.12 2.99306
0.121 2.99318
0.122 2.99332
0.123 2.99349
0.124 2.99368
0.125 2.99389
0.126 2.99412
0.127 2.99438
0.128 2.99466
0.129 2.99496
0.13 2.99528
0.131 2.99562
0.132 2.99598
0.133 2.99636
0.134 2.99677
0.135 2.99719
0.136 2.99763
0.137 2.99809
0.138 2.99857
0.139 2.99906
0.14 2.99958
0.141 3.00011
0.142 3.00066
0.143 3.00123
0.144 3.00181
0.145 3.00241
0.146 3.00302
0.147 3.00366
0.148 3.0043
0.149 3.00497
0.15 3.00564
0.151 3.00634
0.152 3.00704
0.153 3.00776
0.154 3.0085
0.155 3.00925
0.156 3.01001
0.157 3.01078
0.158 3.01157
0.159 3.01237
0.16 3.01318
0.161 3.014
0.162 3.01484
0.163 3.01569
0.164 3.01654
0.165 3.01741
0.166 3.01829
0.167 3.01918
0.168 3.02008
0.169 3.02099
0.17 3.02191
0.171 3.02283
0.172 3.02377
0.173 3.02472
0.174 3.02567
0.175 3.02664
0.176 3.02761
0.177 3.02859
0.178 3.02957
0.179 3.03057
0.18 3.03157
0.181 3.03258
0.182 3.0336
0.183 3.03462
0.184 3.03565
0.185 3.03668
0.186 3.03773
0.187 3.03877
0.188 3.03983
0.189 3.04089
0.19 3.04195
0.191 3.04302
0.192 3.0441
0.193 3.04518
0.194 3.04626
0.195 3.04735
0.196 3.04844
0.197 3.04954
0.198 3.05064
0.199 3.05175
0.2 3.05286
0.201 3.05397
0.202 3.05509
0.203 3.05621
0.204 3.05733
0.205 3.05846
0.206 3.05959
0.207 3.06072
0.208 3.06185
0.209 3.06299
0.21 3.06413
0.211 3.06527
0.212 3.06641
0.213 3.06756
0.214 3.06871
0.215 3.06986
0.216 3.07101
0.217 3.07216
0.218 3.07331
0.219 3.07447
0.22 3.07563
0.221 3.07678
0.222 3.07794
0.223 3.0791
0.224 3.08026
0.225 3.08143
0.226 3.08259
0.227 3.08375
0.228 3.08492
0.229 3.08608
0.23 3.08724
0.231 3.08841
0.232 3.08957
0.233 3.09074
0.234 3.0919
0.235 3.09307
0.236 3.09423
0.237 3.0954
0.238 3.09656
0.239 3.09772
0.24 3.09889
0.241 3.10005
0.242 3.10121
0.243 3.10238
0.244 3.10354
0.245 3.1047
0.246 3.10586
0.247 3.10702
0.248 3.10817
0.249 3.10933
0.25 3.11049
0.251 3.11164
0.252 3.1128
0.253 3.11395
0.254 3.1151
0.255 3.11625
0.256 3.1174
0.257 3.11855
0.258 3.11969
0.259 3.12084
0.26 3.12198
0.261 3.12313
0.262 3.12427
0.263 3.1254
0.264 3.12654
0.265 3.12768
0.266 3.12881
0.267 3.12994
0.268 3.13107
0.269 3.1322
0.27 3.13333
0.271 3.13445
0.272 3.13558
0.273 3.1367
0.274 3.13782
0.275 3.13893
0.276 3.14005
0.277 3.14116
0.278 3.14227
0.279 3.14338
0.28 3.14449
0.281 3.14559
0.282 3.14669
0.283 3.14779
0.284 3.14889
0.285 3.14998
0.286 3.15108
0.287 3.15217
0.288 3.15326
0.289 3.15434
0.29 3.15542
0.291 3.15651
0.292 3.15758
0.293 3.15866
0.294 3.15973
0.295 3.1608
0.296 3.16187
0.297 3.16294
0.298 3.164
0.299 3.16506
0.3 3.16612
0.301 3.16718
0.302 3.16823
0.303 3.16928
0.304 3.17033
0.305 3.17137
0.306 3.17242
0.307 3.17346
0.308 3.17449
0.309 3.17553
0.31 3.17656
0.311 3.17759
0.312 3.17862
0.313 3.17964
0.314 3.18066
0.315 3.18168
0.316 3.18269
0.317 3.18371
0.318 3.18472
0.319 3.18572
0.32 3.18673
0.321 3.18773
0.322 3.18873
0.323 3.18972
0.324 3.19071
0.325 3.1917
0.326 3.19269
0.327 3.19368
0.328 3.19466
0.329 3.19564
0.33 3.19661
0.331 3.19758
0.332 3.19855
0.333 3.19952
0.334 3.20048
0.335 3.20144
0.336 3.2024
0.337 3.20336
0.338 3.20431
0.339 3.20526
0.34 3.20621
0.341 3.20715
0.342 3.20809
0.343 3.20903
0.344 3.20996
0.345 3.21089
0.346 3.21182
0.347 3.21275
0.348 3.21367
0.349 3.21459
0.35 3.21551
0.351 3.21642
0.352 3.21733
0.353 3.21824
0.354 3.21915
0.355 3.22005
0.356 3.22095
0.357 3.22184
0.358 3.22274
0.359 3.22363
0.36 3.22452
0.361 3.2254
0.362 3.22628
0.363 3.22716
0.364 3.22804
0.365 3.22891
0.366 3.22978
0.367 3.23065
0.368 3.23151
0.369 3.23237
0.37 3.23323
0.371 3.23409
0.372 3.23494
0.373 3.23579
0.374 3.23664
0.375 3.23748
0.376 3.23832
0.377 3.23916
0.378 3.24
0.379 3.24083
0.38 3.24166
0.381 3.24248
0.382 3.24331
0.383 3.24413
0.384 3.24495
0.385 3.24576
0.386 3.24658
0.387 3.24739
0.388 3.24819
0.389 3.249
0.39 3.2498
0.391 3.2506
0.392 3.25139
0.393 3.25218
0.394 3.25298
0.395 3.25376
0.396 3.25455
0.397 3.25533
0.398 3.25611
0.399 3.25688
0.4 3.25766
0.401 3.25843
0.402 3.2592
0.403 3.25996
0.404 3.26072
0.405 3.26148
0.406 3.26224
0.407 3.263
0.408 3.26375
0.409 3.2645
0.41 3.26524
0.411 3.26599
0.412 3.26673
0.413 3.26747
0.414 3.2682
0.415 3.26894
0.416 3.26967
0.417 3.27039
0.418 3.27112
0.419 3.27184
0.42 3.27256
0.421 3.27328
0.422 3.274
0.423 3.27471
0.424 3.27542
0.425 3.27613
0.426 3.27683
0.427 3.27753
0.428 3.27823
0.429 3.27893
0.43 3.27962
0.431 3.28032
0.432 3.28101
0.433 3.28169
0.434 3.28238
0.435 3.28306
0.436 3.28374
0.437 3.28442
0.438 3.28509
0.439 3.28576
0.44 3.28643
0.441 3.2871
0.442 3.28777
0.443 3.28843
0.444 3.28909
0.445 3.28975
0.446 3.2904
0.447 3.29106
0.448 3.29171
0.449 3.29236
0.45 3.293
0.451 3.29365
0.452 3.29429
0.453 3.29493
0.454 3.29556
0.455 3.2962
0.456 3.29683
0.457 3.29746
0.458 3.29809
0.459 3.29871
0.46 3.29934
0.461 3.29996
0.462 3.30057
0.463 3.30119
0.464 3.3018
0.465 3.30242
0.466 3.30303
0.467 3.30363
0.468 3.30424
0.469 3.30484
0.47 3.30544
0.471 3.30604
0.472 3.30664
0.473 3.30723
0.474 3.30782
0.475 3.30841
0.476 3.309
0.477 3.30959
0.478 3.31017
0.479 3.31075
0.48 3.31133
0.481 3.31191
0.482 3.31248
0.483 3.31305
0.484 3.31362
0.485 3.31419
0.486 3.31476
0.487 3.31532
0.488 3.31589
0.489 3.31645
0.49 3.317
0.491 3.31756
0.492 3.31811
0.493 3.31867
0.494 3.31922
0.495 3.31976
0.496 3.32031
0.497 3.32085
0.498 3.3214
0.499 3.32194
0.5 3.32247
0.501 3.32301
0.502 3.32354
0.503 3.32407
0.504 3.3246
0.505 3.32513
0.506 3.32566
0.507 3.32618
0.508 3.3267
0.509 3.32722
0.51 3.32774
0.511 3.32826
0.512 3.32877
0.513 3.32929
0.514 3.3298
0.515 3.3303
0.516 3.33081
0.517 3.33132
0.518 3.33182
0.519 3.33232
0.52 3.33282
0.521 3.33331
0.522 3.33381
0.523 3.3343
0.524 3.33479
0.525 3.33528
0.526 3.33577
0.527 3.33626
0.528 3.33674
0.529 3.33722
0.53 3.3377
0.531 3.33818
0.532 3.33866
0.533 3.33913
0.534 3.3396
0.535 3.34008
0.536 3.34054
0.537 3.34101
0.538 3.34148
0.539 3.34194
0.54 3.3424
0.541 3.34286
0.542 3.34332
0.543 3.34378
0.544 3.34423
0.545 3.34468
0.546 3.34513
0.547 3.34558
0.548 3.34603
0.549 3.34647
0.55 3.34692
0.551 3.34736
0.552 3.3478
0.553 3.34824
0.554 3.34867
0.555 3.34911
0.556 3.34954
0.557 3.34997
0.558 3.3504
0.559 3.35083
0.56 3.35125
0.561 3.35168
0.562 3.3521
0.563 3.35252
0.564 3.35294
0.565 3.35335
0.566 3.35377
0.567 3.35418
0.568 3.35459
0.569 3.355
0.57 3.35541
0.571 3.35581
0.572 3.35622
0.573 3.35662
0.574 3.35702
0.575 3.35742
0.576 3.35781
0.577 3.35821
0.578 3.3586
0.579 3.35899
0.58 3.35938
0.581 3.35977
0.582 3.36015
0.583 3.36054
0.584 3.36092
0.585 3.3613
0.586 3.36168
0.587 3.36205
0.588 3.36243
0.589 3.3628
0.59 3.36317
0.591 3.36354
0.592 3.36391
0.593 3.36427
0.594 3.36464
0.595 3.365
0.596 3.36536
0.597 3.36571
0.598 3.36607
0.599 3.36642
0.6 3.36677
0.601 3.36712
0.602 3.36747
0.603 3.36782
0.604 3.36816
0.605 3.3685
0.606 3.36884
0.607 3.36918
0.608 3.36952
0.609 3.36985
0.61 3.37018
0.611 3.37051
0.612 3.37084
0.613 3.37117
0.614 3.37149
0.615 3.37181
0.616 3.37213
0.617 3.37245
0.618 3.37276
0.619 3.37308
0.62 3.37339
0.621 3.3737
0.622 3.374
0.623 3.37431
0.624 3.37461
0.625 3.37491
0.626 3.37521
0.627 3.3755
0.628 3.37579
0.629 3.37608
0.63 3.37637
0.631 3.37666
0.632 3.37694
0.633 3.37722
0.634 3.3775
0.635 3.37777
0.636 3.37804
0.637 3.37831
0.638 3.37858
0.639 3.37884
0.64 3.37911
0.641 3.37937
0.642 3.37962
0.643 3.37987
0.644 3.38013
0.645 3.38037
0.646 3.38062
0.647 3.38086
0.648 3.3811
0.649 3.38133
0.65 3.38156
0.651 3.38179
0.652 3.38202
0.653 3.38224
0.654 3.38246
0.655 3.38267
0.656 3.38289
0.657 3.3831
0.658 3.3833
0.659 3.3835
0.66 3.3837
0.661 3.38389
0.662 3.38408
0.663 3.38427
0.664 3.38445
0.665 3.38463
0.666 3.3848
0.667 3.38497
0.668 3.38513
0.669 3.38529
0.67 3.38545
0.671 3.3856
0.672 3.38575
0.673 3.38589
0.674 3.38603
0.675 3.38616
0.676 3.38629
0.677 3.38641
0.678 3.38653
0.679 3.38664
0.68 3.38674
0.681 3.38684
0.682 3.38694
0.683 3.38703
0.684 3.38711
0.685 3.38719
0.686 3.38726
0.687 3.38732
0.688 3.38738
0.689 3.38743
0.69 3.38748
0.691 3.38752
0.692 3.38755
0.693 3.38757
0.694 3.38759
0.695 3.3876
0.696 3.3876
0.697 3.3876
0.698 3.38758
0.699 3.38756
0.7 3.38753
0.701 3.3875
0.702 3.38745
0.703 3.3874
0.704 3.38733
0.705 3.38726
0.706 3.38718
0.707 3.38709
0.708 3.38699
0.709 3.38688
0.71 3.38676
0.711 3.38663
0.712 3.3865
0.713 3.38635
0.714 3.38619
0.715 3.38602
0.716 3.38583
0.717 3.38564
0.718 3.38544
0.719 3.38522
0.72 3.38499
0.721 3.38475
0.722 3.3845
0.723 3.38424
0.724 3.38396
0.725 3.38367
0.726 3.38337
0.727 3.38306
0.728 3.38273
0.729 3.38238
0.73 3.38203
0.731 3.38166
0.732 3.38127
0.733 3.38088
0.734 3.38046
0.735 3.38003
0.736 3.37959
0.737 3.37913
0.738 3.37866
0.739 3.37817
0.74 3.37766
0.741 3.37714
0.742 3.3766
0.743 3.37605
0.744 3.37547
0.745 3.37488
0.746 3.37428
0.747 3.37366
0.748 3.37301
0.749 3.37236
0.75 3.37168
0.751 3.37098
0.752 3.37027
0.753 3.36954
0.754 3.36879
0.755 3.36802
0.756 3.36723
0.757 3.36642
0.758 3.3656
0.759 3.36475
0.76 3.36389
0.761 3.363
0.762 3.36209
0.763 3.36117
0.764 3.36022
0.765 3.35926
0.766 3.35827
0.767 3.35726
0.768 3.35624
0.769 3.35519
0.77 3.35412
0.771 3.35303
0.772 3.35192
0.773 3.35079
0.774 3.34964
0.775 3.34846
0.776 3.34727
0.777 3.34605
0.778 3.34482
0.779 3.34356
0.78 3.34228
0.781 3.34098
0.782 3.33966
0.783 3.33832
0.784 3.33696
0.785 3.33558
0.786 3.33417
0.787 3.33275
0.788 3.33131
0.789 3.32984
0.79 3.32836
0.791 3.32685
0.792 3.32533
0.793 3.32378
0.794 3.32222
0.795 3.32063
0.796 3.31903
0.797 3.31741
0.798 3.31577
0.799 3.31411
0.8 3.31243
0.801 3.31074
0.802 3.30902
0.803 3.30729
0.804 3.30555
0.805 3.30378
0.806 3.302
0.807 3.3002
0.808 3.29839
0.809 3.29656
0.81 3.29472
0.811 3.29286
0.812 3.29099
0.813 3.2891
0.814 3.2872
0.815 3.28528
0.816 3.28336
0.817 3.28142
0.818 3.27947
0.819 3.2775
0.82 3.27553
0.821 3.27355
0.822 3.27155
0.823 3.26955
0.824 3.26754
0.825 3.26552
0.826 3.26349
0.827 3.26145
0.828 3.25941
0.829 3.25735
0.83 3.2553
0.831 3.25324
0.832 3.25117
0.833 3.2491
0.834 3.24702
0.835 3.24494
0.836 3.24286
0.837 3.24077
0.838 3.23869
0.839 3.2366
0.84 3.23451
0.841 3.23242
0.842 3.23034
0.843 3.22825
0.844 3.22616
0.845 3.22408
0.846 3.222
0.847 3.21992
0.848 3.21784
0.849 3.21577
0.85 3.2137
0.851 3.21164
0.852 3.20958
0.853 3.20753
0.854 3.20549
0.855 3.20345
0.856 3.20142
0.857 3.1994
0.858 3.19739
0.859 3.19538
0.86 3.19339
0.861 3.1914
0.862 3.18943
0.863 3.18746
0.864 3.18551
0.865 3.18356
0.866 3.18163
0.867 3.17971
0.868 3.17781
0.869 3.17591
0.87 3.17403
0.871 3.17216
0.872 3.17031
0.873 3.16847
0.874 3.16665
0.875 3.16484
0.876 3.16304
0.877 3.16126
0.878 3.1595
0.879 3.15775
0.88 3.15601
0.881 3.1543
0.882 3.1526
0.883 3.15092
0.884 3.14925
0.885 3.1476
0.886 3.14597
0.887 3.14435
0.888 3.14275
0.889 3.14117
0.89 3.13961
0.891 3.13807
0.892 3.13654
0.893 3.13503
0.894 3.13354
0.895 3.13207
0.896 3.13062
0.897 3.12918
0.898 3.12777
0.899 3.12637
0.9 3.12499
0.901 3.12363
0.902 3.12229
0.903 3.12096
0.904 3.11966
0.905 3.11837
0.906 3.1171
0.907 3.11585
0.908 3.11462
0.909 3.1134
0.91 3.1122
0.911 3.11103
0.912 3.10987
0.913 3.10873
0.914 3.1076
0.915 3.1065
0.916 3.10541
0.917 3.10434
0.918 3.10328
0.919 3.10225
0.92 3.10123
0.921 3.10023
0.922 3.09924
0.923 3.09828
0.924 3.09732
0.925 3.09639
0.926 3.09547
0.927 3.09457
0.928 3.09369
0.929 3.09282
0.93 3.09197
0.931 3.09113
0.932 3.09031
0.933 3.0895
0.934 3.08871
0.935 3.08793
0.936 3.08717
0.937 3.08643
0.938 3.08569
0.939 3.08498
0.94 3.08427
0.941 3.08358
0.942 3.08291
0.943 3.08225
0.944 3.0816
0.945 3.08097
0.946 3.08034
0.947 3.07974
0.948 3.07914
0.949 3.07856
0.95 3.07799
0.951 3.07743
0.952 3.07688
0.953 3.07635
0.954 3.07583
0.955 3.07532
0.956 3.07482
0.957 3.07433
0.958 3.07385
0.959 3.07338
0.96 3.07293
0.961 3.07248
0.962 3.07205
0.963 3.07163
0.964 3.07121
0.965 3.07081
0.966 3.07041
0.967 3.07003
0.968 3.06965
0.969 3.06929
0.97 3.06893
0.971 3.06858
0.972 3.06824
0.973 3.06791
0.974 3.06759
0.975 3.06728
0.976 3.06697
0.977 3.06668
0.978 3.06639
0.979 3.06611
0.98 3.06583
0.981 3.06557
0.982 3.06531
0.983 3.06505
0.984 3.06481
0.985 3.06457
0.986 3.06434
0.987 3.06412
0.988 3.0639
0.989 3.06369
0.99 3.06349
0.991 3.06329
0.992 3.0631
0.993 3.06291
0.994 3.06273
0.995 3.06256
0.996 3.06239
0.997 3.06223
0.998 3.06207
0.999 3.06192
1 3.06177
1.001 5
