0 0
0.001 0.416244
0.002 0.423404
0.003 0.430558
0.004 0.437705
0.005 0.444846
0.006 0.45198
0.007 0.459105
0.008 0.466222
0.009 0.473329
0.01 0.480426
0.011 0.487513
0.012 0.494589
0.013 0.501653
0.014 0.508704
0.015 0.515743
0.016 0.522768
0.017 0.52978
0.018 0.536776
0.019 0.543758
0.02 0.550724
0.021 0.557673
0.022 0.564607
0.023 0.571523
0.024 0.578421
0.025 0.585301
0.026 0.592162
0.027 0.599005
0.028 0.605828
0.029 0.612631
0.03 0.619413
0.031 0.626175
0.032 0.632916
0.033 0.639635
0.034 0.646332
0.035 0.653007
0.036 0.659659
0.037 0.666288
0.038 0.672894
0.039 0.679476
0.04 0.686035
0.041 0.692569
0.042 0.699079
0.043 0.705564
0.044 0.712024
0.045 0.718459
0.046 0.724869
0.047 0.731253
0.048 0.737611
0.049 0.743944
0.05 0.750251
0.051 0.756531
0.052 0.762785
0.053 0.769013
0.054 0.775214
0.055 0.781388
0.056 0.787536
0.057 0.793657
0.058 0.799752
0.059 0.805819
0.06 0.81186
0.061 0.817874
0.062 0.823861
0.063 0.829821
0.064 0.835755
0.065 0.841661
0.066 0.847541
0.067 0.853394
0.068 0.859221
0.069 0.865021
0.07 0.870794
0.071 0.876542
0.072 0.882263
0.073 0.887957
0.074 0.893626
0.075 0.899269
0.076 0.904886
0.077 0.910478
0.078 0.916044
0.079 0.921585
0.08 0.9271
0.081 0.932591
0.082 0.938057
0.083 0.943498
0.084 0.948915
0.085 0.954308
0.086 0.959677
0.087 0.965022
0.088 0.970343
0.089 0.975641
0.09 0.980915
0.091 0.986167
0.092 0.991396
0.093 0.996603
0.094 1.00179
0.095 1.00695
0.096 1.01209
0.097 1.01721
0.098 1.02231
0.099 1.02738
0.1 1.03244
0.101 1.03747
0.102 1.04249
0.103 1.04748
0.104 1.05246
0.105 1.05741
0.106 1.06235
0.107 1.06726
0.108 1.07216
0.109 1.07704
0.11 1.0819
0.111 1.08674
0.112 1.09156
0.113 1.09637
0.114 1.10116
0.115 1.10593
0.116 1.11068
0.117 1.11542
0.118 1.12014
0.119 1.12484
0.12 1.12953
0.121 1.1342
0.122 1.13886
0.123 1.1435
0.124 1.14813
0.125 1.15274
0.126 1.15733
0.127 1.16191
0.128 1.16648
0.129 1.17103
0.13 1.17557
0.131 1.1801
0.132 1.18461
0.133 1.18911
0.134 1.19359
0.135 1.19806
0.136 1.20252
0.137 1.20697
0.138 1.2114
0.139 1.21582
0.14 1.22023
0.141 1.22463
0.142 1.22901
0.143 1.23338
0.144 1.23775
0.145 1.2421
0.146 1.24644
0.147 1.25077
0.148 1.25508
0.149 1.25939
0.15 1.26369
0.151 1.26798
0.152 1.27225
0.153 1.27652
0.154 1.28078
0.155 1.28502
0.156 1.28926
0.157 1.29349
0.158 1.29771
0.159 1.30192
0.16 1.30612
0.161 1.31031
0.162 1.31449
0.163 1.31867
0.164 1.32283
0.165 1.32699
0.166 1.33114
0.167 1.33528
0.168 1.33941
0.169 1.34354
0.17 1.34765
0.171 1.35176
0.172 1.35586
0.173 1.35996
0.174 1.36405
0.175 1.36813
0.176 1.3722
0.177 1.37626
0.178 1.38032
0.179 1.38437
0.18 1.38842
0.181 1.39246
0.182 1.39649
0.183 1.40052
0.184 1.40454
0.185 1.40855
0.186 1.41256
0.187 1.41656
0.188 1.42055
0.189 1.42454
0.19 1.42852
0.191 1.4325
0.192 1.43647
0.193 1.44044
0.194 1.4444
0.195 1.44836
0.196 1.45231
0.197 1.45625
0.198 1.4602
0.199 1.46413
0.2 1.46806
0.201 1.47199
0.202 1.47591
0.203 1.47983
0.204 1.48374
0.205 1.48765
0.206 1.49155
0.207 1.49545
0.208 1.49934
0.209 1.50323
0.21 1.50712
0.211 1.511
0.212 1.51488
0.213 1.51875
0.214 1.52263
0.215 1.52649
0.216 1.53036
0.217 1.53422
0.218 1.53807
0.219 1.54192
0.22 1.54577
0.221 1.54962
0.222 1.55346
0.223 1.5573
0.224 1.56114
0.225 1.56497
0.226 1.5688
0.227 1.57263
0.228 1.57646
0.229 1.58028
0.23 1.5841
0.231 1.58792
0.232 1.59173
0.233 1.59554
0.234 1.59935
0.235 1.60316
0.236 1.60696
0.237 1.61076
0.238 1.61456
0.239 1.61836
0.24 1.62216
0.241 1.62595
0.242 1.62974
0.243 1.63353
0.244 1.63732
0.245 1.64111
0.246 1.64489
0.247 1.64867
0.248 1.65246
0.249 1.65623
0.25 1.66001
0.251 1.66379
0.252 1.66756
0.253 1.67134
0.254 1.67511
0.255 1.67888
0.256 1.68265
0.257 1.68642
0.258 1.69019
0.259 1.69395
0.26 1.69772
0.261 1.70148
0.262 1.70525
0.263 1.70901
0.264 1.71277
0.265 1.71653
0.266 1.72029
0.267 1.72405
0.268 1.72781
0.269 1.73157
0.27 1.73533
0.271 1.73909
0.272 1.74284
0.273 1.7466
0.274 1.75036
0.275 1.75411
0.276 1.75787
0.277 1.76162
0.278 1.76538
0.279 1.76913
0.28 1.77289
0.281 1.77664
0.282 1.7804
0.283 1.78415
0.284 1.78791
0.285 1.79166
0.286 1.79542
0.287 1.79917
0.288 1.80293
0.289 1.80668
0.29 1.81044
0.291 1.8142
0.292 1.81795
0.293 1.82171
0.294 1.82547
0.295 1.82923
0.296 1.83298
0.297 1.83674
0.298 1.8405
0.299 1.84426
0.3 1.84803
0.301 1.85179
0.302 1.85555
0.303 1.85931
0.304 1.86308
0.305 1.86684
0.306 1.87061
0.307 1.87438
0.308 1.87815
0.309 1.88191
0.31 1.88569
0.311 1.88946
0.312 1.89323
0.313 1.897
0.314 1.90078
0.315 1.90456
0.316 1.90833
0.317 1.91211
0.318 1.91589
0.319 1.91967
0.32 1.92346
0.321 1.92724
0.322 1.93103
0.323 1.93482
0.324 1.93861
0.325 1.9424
0.326 1.94619
0.327 1.94999
0.328 1.95378
0.329 1.95758
0.33 1.96138
0.331 1.96518
0.332 1.96899
0.333 1.97279
0.334 1.9766
0.335 1.98041
0.336 1.98422
0.337 1.98804
0.338 1.99185
0.339 1.99567
0.34 1.99949
0.341 2.00332
0.342 2.00714
0.343 2.01097
0.344 2.0148
0.345 2.01863
0.346 2.02247
0.347 2.02631
0.348 2.03015
0.349 2.03399
0.35 2.03784
0.351 2.04169
0.352 2.04554
0.353 2.04939
0.354 2.05325
0.355 2.05711
0.356 2.06097
0.357 2.06484
0.358 2.06871
0.359 2.07258
0.36 2.07646
0.361 2.08034
0.362 2.08422
0.363 2.08811
0.364 2.092
0.365 2.09589
0.366 2.09978
0.367 2.10368
0.368 2.10759
0.369 2.11149
0.37 2.11541
0.371 2.11932
0.372 2.12324
0.373 2.12716
0.374 2.13109
0.375 2.13502
0.376 2.13895
0.377 2.14289
0.378 2.14683
0.379 2.15078
0.38 2.15473
0.381 2.15869
0.382 2.16265
0.383 2.16661
0.384 2.17058
0.385 2.17455
0.386 2.17853
0.387 2.18251
0.388 2.1865
0.389 2.19049
0.39 2.19449
0.391 2.1985
0.392 2.2025
0.393 2.20652
0.394 2.21053
0.395 2.21456
0.396 2.21859
0.397 2.22262
0.398 2.22666
0.399 2.23071
0.4 2.23476
0.401 2.23882
0.402 2.24288
0.403 2.24695
0.404 2.25102
0.405 2.2551
0.406 2.25919
0.407 2.26328
0.408 2.26738
0.409 2.27149
0.41 2.2756
0.411 2.27972
0.412 2.28385
0.413 2.28798
0.414 2.29212
0.415 2.29626
0.416 2.30042
0.417 2.30458
0.418 2.30874
0.419 2.31292
0.42 2.3171
0.421 2.32129
0.422 2.32549
0.423 2.32969
0.424 2.3339
0.425 2.33813
0.426 2.34235
0.427 2.34659
0.428 2.35083
0.429 2.35509
0.43 2.35935
0.431 2.36362
0.432 2.36789
0.433 2.37218
0.434 2.37648
0.435 2.38078
0.436 2.38509
0.437 2.38942
0.438 2.39375
0.439 2.39809
0.44 2.40244
0.441 2.4068
0.442 2.41117
0.443 2.41554
0.444 2.41993
0.445 2.42433
0.446 2.42874
0.447 2.43316
0.448 2.43759
0.449 2.44203
0.45 2.44648
0.451 2.45094
0.452 2.45541
0.453 2.4599
0.454 2.46439
0.455 2.4689
0.456 2.47341
0.457 2.47794
0.458 2.48248
0.459 2.48703
0.46 2.49159
0.461 2.49617
0.462 2.50076
0.463 2.50536
0.464 2.50997
0.465 2.51459
0.466 2.51923
0.467 2.52388
0.468 2.52854
0.469 2.53322
0.47 2.53791
0.471 2.54261
0.472 2.54733
0.473 2.55206
0.474 2.5568
0.475 2.56156
0.476 2.56633
0.477 2.57112
0.478 2.57592
0.479 2.58073
0.48 2.58557
0.481 2.59041
0.482 2.59527
0.483 2.60015
0.484 2.60504
0.485 2.60995
0.486 2.61487
0.487 2.61981
0.488 2.62476
0.489 2.62973
0.49 2.63472
0.491 2.63972
0.492 2.64475
0.493 2.64978
0.494 2.65484
0.495 2.65991
0.496 2.665
0.497 2.67011
0.498 2.67524
0.499 2.68038
0.5 2.68554
0.501 2.69072
0.502 2.69592
0.503 2.70114
0.504 2.70638
0.505 2.71163
0.506 2.71691
0.507 2.72221
0.508 2.72752
0.509 2.73286
0.51 2.73821
0.511 2.74359
0.512 2.74899
0.513 2.75441
0.514 2.75984
0.515 2.7653
0.516 2.77079
0.517 2.77629
0.518 2.78182
0.519 2.78736
0.52 2.79294
0.521 2.79853
0.522 2.80414
0.523 2.80978
0.524 2.81545
0.525 2.82113
0.526 2.82684
0.527 2.83258
0.528 2.83833
0.529 2.84412
0.53 2.84992
0.531 2.85576
0.532 2.86162
0.533 2.8675
0.534 2.87341
0.535 2.87934
0.536 2.8853
0.537 2.89129
0.538 2.89731
0.539 2.90335
0.54 2.90942
0.541 2.91551
0.542 2.92164
0.543 2.92779
0.544 2.93397
0.545 2.94018
0.546 2.94642
0.547 2.95269
0.548 2.95898
0.549 2.96531
0.55 2.97167
0.551 2.97805
0.552 2.98447
0.553 2.99092
0.554 2.9974
0.555 3.00391
0.556 3.01045
0.557 3.01703
0.558 3.02363
0.559 3.03027
0.56 3.03695
0.561 3.04365
0.562 3.05039
0.563 3.05716
0.564 3.06397
0.565 3.07081
0.566 3.07769
0.567 3.0846
0.568 3.09155
0.569 3.09853
0.57 3.10555
0.571 3.11261
0.572 3.1197
0.573 3.12683
0.574 3.134
0.575 3.1412
0.576 3.14844
0.577 3.15572
0.578 3.16304
0.579 3.1704
0.58 3.1778
0.581 3.18524
0.582 3.19272
0.583 3.20023
0.584 3.20779
0.585 3.21539
0.586 3.22303
0.587 3.23072
0.588 3.23844
0.589 3.24621
0.59 3.25402
0.591 3.26188
0.592 3.26978
0.593 3.27772
0.594 3.28571
0.595 3.29374
0.596 3.30181
0.597 3.30993
0.598 3.3181
0.599 3.32632
0.6 3.33458
0.601 3.34288
0.602 3.35124
0.603 3.35964
0.604 3.36809
0.605 3.37659
0.606 3.38514
0.607 3.39374
0.608 3.40238
0.609 3.41108
0.61 3.41983
0.611 3.42863
0.612 3.43748
0.613 3.44638
0.614 3.45533
0.615 3.46434
0.616 3.47339
0.617 3.4825
0.618 3.49167
0.619 3.50089
0.62 3.51016
0.621 3.51949
0.622 3.52887
0.623 3.53831
0.624 3.5478
0.625 3.55735
0.626 3.56696
0.627 3.57662
0.628 3.58634
0.629 3.59612
0.63 3.60595
0.631 3.61585
0.632 3.6258
0.633 3.63581
0.634 3.64589
0.635 3.65602
0.636 3.66621
0.637 3.67646
0.638 3.68678
0.639 3.69715
0.64 3.70759
0.641 3.71809
0.642 3.72865
0.643 3.73928
0.644 3.74997
0.645 3.76072
0.646 3.77153
0.647 3.78241
0.648 3.79335
0.649 3.80436
0.65 3.81544
0.651 3.82658
0.652 3.83778
0.653 3.84905
0.654 3.86039
0.655 3.87179
0.656 3.88326
0.657 3.8948
0.658 3.90641
0.659 3.91808
0.66 3.92982
0.661 3.94163
0.662 3.95351
0.663 3.96545
0.664 3.97747
0.665 3.98955
0.666 4.00171
0.667 4.01393
0.668 4.02623
0.669 4.03859
0.67 4.05102
0.671 4.06353
0.672 4.0761
0.673 4.08875
0.674 4.10146
0.675 4.11425
0.676 4.12711
0.677 4.14004
0.678 4.15304
0.679 4.16611
0.68 4.17925
0.681 4.19247
0.682 4.20576
0.683 4.21911
0.684 4.23254
0.685 4.24604
0.686 4.25962
0.687 4.27326
0.688 4.28697
0.689 4.30076
0.69 4.31462
0.691 4.32855
0.692 4.34255
0.693 4.35662
0.694 4.37076
0.695 4.38498
0.696 4.39926
0.697 4.41361
0.698 4.42804
0.699 4.44253
0.7 4.4571
0.701 4.47173
0.702 4.48643
0.703 4.5012
0.704 4.51605
0.705 4.53095
0.706 4.54593
0.707 4.56097
0.708 4.57609
0.709 4.59126
0.71 4.60651
0.711 4.62182
0.712 4.63719
0.713 4.65263
0.714 4.66814
0.715 4.68371
0.716 4.69934
0.717 4.71503
0.718 4.73079
0.719 4.74661
0.72 4.76248
0.721 4.77842
0.722 4.79442
0.723 4.81048
0.724 4.82659
0.725 4.84277
0.726 4.85899
0.727 4.87528
0.728 4.89162
0.729 4.90801
0.73 4.92446
0.731 4.94095
0.732 4.9575
0.733 4.9741
0.734 4.99075
0.735 5.00745
0.736 5.02419
0.737 5.04098
0.738 5.05782
0.739 5.0747
0.74 5.09162
0.741 5.10858
0.742 5.12559
0.743 5.14263
0.744 5.15971
0.745 5.17683
0.746 5.19399
0.747 5.21118
0.748 5.2284
0.749 5.24566
0.75 5.26294
0.751 5.28026
0.752 5.2976
0.753 5.31497
0.754 5.33237
0.755 5.34979
0.756 5.36723
0.757 5.38469
0.758 5.40217
0.759 5.41967
0.76 5.43718
0.761 5.45471
0.762 5.47225
0.763 5.48981
0.764 5.50737
0.765 5.52495
0.766 5.54253
0.767 5.56011
0.768 5.5777
0.769 5.59529
0.77 5.61288
0.771 5.63047
0.772 5.64805
0.773 5.66563
0.774 5.68321
0.775 5.70077
0.776 5.71833
0.777 5.73587
0.778 5.7534
0.779 5.77092
0.78 5.78842
0.781 5.8059
0.782 5.82335
0.783 5.84079
0.784 5.8582
0.785 5.87559
0.786 5.89295
0.787 5.91027
0.788 5.92757
0.789 5.94483
0.79 5.96206
0.791 5.97925
0.792 5.99641
0.793 6.01352
0.794 6.03059
0.795 6.04761
0.796 6.06459
0.797 6.08152
0.798 6.09841
0.799 6.11524
0.8 6.13202
0.801 6.14874
0.802 6.1654
0.803 6.18201
0.804 6.19856
0.805 6.21505
0.806 6.23147
0.807 6.24782
0.808 6.26411
0.809 6.28033
0.81 6.29648
0.811 6.31256
0.812 6.32857
0.813 6.34449
0.814 6.36034
0.815 6.37612
0.816 6.39181
0.817 6.40742
0.818 6.42294
0.819 6.43838
0.82 6.45374
0.821 6.46901
0.822 6.48418
0.823 6.49927
0.824 6.51426
0.825 6.52916
0.826 6.54396
0.827 6.55867
0.828 6.57327
0.829 6.58778
0.83 6.60219
0.831 6.6165
0.832 6.6307
0.833 6.6448
0.834 6.65879
0.835 6.67267
0.836 6.68645
0.837 6.70012
0.838 6.71367
0.839 6.72712
0.84 6.74045
0.841 6.75368
0.842 6.76678
0.843 6.77977
0.844 6.79265
0.845 6.8054
0.846 6.81804
0.847 6.83057
0.848 6.84297
0.849 6.85525
0.85 6.86741
0.851 6.87945
0.852 6.89137
0.853 6.90317
0.854 6.91484
0.855 6.92639
0.856 6.93781
0.857 6.94911
0.858 6.96029
0.859 6.97134
0.86 6.98227
0.861 6.99307
0.862 7.00374
0.863 7.01429
0.864 7.02471
0.865 7.035
0.866 7.04517
0.867 7.05521
0.868 7.06512
0.869 7.07491
0.87 7.08457
0.871 7.0941
0.872 7.10351
0.873 7.11279
0.874 7.12194
0.875 7.13097
0.876 7.13987
0.877 7.14865
0.878 7.1573
0.879 7.16582
0.88 7.17423
0.881 7.1825
0.882 7.19066
0.883 7.19869
0.884 7.2066
0.885 7.21438
0.886 7.22204
0.887 7.22959
0.888 7.23701
0.889 7.24431
0.89 7.2515
0.891 7.25856
0.892 7.26551
0.893 7.27234
0.894 7.27905
0.895 7.28565
0.896 7.29213
0.897 7.2985
0.898 7.30476
0.899 7.3109
0.9 7.31693
0.901 7.32285
0.902 7.32866
0.903 7.33437
0.904 7.33996
0.905 7.34545
0.906 7.35083
0.907 7.35611
0.908 7.36129
0.909 7.36636
0.91 7.37133
0.911 7.37619
0.912 7.38096
0.913 7.38563
0.914 7.3902
0.915 7.39468
0.916 7.39906
0.917 7.40334
0.918 7.40754
0.919 7.41164
0.92 7.41564
0.921 7.41956
0.922 7.42339
0.923 7.42713
0.924 7.43079
0.925 7.43435
0.926 7.43784
0.927 7.44124
0.928 7.44456
0.929 7.44779
0.93 7.45095
0.931 7.45402
0.932 7.45702
0.933 7.45994
0.934 7.46279
0.935 7.46556
0.936 7.46826
0.937 7.47088
0.938 7.47344
0.939 7.47592
0.94 7.47833
0.941 7.48068
0.942 7.48296
0.943 7.48517
0.944 7.48732
0.945 7.4894
0.946 7.49142
0.947 7.49337
0.948 7.49527
0.949 7.49711
0.95 7.49888
0.951 7.5006
0.952 7.50226
0.953 7.50387
0.954 7.50542
0.955 7.50691
0.956 7.50836
0.957 7.50975
0.958 7.51108
0.959 7.51237
0.96 7.51361
0.961 7.5148
0.962 7.51594
0.963 7.51703
0.964 7.51808
0.965 7.51909
0.966 7.52004
0.967 7.52096
0.968 7.52183
0.969 7.52266
0.97 7.52345
0.971 7.5242
0.972 7.5249
0.973 7.52557
0.974 7.5262
0.975 7.5268
0.976 7.52736
0.977 7.52788
0.978 7.52836
0.979 7.52881
0.98 7.52923
0.981 7.52961
0.982 7.52997
0.983 7.53029
0.984 7.53057
0.985 7.53083
0.986 7.53106
0.987 7.53126
0.988 7.53143
0.989 7.53157
0.99 7.53168
0.991 7.53177
0.992 7.53183
0.993 7.53187
0.994 7.53188
0.995 7.53186
0.996 7.53182
0.997 7.53176
0.998 7.53167
0.999 7.53156
1 7.53143
1.001 0
