0 -10
0.001 -5.73809
0.002 -5.72038
0.003 -5.70267
0.004 -5.68495
0.005 -5.66725
0.006 -5.64955
0.007 -5.63185
0.008 -5.61416
0.009 -5.59649
0.01 -5.57882
0.011 -5.56117
0.012 -5.54353
0.013 -5.5259
0.014 -5.50829
0.015 -5.4907
0.016 -5.47313
0.017 -5.45559
0.018 -5.43806
0.019 -5.42056
0.02 -5.40308
0.021 -5.38563
0.022 -5.36821
0.023 -5.35081
0.024 -5.33345
0.025 -5.31612
0.026 -5.29882
0.027 -5.28155
0.028 -5.26432
0.029 -5.24713
0.03 -5.22998
0.031 -5.21286
0.032 -5.19579
0.033 -5.17875
0.034 -5.16176
0.035 -5.14481
0.036 -5.12791
0.037 -5.11105
0.038 -5.09424
0.039 -5.07747
0.04 -5.06075
0.041 -5.04408
0.042 -5.02747
0.043 -5.0109
0.044 -4.99438
0.045 -4.97792
0.046 -4.96151
0.047 -4.94515
0.048 -4.92885
0.049 -4.9126
0.05 -4.89641
0.051 -4.88027
0.052 -4.86419
0.053 -4.84817
0.054 -4.83221
0.055 -4.8163
0.056 -4.80046
0.057 -4.78467
0.058 -4.76894
0.059 -4.75328
0.06 -4.73767
0.061 -4.72212
0.062 -4.70664
0.063 -4.69122
0.064 -4.67585
0.065 -4.66055
0.066 -4.64531
0.067 -4.63014
0.068 -4.61502
0.069 -4.59997
0.07 -4.58498
0.071 -4.57005
0.072 -4.55519
0.073 -4.54039
0.074 -4.52565
0.075 -4.51097
0.076 -4.49636
0.077 -4.48181
0.078 -4.46732
0.079 -4.45289
0.08 -4.43853
0.081 -4.42423
0.082 -4.40999
0.083 -4.39581
0.084 -4.3817
0.085 -4.36765
0.086 -4.35365
0.087 -4.33973
0.088 -4.32586
0.089 -4.31205
0.09 -4.29831
0.091 -4.28462
0.092 -4.271
0.093 -4.25743
0.094 -4.24393
0.095 -4.23049
0.096 -4.21711
0.097 -4.20378
0.098 -4.19052
0.099 -4.17731
0.1 -4.16417
0.101 -4.15108
0.102 -4.13806
0.103 -4.12509
0.104 -4.11217
0.105 -4.09932
0.106 -4.08653
0.107 -4.07379
0.108 -4.06111
0.109 -4.04848
0.11 -4.03592
0.111 -4.02341
0.112 -4.01095
0.113 -3.99855
0.114 -3.98621
0.115 -3.97393
0.116 -3.9617
0.117 -3.94952
0.118 -3.9374
0.119 -3.92533
0.12 -3.91332
0.121 -3.90137
0.122 -3.88947
0.123 -3.87762
0.124 -3.86582
0.125 -3.85408
0.126 -3.8424
0.127 -3.83076
0.128 -3.81918
0.129 -3.80766
0.13 -3.79618
0.131 -3.78476
0.132 -3.77339
0.133 -3.76207
0.134 -3.75081
0.135 -3.73959
0.136 -3.72843
0.137 -3.71732
0.138 -3.70626
0.139 -3.69525
0.14 -3.68429
0.141 -3.67339
0.142 -3.66253
0.143 -3.65173
0.144 -3.64097
0.145 -3.63027
0.146 -3.61961
0.147 -3.60901
0.148 -3.59845
0.149 -3.58794
0.15 -3.57749
0.151 -3.56708
0.152 -3.55672
0.153 -3.54641
0.154 -3.53615
0.155 -3.52593
0.156 -3.51577
0.157 -3.50565
0.158 -3.49558
0.159 -3.48555
0.16 -3.47558
0.161 -3.46565
0.162 -3.45577
0.163 -3.44594
0.164 -3.43615
0.165 -3.42641
0.166 -3.41671
0.167 -3.40706
0.168 -3.39746
0.169 -3.3879
0.17 -3.37839
0.171 -3.36892
0.172 -3.3595
0.173 -3.35012
0.174 -3.34079
0.175 -3.3315
0.176 -3.32225
0.177 -3.31305
0.178 -3.30389
0.179 -3.29478
0.18 -3.28571
0.181 -3.27668
0.182 -3.26769
0.183 -3.25875
0.184 -3.24985
0.185 -3.24099
0.186 -3.23217
0.187 -3.22339
0.188 -3.21466
0.189 -3.20596
0.19 -3.19731
0.191 -3.1887
0.192 -3.18012
0.193 -3.17159
0.194 -3.1631
0.195 -3.15464
0.196 -3.14623
0.197 -3.13785
0.198 -3.12951
0.199 -3.12121
0.2 -3.11295
0.201 -3.10473
0.202 -3.09655
0.203 -3.0884
0.204 -3.08029
0.205 -3.07221
0.206 -3.06417
0.207 -3.05617
0.208 -3.04821
0.209 -3.04028
0.21 -3.03238
0.211 -3.02452
0.212 -3.0167
0.213 -3.00891
0.214 -3.00116
0.215 -2.99344
0.216 -2.98575
0.217 -2.97809
0.218 -2.97048
0.219 -2.96289
0.22 -2.95533
0.221 -2.94781
0.222 -2.94032
0.223 -2.93287
0.224 -2.92544
0.225 -2.91805
0.226 -2.91069
0.227 -2.90336
0.228 -2.89605
0.229 -2.88879
0.23 -2.88155
0.231 -2.87434
0.232 -2.86716
0.233 -2.86001
0.234 -2.85288
0.235 -2.84579
0.236 -2.83873
0.237 -2.8317
0.238 -2.82469
0.239 -2.81771
0.24 -2.81076
0.241 -2.80384
0.242 -2.79694
0.243 -2.79007
0.244 -2.78323
0.245 -2.77642
0.246 -2.76963
0.247 -2.76287
0.248 -2.75613
0.249 -2.74942
0.25 -2.74274
0.251 -2.73608
0.252 -2.72944
0.253 -2.72283
0.254 -2.71625
0.255 -2.70969
0.256 -2.70315
0.257 -2.69664
0.258 -2.69015
0.259 -2.68368
0.26 -2.67724
0.261 -2.67082
0.262 -2.66443
0.263 -2.65805
0.264 -2.6517
0.265 -2.64538
0.266 -2.63907
0.267 -2.63279
0.268 -2.62652
0.269 -2.62028
0.27 -2.61406
0.271 -2.60787
0.272 -2.60169
0.273 -2.59553
0.274 -2.5894
0.275 -2.58328
0.276 -2.57719
0.277 -2.57111
0.278 -2.56506
0.279 -2.55902
0.28 -2.553
0.281 -2.54701
0.282 -2.54103
0.283 -2.53507
0.284 -2.52913
0.285 -2.52321
0.286 -2.51731
0.287 -2.51142
0.288 -2.50556
0.289 -2.49971
0.29 -2.49388
0.291 -2.48807
0.292 -2.48227
0.293 -2.47649
0.294 -2.47073
0.295 -2.46499
0.296 -2.45926
0.297 -2.45355
0.298 -2.44786
0.299 -2.44218
0.3 -2.43652
0.301 -2.43087
0.302 -2.42524
0.303 -2.41963
0.304 -2.41403
0.305 -2.40845
0.306 -2.40288
0.307 -2.39733
0.308 -2.39179
0.309 -2.38627
0.31 -2.38076
0.311 -2.37527
0.312 -2.36979
0.313 -2.36433
0.314 -2.35888
0.315 -2.35344
0.316 -2.34802
0.317 -2.34261
0.318 -2.33722
0.319 -2.33183
0.32 -2.32647
0.321 -2.32111
0.322 -2.31577
0.323 -2.31044
0.324 -2.30512
0.325 -2.29982
0.326 -2.29453
0.327 -2.28925
0.328 -2.28398
0.329 -2.27873
0.33 -2.27349
0.331 -2.26826
0.332 -2.26304
0.333 -2.25783
0.334 -2.25263
0.335 -2.24745
0.336 -2.24227
0.337 -2.23711
0.338 -2.23196
0.339 -2.22682
0.34 -2.22169
0.341 -2.21657
0.342 -2.21146
0.343 -2.20636
0.344 -2.20127
0.345 -2.19619
0.346 -2.19112
0.347 -2.18606
0.348 -2.18101
0.349 -2.17597
0.35 -2.17094
0.351 -2.16592
0.352 -2.1609
0.353 -2.1559
0.354 -2.15091
0.355 -2.14592
0.356 -2.14094
0.357 -2.13597
0.358 -2.13101
0.359 -2.12606
0.36 -2.12111
0.361 -2.11617
0.362 -2.11125
0.363 -2.10632
0.364 -2.10141
0.365 -2.0965
0.366 -2.0916
0.367 -2.08671
0.368 -2.08183
0.369 -2.07695
0.37 -2.07208
0.371 -2.06721
0.372 -2.06235
0.373 -2.0575
0.374 -2.05265
0.375 -2.04781
0.376 -2.04298
0.377 -2.03815
0.378 -2.03333
0.379 -2.02851
0.38 -2.0237
0.381 -2.0189
0.382 -2.0141
0.383 -2.0093
0.384 -2.00451
0.385 -1.99973
0.386 -1.99495
0.387 -1.99017
0.388 -1.9854
0.389 -1.98063
0.39 -1.97587
0.391 -1.97111
0.392 -1.96635
0.393 -1.9616
0.394 -1.95685
0.395 -1.95211
0.396 -1.94737
0.397 -1.94263
0.398 -1.9379
0.399 -1.93317
0.4 -1.92844
0.401 -1.92371
0.402 -1.91899
0.403 -1.91427
0.404 -1.90955
0.405 -1.90483
0.406 -1.90012
0.407 -1.89541
0.408 -1.8907
0.409 -1.88599
0.41 -1.88128
0.411 -1.87657
0.412 -1.87187
0.413 -1.86717
0.414 -1.86246
0.415 -1.85776
0.416 -1.85306
0.417 -1.84836
0.418 -1.84366
0.419 -1.83896
0.42 -1.83426
0.421 -1.82956
0.422 -1.82486
0.423 -1.82016
0.424 -1.81546
0.425 -1.81076
0.426 -1.80606
0.427 -1.80135
0.428 -1.79665
0.429 -1.79195
0.43 -1.78724
0.431 -1.78253
0.432 -1.77782
0.433 -1.77311
0.434 -1.7684
0.435 -1.76369
0.436 -1.75897
0.437 -1.75425
0.438 -1.74953
0.439 -1.74481
0.44 -1.74008
0.441 -1.73535
0.442 -1.73062
0.443 -1.72588
0.444 -1.72115
0.445 -1.7164
0.446 -1.71166
0.447 -1.70691
0.448 -1.70216
0.449 -1.6974
0.45 -1.69264
0.451 -1.68787
0.452 -1.6831
0.453 -1.67833
0.454 -1.67355
0.455 -1.66876
0.456 -1.66397
0.457 -1.65918
0.458 -1.65438
0.459 -1.64957
0.46 -1.64476
0.461 -1.63995
0.462 -1.63512
0.463 -1.63029
0.464 -1.62546
0.465 -1.62062
0.466 -1.61577
0.467 -1.61091
0.468 -1.60605
0.469 -1.60118
0.47 -1.59631
0.471 -1.59142
0.472 -1.58653
0.473 -1.58163
0.474 -1.57673
0.475 -1.57181
0.476 -1.56689
0.477 -1.56196
0.478 -1.55702
0.479 -1.55207
0.48 -1.54711
0.481 -1.54215
0.482 -1.53717
0.483 -1.53219
0.484 -1.52719
0.485 -1.52219
0.486 -1.51718
0.487 -1.51216
0.488 -1.50712
0.489 -1.50208
0.49 -1.49703
0.491 -1.49196
0.492 -1.48689
0.493 -1.4818
0.494 -1.47671
0.495 -1.4716
0.496 -1.46648
0.497 -1.46135
0.498 -1.45621
0.499 -1.45106
0.5 -1.44589
0.501 -1.44072
0.502 -1.43553
0.503 -1.43032
0.504 -1.42511
0.505 -1.41988
0.506 -1.41464
0.507 -1.40939
0.508 -1.40412
0.509 -1.39884
0.51 -1.39355
0.511 -1.38824
0.512 -1.38292
0.513 -1.37759
0.514 -1.37224
0.515 -1.36688
0.516 -1.3615
0.517 -1.35611
0.518 -1.3507
0.519 -1.34528
0.52 -1.33984
0.521 -1.33439
0.522 -1.32892
0.523 -1.32344
0.524 -1.31794
0.525 -1.31243
0.526 -1.3069
0.527 -1.30135
0.528 -1.29579
0.529 -1.29021
0.53 -1.28462
0.531 -1.27901
0.532 -1.27338
0.533 -1.26773
0.534 -1.26207
0.535 -1.25639
0.536 -1.2507
0.537 -1.24498
0.538 -1.23925
0.539 -1.2335
0.54 -1.22773
0.541 -1.22195
0.542 -1.21615
0.543 -1.21033
0.544 -1.20449
0.545 -1.19863
0.546 -1.19275
0.547 -1.18686
0.548 -1.18095
0.549 -1.17501
0.55 -1.16906
0.551 -1.16309
0.552 -1.1571
0.553 -1.1511
0.554 -1.14507
0.555 -1.13902
0.556 -1.13295
0.557 -1.12687
0.558 -1.12076
0.559 -1.11464
0.56 -1.10849
0.561 -1.10233
0.562 -1.09615
0.563 -1.08994
0.564 -1.08372
0.565 -1.07747
0.566 -1.07121
0.567 -1.06492
0.568 -1.05862
0.569 -1.0523
0.57 -1.04595
0.571 -1.03959
0.572 -1.0332
0.573 -1.0268
0.574 -1.02037
0.575 -1.01393
0.576 -1.00746
0.577 -1.00097
0.578 -0.994468
0.579 -0.987942
0.58 -0.981396
0.581 -0.97483
0.582 -0.968245
0.583 -0.961639
0.584 -0.955014
0.585 -0.948369
0.586 -0.941704
0.587 -0.93502
0.588 -0.928316
0.589 -0.921593
0.59 -0.914851
0.591 -0.908089
0.592 -0.901309
0.593 -0.89451
0.594 -0.887692
0.595 -0.880856
0.596 -0.874002
0.597 -0.86713
0.598 -0.860239
0.599 -0.853331
0.6 -0.846406
0.601 -0.839463
0.602 -0.832503
0.603 -0.825527
0.604 -0.818534
0.605 -0.811525
0.606 -0.8045
0.607 -0.797459
0.608 -0.790403
0.609 -0.783332
0.61 -0.776247
0.611 -0.769147
0.612 -0.762034
0.613 -0.754907
0.614 -0.747766
0.615 -0.740613
0.616 -0.733448
0.617 -0.726271
0.618 -0.719083
0.619 -0.711884
0.62 -0.704674
0.621 -0.697455
0.622 -0.690226
0.623 -0.682988
0.624 -0.675742
0.625 -0.668488
0.626 -0.661228
0.627 -0.65396
0.628 -0.646687
0.629 -0.639409
0.63 -0.632126
0.631 -0.624839
0.632 -0.617549
0.633 -0.610256
0.634 -0.602962
0.635 -0.595666
0.636 -0.588371
0.637 -0.581076
0.638 -0.573782
0.639 -0.56649
0.64 -0.559202
0.641 -0.551917
0.642 -0.544638
0.643 -0.537364
0.644 -0.530097
0.645 -0.522837
0.646 -0.515586
0.647 -0.508344
0.648 -0.501113
0.649 -0.493894
0.65 -0.486687
0.651 -0.479494
0.652 -0.472316
0.653 -0.465154
0.654 -0.458009
0.655 -0.450882
0.656 -0.443775
0.657 -0.436688
0.658 -0.429624
0.659 -0.422582
0.66 -0.415564
0.661 -0.408573
0.662 -0.401608
0.663 -0.394671
0.664 -0.387764
0.665 -0.380888
0.666 -0.374045
0.667 -0.367235
0.668 -0.36046
0.669 -0.353722
0.67 -0.347021
0.671 -0.340361
0.672 -0.333741
0.673 -0.327164
0.674 -0.320631
0.675 -0.314143
0.676 -0.307703
0.677 -0.301311
0.678 -0.29497
0.679 -0.28868
0.68 -0.282444
0.681 -0.276263
0.682 -0.270139
0.683 -0.264073
0.684 -0.258068
0.685 -0.252124
0.686 -0.246244
0.687 -0.240429
0.688 -0.234681
0.689 -0.229001
0.69 -0.223392
0.691 -0.217855
0.692 -0.212391
0.693 -0.207004
0.694 -0.201693
0.695 -0.196462
0.696 -0.191311
0.697 -0.186243
0.698 -0.18126
0.699 -0.176363
0.7 -0.171553
0.701 -0.166833
0.702 -0.162205
0.703 -0.15767
0.704 -0.15323
0.705 -0.148887
0.706 -0.144642
0.707 -0.140498
0.708 -0.136455
0.709 -0.132517
0.71 -0.128683
0.711 -0.124957
0.712 -0.12134
0.713 -0.117833
0.714 -0.114439
0.715 -0.111158
0.716 -0.107993
0.717 -0.104946
0.718 -0.102017
0.719 -0.0992085
0.72 -0.0965221
0.721 -0.0939593
0.722 -0.0915217
0.723 -0.0892107
0.724 -0.0870279
0.725 -0.0849747
0.726 -0.0830526
0.727 -0.081263
0.728 -0.0796074
0.729 -0.0780871
0.73 -0.0767034
0.731 -0.0754577
0.732 -0.0743512
0.733 -0.0733853
0.734 -0.0725612
0.735 -0.0718799
0.736 -0.0713428
0.737 -0.070951
0.738 -0.0707054
0.739 -0.0706073
0.74 -0.0706576
0.741 -0.0708573
0.742 -0.0712073
0.743 -0.0717086
0.744 -0.0723621
0.745 -0.0731685
0.746 -0.0741287
0.747 -0.0752434
0.748 -0.0765133
0.749 -0.0779391
0.75 -0.0795214
0.751 -0.0812609
0.752 -0.083158
0.753 -0.0852132
0.754 -0.0874271
0.755 -0.0897999
0.756 -0.0923321
0.757 -0.095024
0.758 -0.0978759
0.759 -0.100888
0.76 -0.10406
0.761 -0.107393
0.762 -0.110887
0.763 -0.114541
0.764 -0.118356
0.765 -0.122331
0.766 -0.126467
0.767 -0.130763
0.768 -0.13522
0.769 -0.139836
0.77 -0.144612
0.771 -0.149547
0.772 -0.154641
0.773 -0.159894
0.774 -0.165305
0.775 -0.170873
0.776 -0.176598
0.777 -0.182479
0.778 -0.188516
0.779 -0.194708
0.78 -0.201055
0.781 -0.207554
0.782 -0.214207
0.783 -0.221011
0.784 -0.227966
0.785 -0.235071
0.786 -0.242324
0.787 -0.249726
0.788 -0.257274
0.789 -0.264968
0.79 -0.272806
0.791 -0.280787
0.792 -0.288911
0.793 -0.297175
0.794 -0.305578
0.795 -0.31412
0.796 -0.322798
0.797 -0.331611
0.798 -0.340558
0.799 -0.349637
0.8 -0.358847
0.801 -0.368187
0.802 -0.377653
0.803 -0.387246
0.804 -0.396963
0.805 -0.406803
0.806 -0.416763
0.807 -0.426843
0.808 -0.43704
0.809 -0.447353
0.81 -0.457779
0.811 -0.468318
0.812 -0.478967
0.813 -0.489724
0.814 -0.500587
0.815 -0.511555
0.816 -0.522626
0.817 -0.533797
0.818 -0.545067
0.819 -0.556434
0.82 -0.567895
0.821 -0.579449
0.822 -0.591094
0.823 -0.602827
0.824 -0.614647
0.825 -0.626552
0.826 -0.638539
0.827 -0.650607
0.828 -0.662754
0.829 -0.674977
0.83 -0.687274
0.831 -0.699643
0.832 -0.712083
0.833 -0.724591
0.834 -0.737165
0.835 -0.749803
0.836 -0.762503
0.837 -0.775263
0.838 -0.788081
0.839 -0.800954
0.84 -0.813882
0.841 -0.826861
0.842 -0.83989
0.843 -0.852966
0.844 -0.866089
0.845 -0.879255
0.846 -0.892462
0.847 -0.90571
0.848 -0.918995
0.849 -0.932316
0.85 -0.945671
0.851 -0.959058
0.852 -0.972475
0.853 -0.98592
0.854 -0.999391
0.855 -1.01289
0.856 -1.02641
0.857 -1.03995
0.858 -1.0535
0.859 -1.06708
0.86 -1.08067
0.861 -1.09427
0.862 -1.10789
0.863 -1.12152
0.864 -1.13515
0.865 -1.1488
0.866 -1.16244
0.867 -1.1761
0.868 -1.18975
0.869 -1.2034
0.87 -1.21706
0.871 -1.23071
0.872 -1.24436
0.873 -1.258
0.874 -1.27163
0.875 -1.28526
0.876 -1.29888
0.877 -1.31248
0.878 -1.32608
0.879 -1.33966
0.88 -1.35322
0.881 -1.36677
0.882 -1.3803
0.883 -1.39381
0.884 -1.4073
0.885 -1.42078
0.886 -1.43423
0.887 -1.44765
0.888 -1.46105
0.889 -1.47443
0.89 -1.48778
0.891 -1.5011
0.892 -1.51439
0.893 -1.52766
0.894 -1.54089
0.895 -1.55409
0.896 -1.56726
0.897 -1.5804
0.898 -1.5935
0.899 -1.60657
0.9 -1.6196
0.901 -1.6326
0.902 -1.64556
0.903 -1.65848
0.904 -1.67136
0.905 -1.68421
0.906 -1.69701
0.907 -1.70977
0.908 -1.7225
0.909 -1.73518
0.91 -1.74782
0.911 -1.76041
0.912 -1.77296
0.913 -1.78547
0.914 -1.79794
0.915 -1.81035
0.916 -1.82273
0.917 -1.83506
0.918 -1.84734
0.919 -1.85957
0.92 -1.87176
0.921 -1.8839
0.922 -1.896
0.923 -1.90804
0.924 -1.92004
0.925 -1.93199
0.926 -1.94389
0.927 -1.95574
0.928 -1.96755
0.929 -1.9793
0.93 -1.991
0.931 -2.00266
0.932 -2.01426
0.933 -2.02581
0.934 -2.03731
0.935 -2.04877
0.936 -2.06017
0.937 -2.07152
0.938 -2.08282
0.939 -2.09407
0.94 -2.10527
0.941 -2.11641
0.942 -2.12751
0.943 -2.13855
0.944 -2.14955
0.945 -2.16049
0.946 -2.17138
0.947 -2.18222
0.948 -2.19301
0.949 -2.20375
0.95 -2.21443
0.951 -2.22507
0.952 -2.23565
0.953 -2.24619
0.954 -2.25667
0.955 -2.2671
0.956 -2.27748
0.957 -2.28781
0.958 -2.29809
0.959 -2.30832
0.96 -2.3185
0.961 -2.32863
0.962 -2.33871
0.963 -2.34874
0.964 -2.35872
0.965 -2.36865
0.966 -2.37853
0.967 -2.38836
0.968 -2.39815
0.969 -2.40788
0.97 -2.41757
0.971 -2.4272
0.972 -2.43679
0.973 -2.44633
0.974 -2.45582
0.975 -2.46527
0.976 -2.47466
0.977 -2.48401
0.978 -2.49332
0.979 -2.50257
0.98 -2.51178
0.981 -2.52095
0.982 -2.53006
0.983 -2.53913
0.984 -2.54816
0.985 -2.55714
0.986 -2.56607
0.987 -2.57496
0.988 -2.58381
0.989 -2.59261
0.99 -2.60136
0.991 -2.61007
0.992 -2.61874
0.993 -2.62737
0.994 -2.63595
0.995 -2.64449
0.996 -2.65298
0.997 -2.66144
0.998 -2.66985
0.999 -2.67822
1 -2.68655
1.001 -10
