0 0
0.001 0.580347
0.002 0.587803
0.003 0.595257
0.004 0.602707
0.005 0.610153
0.006 0.617594
0.007 0.625029
0.008 0.632458
0.009 0.639881
0.01 0.647295
0.011 0.654702
0.012 0.6621
0.013 0.669489
0.014 0.676868
0.015 0.684237
0.016 0.691595
0.017 0.698941
0.018 0.706275
0.019 0.713596
0.02 0.720905
0.021 0.728199
0.022 0.735479
0.023 0.742745
0.024 0.749996
0.025 0.75723
0.026 0.764449
0.027 0.771651
0.028 0.778837
0.029 0.786005
0.03 0.793155
0.031 0.800287
0.032 0.8074
0.033 0.814495
0.034 0.82157
0.035 0.828626
0.036 0.835662
0.037 0.842678
0.038 0.849673
0.039 0.856648
0.04 0.863602
0.041 0.870535
0.042 0.877446
0.043 0.884336
0.044 0.891204
0.045 0.898051
0.046 0.904875
0.047 0.911677
0.048 0.918457
0.049 0.925214
0.05 0.931949
0.051 0.938662
0.052 0.945352
0.053 0.952019
0.054 0.958664
0.055 0.965286
0.056 0.971885
0.057 0.978462
0.058 0.985016
0.059 0.991548
0.06 0.998057
0.061 1.00454
0.062 1.01101
0.063 1.01745
0.064 1.02387
0.065 1.03027
0.066 1.03665
0.067 1.043
0.068 1.04933
0.069 1.05564
0.07 1.06193
0.071 1.0682
0.072 1.07445
0.073 1.08068
0.074 1.08689
0.075 1.09307
0.076 1.09924
0.077 1.10539
0.078 1.11151
0.079 1.11762
0.08 1.12371
0.081 1.12978
0.082 1.13583
0.083 1.14186
0.084 1.14787
0.085 1.15387
0.086 1.15985
0.087 1.16581
0.088 1.17175
0.089 1.17768
0.09 1.18359
0.091 1.18948
0.092 1.19536
0.093 1.20122
0.094 1.20706
0.095 1.21289
0.096 1.21871
0.097 1.22451
0.098 1.23029
0.099 1.23606
0.1 1.24182
0.101 1.24756
0.102 1.25329
0.103 1.259
0.104 1.2647
0.105 1.27039
0.106 1.27607
0.107 1.28173
0.108 1.28738
0.109 1.29302
0.11 1.29864
0.111 1.30426
0.112 1.30986
0.113 1.31545
0.114 1.32103
0.115 1.3266
0.116 1.33216
0.117 1.33771
0.118 1.34325
0.119 1.34878
0.12 1.35429
0.121 1.3598
0.122 1.3653
0.123 1.37079
0.124 1.37627
0.125 1.38173
0.126 1.38719
0.127 1.39265
0.128 1.39809
0.129 1.40352
0.13 1.40895
0.131 1.41436
0.132 1.41977
0.133 1.42517
0.134 1.43056
0.135 1.43595
0.136 1.44132
0.137 1.44669
0.138 1.45205
0.139 1.4574
0.14 1.46274
0.141 1.46808
0.142 1.47341
0.143 1.47873
0.144 1.48405
0.145 1.48936
0.146 1.49466
0.147 1.49995
0.148 1.50524
0.149 1.51052
0.15 1.51579
0.151 1.52106
0.152 1.52632
0.153 1.53157
0.154 1.53681
0.155 1.54205
0.156 1.54729
0.157 1.55251
0.158 1.55773
0.159 1.56295
0.16 1.56816
0.161 1.57336
0.162 1.57855
0.163 1.58374
0.164 1.58893
0.165 1.5941
0.166 1.59927
0.167 1.60444
0.168 1.6096
0.169 1.61475
0.17 1.6199
0.171 1.62504
0.172 1.63018
0.173 1.63531
0.174 1.64043
0.175 1.64555
0.176 1.65066
0.177 1.65577
0.178 1.66087
0.179 1.66597
0.18 1.67106
0.181 1.67614
0.182 1.68123
0.183 1.6863
0.184 1.69137
0.185 1.69644
0.186 1.70149
0.187 1.70655
0.188 1.7116
0.189 1.71664
0.19 1.72168
0.191 1.72672
0.192 1.73175
0.193 1.73677
0.194 1.74179
0.195 1.74681
0.196 1.75182
0.197 1.75682
0.198 1.76182
0.199 1.76682
0.2 1.77181
0.201 1.7768
0.202 1.78178
0.203 1.78676
0.204 1.79174
0.205 1.79671
0.206 1.80167
0.207 1.80663
0.208 1.81159
0.209 1.81655
0.21 1.8215
0.211 1.82644
0.212 1.83138
0.213 1.83632
0.214 1.84126
0.215 1.84619
0.216 1.85111
0.217 1.85604
0.218 1.86096
0.219 1.86587
0.22 1.87079
0.221 1.87569
0.222 1.8806
0.223 1.8855
0.224 1.8904
0.225 1.8953
0.226 1.90019
0.227 1.90508
0.228 1.90997
0.229 1.91486
0.23 1.91974
0.231 1.92462
0.232 1.92949
0.233 1.93436
0.234 1.93924
0.235 1.9441
0.236 1.94897
0.237 1.95383
0.238 1.95869
0.239 1.96355
0.24 1.96841
0.241 1.97326
0.242 1.97811
0.243 1.98296
0.244 1.98781
0.245 1.99266
0.246 1.9975
0.247 2.00234
0.248 2.00718
0.249 2.01202
0.25 2.01686
0.251 2.02169
0.252 2.02652
0.253 2.03136
0.254 2.03619
0.255 2.04102
0.256 2.04584
0.257 2.05067
0.258 2.0555
0.259 2.06032
0.26 2.06514
0.261 2.06996
0.262 2.07479
0.263 2.07961
0.264 2.08442
0.265 2.08924
0.266 2.09406
0.267 2.09888
0.268 2.10369
0.269 2.10851
0.27 2.11332
0.271 2.11814
0.272 2.12295
0.273 2.12777
0.274 2.13258
0.275 2.13739
0.276 2.14221
0.277 2.14702
0.278 2.15183
0.279 2.15664
0.28 2.16146
0.281 2.16627
0.282 2.17108
0.283 2.1759
0.284 2.18071
0.285 2.18552
0.286 2.19034
0.287 2.19515
0.288 2.19997
0.289 2.20478
0.29 2.2096
0.291 2.21441
0.292 2.21923
0.293 2.22405
0.294 2.22887
0.295 2.23369
0.296 2.23851
0.297 2.24333
0.298 2.24815
0.299 2.25297
0.3 2.2578
0.301 2.26262
0.302 2.26745
0.303 2.27228
0.304 2.27711
0.305 2.28194
0.306 2.28677
0.307 2.29161
0.308 2.29644
0.309 2.30128
0.31 2.30612
0.311 2.31096
0.312 2.3158
0.313 2.32065
0.314 2.32549
0.315 2.33034
0.316 2.33519
0.317 2.34004
0.318 2.3449
0.319 2.34975
0.32 2.35461
0.321 2.35947
0.322 2.36434
0.323 2.3692
0.324 2.37407
0.325 2.37894
0.326 2.38382
0.327 2.38869
0.328 2.39357
0.329 2.39846
0.33 2.40334
0.331 2.40823
0.332 2.41312
0.333 2.41801
0.334 2.42291
0.335 2.42781
0.336 2.43272
0.337 2.43762
0.338 2.44254
0.339 2.44745
0.34 2.45237
0.341 2.45729
0.342 2.46221
0.343 2.46714
0.344 2.47208
0.345 2.47701
0.346 2.48195
0.347 2.4869
0.348 2.49185
0.349 2.4968
0.35 2.50176
0.351 2.50672
0.352 2.51169
0.353 2.51666
0.354 2.52164
0.355 2.52662
0.356 2.5316
0.357 2.53659
0.358 2.54159
0.359 2.54659
0.36 2.5516
0.361 2.55661
0.362 2.56163
0.363 2.56665
0.364 2.57167
0.365 2.57671
0.366 2.58175
0.367 2.58679
0.368 2.59184
0.369 2.5969
0.37 2.60196
0.371 2.60703
0.372 2.61211
0.373 2.61719
0.374 2.62228
0.375 2.62737
0.376 2.63247
0.377 2.63758
0.378 2.6427
0.379 2.64782
0.38 2.65295
0.381 2.65808
0.382 2.66323
0.383 2.66838
0.384 2.67354
0.385 2.67871
0.386 2.68388
0.387 2.68906
0.388 2.69425
0.389 2.69945
0.39 2.70466
0.391 2.70988
0.392 2.7151
0.393 2.72033
0.394 2.72557
0.395 2.73082
0.396 2.73608
0.397 2.74135
0.398 2.74663
0.399 2.75192
0.4 2.75721
0.401 2.76252
0.402 2.76784
0.403 2.77316
0.404 2.7785
0.405 2.78385
0.406 2.7892
0.407 2.79457
0.408 2.79995
0.409 2.80534
0.41 2.81074
0.411 2.81615
0.412 2.82157
0.413 2.827
0.414 2.83245
0.415 2.83791
0.416 2.84338
0.417 2.84886
0.418 2.85435
0.419 2.85985
0.42 2.86537
0.421 2.8709
0.422 2.87645
0.423 2.882
0.424 2.88757
0.425 2.89316
0.426 2.89875
0.427 2.90436
0.428 2.90999
0.429 2.91562
0.43 2.92128
0.431 2.92694
0.432 2.93263
0.433 2.93832
0.434 2.94403
0.435 2.94976
0.436 2.9555
0.437 2.96126
0.438 2.96703
0.439 2.97282
0.44 2.97862
0.441 2.98444
0.442 2.99028
0.443 2.99614
0.444 3.00201
0.445 3.00789
0.446 3.0138
0.447 3.01972
0.448 3.02566
0.449 3.03162
0.45 3.0376
0.451 3.04359
0.452 3.04961
0.453 3.05564
0.454 3.06169
0.455 3.06776
0.456 3.07385
0.457 3.07996
0.458 3.08609
0.459 3.09224
0.46 3.09841
0.461 3.1046
0.462 3.11081
0.463 3.11705
0.464 3.1233
0.465 3.12958
0.466 3.13587
0.467 3.14219
0.468 3.14853
0.469 3.1549
0.47 3.16129
0.471 3.1677
0.472 3.17413
0.473 3.18059
0.474 3.18707
0.475 3.19357
0.476 3.2001
0.477 3.20665
0.478 3.21323
0.479 3.21984
0.48 3.22647
0.481 3.23312
0.482 3.2398
0.483 3.24651
0.484 3.25324
0.485 3.26
0.486 3.26679
0.487 3.27361
0.488 3.28045
0.489 3.28732
0.49 3.29422
0.491 3.30114
0.492 3.3081
0.493 3.31509
0.494 3.3221
0.495 3.32915
0.496 3.33622
0.497 3.34333
0.498 3.35046
0.499 3.35763
0.5 3.36483
0.501 3.37206
0.502 3.37932
0.503 3.38661
0.504 3.39394
0.505 3.4013
0.506 3.40869
0.507 3.41612
0.508 3.42358
0.509 3.43107
0.51 3.4386
0.511 3.44617
0.512 3.45377
0.513 3.4614
0.514 3.46907
0.515 3.47678
0.516 3.48452
0.517 3.4923
0.518 3.50012
0.519 3.50798
0.52 3.51587
0.521 3.52381
0.522 3.53178
0.523 3.53979
0.524 3.54784
0.525 3.55593
0.526 3.56406
0.527 3.57223
0.528 3.58044
0.529 3.58869
0.53 3.59699
0.531 3.60533
0.532 3.61371
0.533 3.62213
0.534 3.6306
0.535 3.6391
0.536 3.64766
0.537 3.65626
0.538 3.6649
0.539 3.67359
0.54 3.68232
0.541 3.6911
0.542 3.69993
0.543 3.7088
0.544 3.71772
0.545 3.72669
0.546 3.7357
0.547 3.74477
0.548 3.75388
0.549 3.76304
0.55 3.77225
0.551 3.78151
0.552 3.79083
0.553 3.80019
0.554 3.8096
0.555 3.81907
0.556 3.82858
0.557 3.83815
0.558 3.84778
0.559 3.85745
0.56 3.86718
0.561 3.87696
0.562 3.8868
0.563 3.89669
0.564 3.90664
0.565 3.91664
0.566 3.9267
0.567 3.93682
0.568 3.94699
0.569 3.95722
0.57 3.96751
0.571 3.97785
0.572 3.98825
0.573 3.99872
0.574 4.00924
0.575 4.01982
0.576 4.03046
0.577 4.04116
0.578 4.05192
0.579 4.06274
0.58 4.07363
0.581 4.08457
0.582 4.09558
0.583 4.10665
0.584 4.11778
0.585 4.12898
0.586 4.14024
0.587 4.15156
0.588 4.16295
0.589 4.1744
0.59 4.18592
0.591 4.1975
0.592 4.20915
0.593 4.22086
0.594 4.23264
0.595 4.24448
0.596 4.2564
0.597 4.26838
0.598 4.28042
0.599 4.29254
0.6 4.30472
0.601 4.31697
0.602 4.32929
0.603 4.34168
0.604 4.35413
0.605 4.36666
0.606 4.37925
0.607 4.39192
0.608 4.40465
0.609 4.41745
0.61 4.43033
0.611 4.44327
0.612 4.45628
0.613 4.46937
0.614 4.48252
0.615 4.49575
0.616 4.50905
0.617 4.52241
0.618 4.53585
0.619 4.54936
0.62 4.56294
0.621 4.57659
0.622 4.59031
0.623 4.60411
0.624 4.61797
0.625 4.63191
0.626 4.64592
0.627 4.65999
0.628 4.67414
0.629 4.68836
0.63 4.70265
0.631 4.71702
0.632 4.73145
0.633 4.74595
0.634 4.76052
0.635 4.77517
0.636 4.78988
0.637 4.80466
0.638 4.81951
0.639 4.83443
0.64 4.84942
0.641 4.86448
0.642 4.87961
0.643 4.8948
0.644 4.91006
0.645 4.92539
0.646 4.94078
0.647 4.95624
0.648 4.97177
0.649 4.98736
0.65 5.00302
0.651 5.01874
0.652 5.03452
0.653 5.05037
0.654 5.06628
0.655 5.08225
0.656 5.09828
0.657 5.11438
0.658 5.13053
0.659 5.14674
0.66 5.16301
0.661 5.17934
0.662 5.19572
0.663 5.21216
0.664 5.22865
0.665 5.2452
0.666 5.2618
0.667 5.27846
0.668 5.29516
0.669 5.31192
0.67 5.32872
0.671 5.34557
0.672 5.36247
0.673 5.37942
0.674 5.39641
0.675 5.41344
0.676 5.43052
0.677 5.44764
0.678 5.4648
0.679 5.48199
0.68 5.49923
0.681 5.5165
0.682 5.5338
0.683 5.55114
0.684 5.56851
0.685 5.58591
0.686 5.60334
0.687 5.6208
0.688 5.63829
0.689 5.65579
0.69 5.67333
0.691 5.69088
0.692 5.70846
0.693 5.72605
0.694 5.74366
0.695 5.76128
0.696 5.77892
0.697 5.79657
0.698 5.81423
0.699 5.8319
0.7 5.84958
0.701 5.86726
0.702 5.88494
0.703 5.90262
0.704 5.92031
0.705 5.93799
0.706 5.95567
0.707 5.97334
0.708 5.991
0.709 6.00865
0.71 6.02629
0.711 6.04392
0.712 6.06153
0.713 6.07912
0.714 6.0967
0.715 6.11425
0.716 6.13178
0.717 6.14928
0.718 6.16675
0.719 6.1842
0.72 6.20161
0.721 6.21899
0.722 6.23634
0.723 6.25364
0.724 6.27091
0.725 6.28813
0.726 6.30531
0.727 6.32245
0.728 6.33953
0.729 6.35657
0.73 6.37356
0.731 6.39049
0.732 6.40736
0.733 6.42418
0.734 6.44093
0.735 6.45763
0.736 6.47426
0.737 6.49082
0.738 6.50731
0.739 6.52374
0.74 6.54009
0.741 6.55637
0.742 6.57258
0.743 6.5887
0.744 6.60475
0.745 6.62071
0.746 6.63659
0.747 6.65239
0.748 6.6681
0.749 6.68371
0.75 6.69924
0.751 6.71468
0.752 6.73002
0.753 6.74527
0.754 6.76042
0.755 6.77547
0.756 6.79041
0.757 6.80526
0.758 6.82
0.759 6.83464
0.76 6.84917
0.761 6.86359
0.762 6.8779
0.763 6.8921
0.764 6.90618
0.765 6.92015
0.766 6.93401
0.767 6.94775
0.768 6.96137
0.769 6.97487
0.77 6.98825
0.771 7.00151
0.772 7.01465
0.773 7.02767
0.774 7.04055
0.775 7.05332
0.776 7.06595
0.777 7.07846
0.778 7.09084
0.779 7.10309
0.78 7.11522
0.781 7.12721
0.782 7.13907
0.783 7.15079
0.784 7.16239
0.785 7.17385
0.786 7.18518
0.787 7.19637
0.788 7.20743
0.789 7.21835
0.79 7.22914
0.791 7.2398
0.792 7.25031
0.793 7.26069
0.794 7.27094
0.795 7.28105
0.796 7.29102
0.797 7.30086
0.798 7.31056
0.799 7.32012
0.8 7.32955
0.801 7.33884
0.802 7.34799
0.803 7.35701
0.804 7.3659
0.805 7.37464
0.806 7.38326
0.807 7.39174
0.808 7.40008
0.809 7.40829
0.81 7.41637
0.811 7.42432
0.812 7.43213
0.813 7.43981
0.814 7.44736
0.815 7.45478
0.816 7.46207
0.817 7.46923
0.818 7.47627
0.819 7.48317
0.82 7.48995
0.821 7.49661
0.822 7.50313
0.823 7.50954
0.824 7.51582
0.825 7.52198
0.826 7.52802
0.827 7.53393
0.828 7.53973
0.829 7.54541
0.83 7.55097
0.831 7.55642
0.832 7.56175
0.833 7.56697
0.834 7.57207
0.835 7.57706
0.836 7.58194
0.837 7.58671
0.838 7.59137
0.839 7.59593
0.84 7.60038
0.841 7.60472
0.842 7.60896
0.843 7.6131
0.844 7.61713
0.845 7.62107
0.846 7.6249
0.847 7.62864
0.848 7.63229
0.849 7.63583
0.85 7.63929
0.851 7.64265
0.852 7.64591
0.853 7.64909
0.854 7.65218
0.855 7.65518
0.856 7.6581
0.857 7.66093
0.858 7.66367
0.859 7.66633
0.86 7.66892
0.861 7.67142
0.862 7.67384
0.863 7.67618
0.864 7.67845
0.865 7.68064
0.866 7.68275
0.867 7.6848
0.868 7.68677
0.869 7.68867
0.87 7.6905
0.871 7.69226
0.872 7.69396
0.873 7.69559
0.874 7.69715
0.875 7.69865
0.876 7.70009
0.877 7.70146
0.878 7.70278
0.879 7.70403
0.88 7.70523
0.881 7.70637
0.882 7.70745
0.883 7.70848
0.884 7.70945
0.885 7.71037
0.886 7.71124
0.887 7.71206
0.888 7.71282
0.889 7.71354
0.89 7.71421
0.891 7.71483
0.892 7.71541
0.893 7.71594
0.894 7.71642
0.895 7.71686
0.896 7.71726
0.897 7.71762
0.898 7.71793
0.899 7.71821
0.9 7.71844
0.901 7.71864
0.902 7.7188
0.903 7.71892
0.904 7.71901
0.905 7.71906
0.906 7.71908
0.907 7.71906
0.908 7.71901
0.909 7.71892
0.91 7.71881
0.911 7.71866
0.912 7.71849
0.913 7.71828
0.914 7.71804
0.915 7.71778
0.916 7.71749
0.917 7.71717
0.918 7.71683
0.919 7.71646
0.92 7.71606
0.921 7.71564
0.922 7.71519
0.923 7.71473
0.924 7.71424
0.925 7.71372
0.926 7.71319
0.927 7.71263
0.928 7.71205
0.929 7.71145
0.93 7.71084
0.931 7.7102
0.932 7.70954
0.933 7.70887
0.934 7.70817
0.935 7.70746
0.936 7.70674
0.937 7.70599
0.938 7.70523
0.939 7.70446
0.94 7.70367
0.941 7.70286
0.942 7.70204
0.943 7.7012
0.944 7.70036
0.945 7.69949
0.946 7.69862
0.947 7.69773
0.948 7.69683
0.949 7.69591
0.95 7.69499
0.951 7.69405
0.952 7.69311
0.953 7.69215
0.954 7.69118
0.955 7.6902
0.956 7.68921
0.957 7.68821
0.958 7.6872
0.959 7.68618
0.96 7.68516
0.961 7.68412
0.962 7.68308
0.963 7.68203
0.964 7.68097
0.965 7.6799
0.966 7.67882
0.967 7.67774
0.968 7.67665
0.969 7.67556
0.97 7.67445
0.971 7.67334
0.972 7.67223
0.973 7.67111
0.974 7.66998
0.975 7.66885
0.976 7.66771
0.977 7.66657
0.978 7.66542
0.979 7.66426
0.98 7.6631
0.981 7.66194
0.982 7.66077
0.983 7.6596
0.984 7.65843
0.985 7.65724
0.986 7.65606
0.987 7.65487
0.988 7.65368
0.989 7.65249
0.99 7.65129
0.991 7.65008
0.992 7.64888
0.993 7.64767
0.994 7.64646
0.995 7.64525
0.996 7.64403
0.997 7.64281
0.998 7.64159
0.999 7.64036
1 7.63914
1.001 0
