0 5
0.001 3.17291
0.002 3.16958
0.003 3.16627
0.004 3.16297
0.005 3.15968
0.006 3.15642
0.007 3.15317
0.008 3.14994
0.009 3.14673
0.01 3.14354
0.011 3.14037
0.012 3.13722
0.013 3.13409
0.014 3.13098
0.015 3.1279
0.016 3.12484
0.017 3.1218
0.018 3.11879
0.019 3.1158
0.02 3.11284
0.021 3.10991
0.022 3.107
0.023 3.10412
0.024 3.10127
0.025 3.09844
0.026 3.09565
0.027 3.09288
0.028 3.09015
0.029 3.08744
0.03 3.08477
0.031 3.08213
0.032 3.07952
0.033 3.07695
0.034 3.0744
0.035 3.07189
0.036 3.06942
0.037 3.06698
0.038 3.06457
0.039 3.06221
0.04 3.05987
0.041 3.05758
0.042 3.05532
0.043 3.0531
0.044 3.05091
0.045 3.04876
0.046 3.04666
0.047 3.04459
0.048 3.04256
0.049 3.04057
0.05 3.03862
0.051 3.03671
0.052 3.03483
0.053 3.033
0.054 3.03122
0.055 3.02947
0.056 3.02776
0.057 3.0261
0.058 3.02447
0.059 3.02289
0.06 3.02135
0.061 3.01986
0.062 3.0184
0.063 3.01699
0.064 3.01562
0.065 3.01429
0.066 3.01301
0.067 3.01177
0.068 3.01057
0.069 3.00941
0.07 3.0083
0.071 3.00723
0.072 3.0062
0.073 3.00522
0.074 3.00428
0.075 3.00338
0.076 3.00252
0.077 3.00171
0.078 3.00094
0.079 3.00021
0.08 2.99952
0.081 2.99888
0.082 2.99828
0.083 2.99772
0.084 2.9972
0.085 2.99672
0.086 2.99628
0.087 2.99589
0.088 2.99553
0.089 2.99522
0.09 2.99494
0.091 2.99471
0.092 2.99451
0.093 2.99435
0.094 2.99424
0.095 2.99416
0.096 2.99412
0.097 2.99412
0.098 2.99415
0.099 2.99422
0.1 2.99433
0.101 2.99448
0.102 2.99466
0.103 2.99488
0.104 2.99513
0.105 2.99541
0.106 2.99574
0.107 2.99609
0.108 2.99648
0.109 2.9969
0.11 2.99735
0.111 2.99784
0.112 2.99836
0.113 2.99891
0.114 2.99949
0.115 3.0001
0.116 3.00073
0.117 3.0014
0.118 3.0021
0.119 3.00283
0.12 3.00358
0.121 3.00436
0.122 3.00517
0.123 3.006
0.124 3.00686
0.125 3.00774
0.126 3.00865
0.127 3.00958
0.128 3.01054
0.129 3.01152
0.13 3.01252
0.131 3.01354
0.132 3.01459
0.133 3.01566
0.134 3.01674
0.135 3.01785
0.136 3.01898
0.137 3.02013
0.138 3.02129
0.139 3.02247
0.14 3.02367
0.141 3.02489
0.142 3.02613
0.143 3.02738
0.144 3.02864
0.145 3.02993
0.146 3.03122
0.147 3.03253
0.148 3.03386
0.149 3.0352
0.15 3.03655
0.151 3.03791
0.152 3.03929
0.153 3.04067
0.154 3.04207
0.155 3.04348
0.156 3.0449
0.157 3.04633
0.158 3.04777
0.159 3.04922
0.16 3.05068
0.161 3.05215
0.162 3.05362
0.163 3.0551
0.164 3.05659
0.165 3.05809
0.166 3.05959
0.167 3.0611
0.168 3.06262
0.169 3.06414
0.17 3.06567
0.171 3.0672
0.172 3.06874
0.173 3.07028
0.174 3.07182
0.175 3.07337
0.176 3.07492
0.177 3.07648
0.178 3.07804
0.179 3.0796
0.18 3.08117
0.181 3.08273
0.182 3.0843
0.183 3.08587
0.184 3.08744
0.185 3.08902
0.186 3.09059
0.187 3.09217
0.188 3.09374
0.189 3.09532
0.19 3.09689
0.191 3.09847
0.192 3.10005
0.193 3.10162
0.194 3.1032
0.195 3.10477
0.196 3.10635
0.197 3.10792
0.198 3.10949
0.199 3.11106
0.2 3.11263
0.201 3.1142
0.202 3.11577
0.203 3.11733
0.204 3.11889
0.205 3.12045
0.206 3.12201
0.207 3.12356
0.208 3.12512
0.209 3.12667
0.21 3.12821
0.211 3.12976
0.212 3.1313
0.213 3.13284
0.214 3.13437
0.215 3.1359
0.216 3.13743
0.217 3.13895
0.218 3.14048
0.219 3.14199
0.22 3.14351
0.221 3.14502
0.222 3.14652
0.223 3.14803
0.224 3.14953
0.225 3.15102
0.226 3.15251
0.227 3.154
0.228 3.15548
0.229 3.15696
0.23 3.15843
0.231 3.1599
0.232 3.16137
0.233 3.16283
0.234 3.16428
0.235 3.16573
0.236 3.16718
0.237 3.16862
0.238 3.17006
0.239 3.17149
0.24 3.17292
0.241 3.17435
0.242 3.17577
0.243 3.17718
0.244 3.17859
0.245 3.17999
0.246 3.18139
0.247 3.18279
0.248 3.18418
0.249 3.18556
0.25 3.18694
0.251 3.18832
0.252 3.18969
0.253 3.19105
0.254 3.19241
0.255 3.19377
0.256 3.19512
0.257 3.19646
0.258 3.1978
0.259 3.19914
0.26 3.20047
0.261 3.20179
0.262 3.20311
0.263 3.20443
0.264 3.20574
0.265 3.20704
0.266 3.20834
0.267 3.20964
0.268 3.21093
0.269 3.21221
0.27 3.21349
0.271 3.21476
0.272 3.21603
0.273 3.21729
0.274 3.21855
0.275 3.21981
0.276 3.22105
0.277 3.2223
0.278 3.22353
0.279 3.22477
0.28 3.226
0.281 3.22722
0.282 3.22844
0.283 3.22965
0.284 3.23086
0.285 3.23206
0.286 3.23325
0.287 3.23445
0.288 3.23563
0.289 3.23682
0.29 3.23799
0.291 3.23916
0.292 3.24033
0.293 3.24149
0.294 3.24265
0.295 3.2438
0.296 3.24495
0.297 3.24609
0.298 3.24723
0.299 3.24836
0.3 3.24948
0.301 3.2506
0.302 3.25172
0.303 3.25283
0.304 3.25394
0.305 3.25504
0.306 3.25614
0.307 3.25723
0.308 3.25832
0.309 3.2594
0.31 3.26048
0.311 3.26155
0.312 3.26262
0.313 3.26368
0.314 3.26474
0.315 3.26579
0.316 3.26684
0.317 3.26788
0.318 3.26892
0.319 3.26995
0.32 3.27098
0.321 3.27201
0.322 3.27303
0.323 3.27404
0.324 3.27505
0.325 3.27606
0.326 3.27706
0.327 3.27805
0.328 3.27905
0.329 3.28003
0.33 3.28101
0.331 3.28199
0.332 3.28296
0.333 3.28393
0.334 3.2849
0.335 3.28586
0.336 3.28681
0.337 3.28776
0.338 3.28871
0.339 3.28965
0.34 3.29058
0.341 3.29151
0.342 3.29244
0.343 3.29336
0.344 3.29428
0.345 3.2952
0.346 3.29611
0.347 3.29701
0.348 3.29791
0.349 3.29881
0.35 3.2997
0.351 3.30059
0.352 3.30147
0.353 3.30235
0.354 3.30323
0.355 3.3041
0.356 3.30496
0.357 3.30582
0.358 3.30668
0.359 3.30753
0.36 3.30838
0.361 3.30923
0.362 3.31007
0.363 3.31091
0.364 3.31174
0.365 3.31257
0.366 3.31339
0.367 3.31421
0.368 3.31503
0.369 3.31584
0.37 3.31665
0.371 3.31745
0.372 3.31825
0.373 3.31905
0.374 3.31984
0.375 3.32062
0.376 3.32141
0.377 3.32219
0.378 3.32296
0.379 3.32374
0.38 3.3245
0.381 3.32527
0.382 3.32603
0.383 3.32678
0.384 3.32754
0.385 3.32828
0.386 3.32903
0.387 3.32977
0.388 3.33051
0.389 3.33124
0.39 3.33197
0.391 3.3327
0.392 3.33342
0.393 3.33414
0.394 3.33485
0.395 3.33556
0.396 3.33627
0.397 3.33697
0.398 3.33767
0.399 3.33837
0.4 3.33906
0.401 3.33975
0.402 3.34044
0.403 3.34112
0.404 3.3418
0.405 3.34247
0.406 3.34314
0.407 3.34381
0.408 3.34447
0.409 3.34513
0.41 3.34579
0.411 3.34644
0.412 3.34709
0.413 3.34774
0.414 3.34839
0.415 3.34903
0.416 3.34966
0.417 3.35029
0.418 3.35092
0.419 3.35155
0.42 3.35217
0.421 3.35279
0.422 3.35341
0.423 3.35402
0.424 3.35463
0.425 3.35524
0.426 3.35584
0.427 3.35644
0.428 3.35704
0.429 3.35763
0.43 3.35822
0.431 3.35881
0.432 3.35939
0.433 3.35998
0.434 3.36055
0.435 3.36113
0.436 3.3617
0.437 3.36227
0.438 3.36283
0.439 3.36339
0.44 3.36395
0.441 3.36451
0.442 3.36506
0.443 3.36561
0.444 3.36616
0.445 3.3667
0.446 3.36724
0.447 3.36778
0.448 3.36831
0.449 3.36884
0.45 3.36937
0.451 3.36989
0.452 3.37042
0.453 3.37094
0.454 3.37145
0.455 3.37196
0.456 3.37248
0.457 3.37298
0.458 3.37349
0.459 3.37399
0.46 3.37449
0.461 3.37498
0.462 3.37547
0.463 3.37596
0.464 3.37645
0.465 3.37694
0.466 3.37742
0.467 3.37789
0.468 3.37837
0.469 3.37884
0.47 3.37931
0.471 3.37978
0.472 3.38024
0.473 3.3807
0.474 3.38116
0.475 3.38162
0.476 3.38207
0.477 3.38252
0.478 3.38297
0.479 3.38341
0.48 3.38385
0.481 3.38429
0.482 3.38473
0.483 3.38516
0.484 3.38559
0.485 3.38602
0.486 3.38644
0.487 3.38686
0.488 3.38728
0.489 3.3877
0.49 3.38811
0.491 3.38852
0.492 3.38893
0.493 3.38933
0.494 3.38974
0.495 3.39014
0.496 3.39053
0.497 3.39093
0.498 3.39132
0.499 3.39171
0.5 3.39209
0.501 3.39248
0.502 3.39286
0.503 3.39323
0.504 3.39361
0.505 3.39398
0.506 3.39435
0.507 3.39472
0.508 3.39508
0.509 3.39544
0.51 3.3958
0.511 3.39615
0.512 3.39651
0.513 3.39686
0.514 3.3972
0.515 3.39755
0.516 3.39789
0.517 3.39823
0.518 3.39856
0.519 3.3989
0.52 3.39923
0.521 3.39955
0.522 3.39988
0.523 3.4002
0.524 3.40052
0.525 3.40083
0.526 3.40115
0.527 3.40146
0.528 3.40176
0.529 3.40207
0.53 3.40237
0.531 3.40267
0.532 3.40296
0.533 3.40325
0.534 3.40354
0.535 3.40383
0.536 3.40411
0.537 3.40439
0.538 3.40467
0.539 3.40495
0.54 3.40522
0.541 3.40549
0.542 3.40575
0.543 3.40601
0.544 3.40627
0.545 3.40653
0.546 3.40678
0.547 3.40703
0.548 3.40728
0.549 3.40752
0.55 3.40776
0.551 3.408
0.552 3.40823
0.553 3.40846
0.554 3.40869
0.555 3.40891
0.556 3.40913
0.557 3.40935
0.558 3.40956
0.559 3.40977
0.56 3.40998
0.561 3.41018
0.562 3.41038
0.563 3.41057
0.564 3.41076
0.565 3.41095
0.566 3.41114
0.567 3.41132
0.568 3.4115
0.569 3.41167
0.57 3.41184
0.571 3.412
0.572 3.41217
0.573 3.41232
0.574 3.41248
0.575 3.41263
0.576 3.41277
0.577 3.41291
0.578 3.41305
0.579 3.41318
0.58 3.41331
0.581 3.41344
0.582 3.41356
0.583 3.41367
0.584 3.41378
0.585 3.41389
0.586 3.41399
0.587 3.41409
0.588 3.41418
0.589 3.41427
0.59 3.41435
0.591 3.41443
0.592 3.4145
0.593 3.41457
0.594 3.41463
0.595 3.41469
0.596 3.41474
0.597 3.41479
0.598 3.41483
0.599 3.41487
0.6 3.4149
0.601 3.41492
0.602 3.41494
0.603 3.41495
0.604 3.41496
0.605 3.41496
0.606 3.41496
0.607 3.41494
0.608 3.41493
0.609 3.4149
0.61 3.41487
0.611 3.41483
0.612 3.41479
0.613 3.41474
0.614 3.41468
0.615 3.41461
0.616 3.41454
0.617 3.41446
0.618 3.41437
0.619 3.41428
0.62 3.41418
0.621 3.41407
0.622 3.41395
0.623 3.41382
0.624 3.41369
0.625 3.41354
0.626 3.41339
0.627 3.41323
0.628 3.41306
0.629 3.41288
0.63 3.4127
0.631 3.4125
0.632 3.41229
0.633 3.41208
0.634 3.41185
0.635 3.41162
0.636 3.41137
0.637 3.41112
0.638 3.41085
0.639 3.41058
0.64 3.41029
0.641 3.40999
0.642 3.40968
0.643 3.40936
0.644 3.40903
0.645 3.40869
0.646 3.40833
0.647 3.40797
0.648 3.40759
0.649 3.4072
0.65 3.40679
0.651 3.40637
0.652 3.40594
0.653 3.4055
0.654 3.40504
0.655 3.40457
0.656 3.40409
0.657 3.40359
0.658 3.40308
0.659 3.40255
0.66 3.40201
0.661 3.40146
0.662 3.40088
0.663 3.4003
0.664 3.3997
0.665 3.39908
0.666 3.39844
0.667 3.39779
0.668 3.39713
0.669 3.39645
0.67 3.39575
0.671 3.39503
0.672 3.3943
0.673 3.39355
0.674 3.39278
0.675 3.39199
0.676 3.39119
0.677 3.39037
0.678 3.38953
0.679 3.38867
0.68 3.38779
0.681 3.38689
0.682 3.38598
0.683 3.38504
0.684 3.38409
0.685 3.38311
0.686 3.38212
0.687 3.38111
0.688 3.38007
0.689 3.37902
0.69 3.37794
0.691 3.37685
0.692 3.37573
0.693 3.37459
0.694 3.37344
0.695 3.37226
0.696 3.37106
0.697 3.36984
0.698 3.36859
0.699 3.36733
0.7 3.36604
0.701 3.36473
0.702 3.3634
0.703 3.36205
0.704 3.36068
0.705 3.35928
0.706 3.35787
0.707 3.35643
0.708 3.35497
0.709 3.35348
0.71 3.35198
0.711 3.35045
0.712 3.3489
0.713 3.34733
0.714 3.34574
0.715 3.34413
0.716 3.34249
0.717 3.34084
0.718 3.33916
0.719 3.33746
0.72 3.33574
0.721 3.33399
0.722 3.33223
0.723 3.33045
0.724 3.32865
0.725 3.32682
0.726 3.32498
0.727 3.32311
0.728 3.32123
0.729 3.31933
0.73 3.3174
0.731 3.31546
0.732 3.3135
0.733 3.31153
0.734 3.30953
0.735 3.30752
0.736 3.30549
0.737 3.30344
0.738 3.30138
0.739 3.2993
0.74 3.2972
0.741 3.29509
0.742 3.29296
0.743 3.29082
0.744 3.28867
0.745 3.2865
0.746 3.28431
0.747 3.28212
0.748 3.27991
0.749 3.27769
0.75 3.27546
0.751 3.27322
0.752 3.27097
0.753 3.26871
0.754 3.26644
0.755 3.26416
0.756 3.26187
0.757 3.25958
0.758 3.25728
0.759 3.25497
0.76 3.25266
0.761 3.25034
0.762 3.24801
0.763 3.24568
0.764 3.24335
0.765 3.24101
0.766 3.23868
0.767 3.23634
0.768 3.234
0.769 3.23165
0.77 3.22931
0.771 3.22697
0.772 3.22463
0.773 3.22229
0.774 3.21995
0.775 3.21762
0.776 3.21529
0.777 3.21296
0.778 3.21064
0.779 3.20832
0.78 3.20601
0.781 3.2037
0.782 3.2014
0.783 3.19911
0.784 3.19683
0.785 3.19455
0.786 3.19228
0.787 3.19003
0.788 3.18778
0.789 3.18554
0.79 3.18331
0.791 3.1811
0.792 3.17889
0.793 3.1767
0.794 3.17452
0.795 3.17236
0.796 3.1702
0.797 3.16806
0.798 3.16594
0.799 3.16383
0.8 3.16173
0.801 3.15965
0.802 3.15759
0.803 3.15554
0.804 3.15351
0.805 3.15149
0.806 3.14949
0.807 3.14751
0.808 3.14555
0.809 3.1436
0.81 3.14167
0.811 3.13976
0.812 3.13787
0.813 3.136
0.814 3.13415
0.815 3.13231
0.816 3.1305
0.817 3.1287
0.818 3.12693
0.819 3.12517
0.82 3.12343
0.821 3.12172
0.822 3.12002
0.823 3.11834
0.824 3.11669
0.825 3.11505
0.826 3.11344
0.827 3.11184
0.828 3.11027
0.829 3.10871
0.83 3.10718
0.831 3.10567
0.832 3.10418
0.833 3.1027
0.834 3.10125
0.835 3.09982
0.836 3.09841
0.837 3.09702
0.838 3.09565
0.839 3.0943
0.84 3.09297
0.841 3.09166
0.842 3.09038
0.843 3.08911
0.844 3.08786
0.845 3.08663
0.846 3.08542
0.847 3.08423
0.848 3.08306
0.849 3.08191
0.85 3.08077
0.851 3.07966
0.852 3.07856
0.853 3.07749
0.854 3.07643
0.855 3.07539
0.856 3.07437
0.857 3.07337
0.858 3.07239
0.859 3.07142
0.86 3.07047
0.861 3.06954
0.862 3.06862
0.863 3.06773
0.864 3.06684
0.865 3.06598
0.866 3.06513
0.867 3.0643
0.868 3.06349
0.869 3.06269
0.87 3.06191
0.871 3.06114
0.872 3.06039
0.873 3.05965
0.874 3.05893
0.875 3.05822
0.876 3.05753
0.877 3.05685
0.878 3.05619
0.879 3.05554
0.88 3.0549
0.881 3.05428
0.882 3.05367
0.883 3.05308
0.884 3.05249
0.885 3.05193
0.886 3.05137
0.887 3.05083
0.888 3.05029
0.889 3.04978
0.89 3.04927
0.891 3.04877
0.892 3.04829
0.893 3.04782
0.894 3.04736
0.895 3.04691
0.896 3.04647
0.897 3.04604
0.898 3.04562
0.899 3.04522
0.9 3.04482
0.901 3.04443
0.902 3.04406
0.903 3.04369
0.904 3.04333
0.905 3.04299
0.906 3.04265
0.907 3.04232
0.908 3.042
0.909 3.04169
0.91 3.04139
0.911 3.04109
0.912 3.04081
0.913 3.04053
0.914 3.04026
0.915 3.04
0.916 3.03975
0.917 3.0395
0.918 3.03927
0.919 3.03904
0.92 3.03881
0.921 3.0386
0.922 3.03839
0.923 3.03819
0.924 3.038
0.925 3.03781
0.926 3.03763
0.927 3.03745
0.928 3.03728
0.929 3.03712
0.93 3.03697
0.931 3.03682
0.932 3.03667
0.933 3.03654
0.934 3.0364
0.935 3.03628
0.936 3.03616
0.937 3.03604
0.938 3.03593
0.939 3.03583
0.94 3.03573
0.941 3.03564
0.942 3.03555
0.943 3.03546
0.944 3.03538
0.945 3.03531
0.946 3.03524
0.947 3.03517
0.948 3.03511
0.949 3.03506
0.95 3.035
0.951 3.03496
0.952 3.03491
0.953 3.03487
0.954 3.03484
0.955 3.03481
0.956 3.03478
0.957 3.03476
0.958 3.03474
0.959 3.03472
0.96 3.03471
0.961 3.0347
0.962 3.03469
0.963 3.03469
0.964 3.03469
0.965 3.0347
0.966 3.03471
0.967 3.03472
0.968 3.03473
0.969 3.03475
0.97 3.03477
0.971 3.0348
0.972 3.03482
0.973 3.03485
0.974 3.03489
0.975 3.03492
0.976 3.03496
0.977 3.035
0.978 3.03505
0.979 3.03509
0.98 3.03514
0.981 3.03519
0.982 3.03525
0.983 3.0353
0.984 3.03536
0.985 3.03542
0.986 3.03549
0.987 3.03555
0.988 3.03562
0.989 3.03569
0.99 3.03577
0.991 3.03584
0.992 3.03592
0.993 3.036
0.994 3.03608
0.995 3.03616
0.996 3.03625
0.997 3.03634
0.998 3.03643
0.999 3.03652
1 3.03661
1.001 5
