0 0
0.001 0.87693
0.002 0.881853
0.003 0.886769
0.004 0.891676
0.005 0.896576
0.006 0.901467
0.007 0.90635
0.008 0.911225
0.009 0.916091
0.01 0.920949
0.011 0.925798
0.012 0.930639
0.013 0.93547
0.014 0.940293
0.015 0.945107
0.016 0.949912
0.017 0.954708
0.018 0.959494
0.019 0.964272
0.02 0.96904
0.021 0.973798
0.022 0.978548
0.023 0.983287
0.024 0.988018
0.025 0.992738
0.026 0.997449
0.027 1.00215
0.028 1.00684
0.029 1.01152
0.03 1.01619
0.031 1.02085
0.032 1.02551
0.033 1.03015
0.034 1.03478
0.035 1.0394
0.036 1.04401
0.037 1.04861
0.038 1.0532
0.039 1.05778
0.04 1.06235
0.041 1.06691
0.042 1.07146
0.043 1.076
0.044 1.08053
0.045 1.08504
0.046 1.08955
0.047 1.09405
0.048 1.09853
0.049 1.10301
0.05 1.10747
0.051 1.11193
0.052 1.11637
0.053 1.12081
0.054 1.12523
0.055 1.12964
0.056 1.13404
0.057 1.13844
0.058 1.14282
0.059 1.14719
0.06 1.15155
0.061 1.1559
0.062 1.16024
0.063 1.16456
0.064 1.16888
0.065 1.17319
0.066 1.17749
0.067 1.18177
0.068 1.18605
0.069 1.19032
0.07 1.19457
0.071 1.19882
0.072 1.20305
0.073 1.20728
0.074 1.21149
0.075 1.2157
0.076 1.21989
0.077 1.22408
0.078 1.22825
0.079 1.23242
0.08 1.23657
0.081 1.24072
0.082 1.24485
0.083 1.24898
0.084 1.25309
0.085 1.2572
0.086 1.2613
0.087 1.26538
0.088 1.26946
0.089 1.27353
0.09 1.27759
0.091 1.28164
0.092 1.28568
0.093 1.28971
0.094 1.29373
0.095 1.29774
0.096 1.30175
0.097 1.30574
0.098 1.30973
0.099 1.31371
0.1 1.31767
0.101 1.32163
0.102 1.32559
0.103 1.32953
0.104 1.33346
0.105 1.33739
0.106 1.34131
0.107 1.34521
0.108 1.34912
0.109 1.35301
0.11 1.35689
0.111 1.36077
0.112 1.36464
0.113 1.3685
0.114 1.37236
0.115 1.3762
0.116 1.38004
0.117 1.38387
0.118 1.38769
0.119 1.39151
0.12 1.39532
0.121 1.39912
0.122 1.40292
0.123 1.40671
0.124 1.41049
0.125 1.41426
0.126 1.41803
0.127 1.42179
0.128 1.42554
0.129 1.42929
0.13 1.43303
0.131 1.43677
0.132 1.4405
0.133 1.44422
0.134 1.44794
0.135 1.45165
0.136 1.45535
0.137 1.45905
0.138 1.46275
0.139 1.46643
0.14 1.47012
0.141 1.47379
0.142 1.47747
0.143 1.48113
0.144 1.48479
0.145 1.48845
0.146 1.4921
0.147 1.49575
0.148 1.49939
0.149 1.50302
0.15 1.50666
0.151 1.51028
0.152 1.5139
0.153 1.51752
0.154 1.52114
0.155 1.52475
0.156 1.52835
0.157 1.53195
0.158 1.53555
0.159 1.53914
0.16 1.54273
0.161 1.54632
0.162 1.5499
0.163 1.55348
0.164 1.55706
0.165 1.56063
0.166 1.5642
0.167 1.56776
0.168 1.57132
0.169 1.57488
0.17 1.57844
0.171 1.58199
0.172 1.58554
0.173 1.58909
0.174 1.59264
0.175 1.59618
0.176 1.59972
0.177 1.60326
0.178 1.60679
0.179 1.61033
0.18 1.61386
0.181 1.61739
0.182 1.62092
0.183 1.62444
0.184 1.62797
0.185 1.63149
0.186 1.63501
0.187 1.63853
0.188 1.64204
0.189 1.64556
0.19 1.64908
0.191 1.65259
0.192 1.6561
0.193 1.65961
0.194 1.66312
0.195 1.66663
0.196 1.67014
0.197 1.67365
0.198 1.67716
0.199 1.68067
0.2 1.68417
0.201 1.68768
0.202 1.69119
0.203 1.69469
0.204 1.6982
0.205 1.7017
0.206 1.70521
0.207 1.70872
0.208 1.71222
0.209 1.71573
0.21 1.71923
0.211 1.72274
0.212 1.72625
0.213 1.72976
0.214 1.73327
0.215 1.73678
0.216 1.74029
0.217 1.7438
0.218 1.74731
0.219 1.75082
0.22 1.75434
0.221 1.75785
0.222 1.76137
0.223 1.76489
0.224 1.7684
0.225 1.77193
0.226 1.77545
0.227 1.77897
0.228 1.7825
0.229 1.78602
0.23 1.78955
0.231 1.79308
0.232 1.79662
0.233 1.80015
0.234 1.80369
0.235 1.80723
0.236 1.81077
0.237 1.81431
0.238 1.81786
0.239 1.82141
0.24 1.82496
0.241 1.82851
0.242 1.83207
0.243 1.83562
0.244 1.83919
0.245 1.84275
0.246 1.84632
0.247 1.84989
0.248 1.85346
0.249 1.85703
0.25 1.86061
0.251 1.8642
0.252 1.86778
0.253 1.87137
0.254 1.87496
0.255 1.87856
0.256 1.88215
0.257 1.88576
0.258 1.88936
0.259 1.89297
0.26 1.89658
0.261 1.9002
0.262 1.90382
0.263 1.90744
0.264 1.91107
0.265 1.9147
0.266 1.91834
0.267 1.92198
0.268 1.92562
0.269 1.92927
0.27 1.93292
0.271 1.93657
0.272 1.94023
0.273 1.9439
0.274 1.94757
0.275 1.95124
0.276 1.95492
0.277 1.9586
0.278 1.96228
0.279 1.96597
0.28 1.96967
0.281 1.97337
0.282 1.97707
0.283 1.98078
0.284 1.98449
0.285 1.98821
0.286 1.99194
0.287 1.99566
0.288 1.9994
0.289 2.00313
0.29 2.00687
0.291 2.01062
0.292 2.01437
0.293 2.01813
0.294 2.02189
0.295 2.02566
0.296 2.02943
0.297 2.03321
0.298 2.03699
0.299 2.04077
0.3 2.04457
0.301 2.04836
0.302 2.05217
0.303 2.05597
0.304 2.05979
0.305 2.0636
0.306 2.06743
0.307 2.07126
0.308 2.07509
0.309 2.07893
0.31 2.08277
0.311 2.08662
0.312 2.09048
0.313 2.09434
0.314 2.09821
0.315 2.10208
0.316 2.10596
0.317 2.10984
0.318 2.11373
0.319 2.11762
0.32 2.12152
0.321 2.12543
0.322 2.12934
0.323 2.13325
0.324 2.13717
0.325 2.1411
0.326 2.14503
0.327 2.14897
0.328 2.15292
0.329 2.15687
0.33 2.16082
0.331 2.16478
0.332 2.16875
0.333 2.17272
0.334 2.1767
0.335 2.18068
0.336 2.18467
0.337 2.18867
0.338 2.19267
0.339 2.19668
0.34 2.20069
0.341 2.20471
0.342 2.20873
0.343 2.21276
0.344 2.2168
0.345 2.22084
0.346 2.22489
0.347 2.22895
0.348 2.23301
0.349 2.23707
0.35 2.24114
0.351 2.24522
0.352 2.2493
0.353 2.25339
0.354 2.25749
0.355 2.26159
0.356 2.2657
0.357 2.26981
0.358 2.27393
0.359 2.27806
0.36 2.28219
0.361 2.28633
0.362 2.29047
0.363 2.29462
0.364 2.29878
0.365 2.30294
0.366 2.30711
0.367 2.31128
0.368 2.31546
0.369 2.31965
0.37 2.32384
0.371 2.32804
0.372 2.33225
0.373 2.33646
0.374 2.34068
0.375 2.3449
0.376 2.34913
0.377 2.35337
0.378 2.35761
0.379 2.36186
0.38 2.36612
0.381 2.37038
0.382 2.37465
0.383 2.37893
0.384 2.38321
0.385 2.3875
0.386 2.39179
0.387 2.3961
0.388 2.40041
0.389 2.40472
0.39 2.40904
0.391 2.41337
0.392 2.41771
0.393 2.42205
0.394 2.4264
0.395 2.43075
0.396 2.43512
0.397 2.43948
0.398 2.44386
0.399 2.44824
0.4 2.45263
0.401 2.45703
0.402 2.46144
0.403 2.46585
0.404 2.47027
0.405 2.47469
0.406 2.47912
0.407 2.48356
0.408 2.48801
0.409 2.49247
0.41 2.49693
0.411 2.5014
0.412 2.50588
0.413 2.51036
0.414 2.51485
0.415 2.51935
0.416 2.52386
0.417 2.52837
0.418 2.5329
0.419 2.53743
0.42 2.54197
0.421 2.54651
0.422 2.55107
0.423 2.55563
0.424 2.5602
0.425 2.56478
0.426 2.56936
0.427 2.57396
0.428 2.57856
0.429 2.58317
0.43 2.58779
0.431 2.59242
0.432 2.59706
0.433 2.60171
0.434 2.60636
0.435 2.61102
0.436 2.61569
0.437 2.62037
0.438 2.62506
0.439 2.62976
0.44 2.63447
0.441 2.63919
0.442 2.64391
0.443 2.64865
0.444 2.65339
0.445 2.65815
0.446 2.66291
0.447 2.66768
0.448 2.67247
0.449 2.67726
0.45 2.68206
0.451 2.68687
0.452 2.6917
0.453 2.69653
0.454 2.70137
0.455 2.70622
0.456 2.71109
0.457 2.71596
0.458 2.72085
0.459 2.72574
0.46 2.73065
0.461 2.73556
0.462 2.74049
0.463 2.74543
0.464 2.75038
0.465 2.75534
0.466 2.76031
0.467 2.76529
0.468 2.77028
0.469 2.77529
0.47 2.78031
0.471 2.78534
0.472 2.79038
0.473 2.79543
0.474 2.8005
0.475 2.80557
0.476 2.81066
0.477 2.81577
0.478 2.82088
0.479 2.82601
0.48 2.83115
0.481 2.8363
0.482 2.84147
0.483 2.84665
0.484 2.85184
0.485 2.85704
0.486 2.86226
0.487 2.86749
0.488 2.87274
0.489 2.878
0.49 2.88327
0.491 2.88856
0.492 2.89386
0.493 2.89918
0.494 2.90451
0.495 2.90986
0.496 2.91522
0.497 2.92059
0.498 2.92598
0.499 2.93138
0.5 2.9368
0.501 2.94224
0.502 2.94769
0.503 2.95316
0.504 2.95864
0.505 2.96414
0.506 2.96965
0.507 2.97518
0.508 2.98073
0.509 2.98629
0.51 2.99187
0.511 2.99747
0.512 3.00308
0.513 3.00871
0.514 3.01436
0.515 3.02002
0.516 3.0257
0.517 3.0314
0.518 3.03712
0.519 3.04286
0.52 3.04861
0.521 3.05438
0.522 3.06017
0.523 3.06598
0.524 3.07181
0.525 3.07765
0.526 3.08352
0.527 3.0894
0.528 3.09531
0.529 3.10123
0.53 3.10717
0.531 3.11314
0.532 3.11912
0.533 3.12512
0.534 3.13115
0.535 3.13719
0.536 3.14326
0.537 3.14934
0.538 3.15545
0.539 3.16158
0.54 3.16772
0.541 3.1739
0.542 3.18009
0.543 3.1863
0.544 3.19254
0.545 3.1988
0.546 3.20508
0.547 3.21138
0.548 3.21771
0.549 3.22406
0.55 3.23043
0.551 3.23683
0.552 3.24324
0.553 3.24969
0.554 3.25615
0.555 3.26265
0.556 3.26916
0.557 3.2757
0.558 3.28226
0.559 3.28885
0.56 3.29547
0.561 3.30211
0.562 3.30877
0.563 3.31546
0.564 3.32218
0.565 3.32892
0.566 3.33569
0.567 3.34248
0.568 3.3493
0.569 3.35615
0.57 3.36302
0.571 3.36993
0.572 3.37685
0.573 3.38381
0.574 3.39079
0.575 3.39781
0.576 3.40485
0.577 3.41191
0.578 3.41901
0.579 3.42614
0.58 3.43329
0.581 3.44047
0.582 3.44768
0.583 3.45493
0.584 3.4622
0.585 3.4695
0.586 3.47683
0.587 3.48419
0.588 3.49158
0.589 3.499
0.59 3.50646
0.591 3.51394
0.592 3.52146
0.593 3.529
0.594 3.53658
0.595 3.54419
0.596 3.55183
0.597 3.55951
0.598 3.56721
0.599 3.57495
0.6 3.58272
0.601 3.59053
0.602 3.59837
0.603 3.60624
0.604 3.61414
0.605 3.62208
0.606 3.63005
0.607 3.63806
0.608 3.6461
0.609 3.65417
0.61 3.66228
0.611 3.67043
0.612 3.67861
0.613 3.68682
0.614 3.69507
0.615 3.70336
0.616 3.71168
0.617 3.72004
0.618 3.72843
0.619 3.73686
0.62 3.74532
0.621 3.75383
0.622 3.76236
0.623 3.77094
0.624 3.77955
0.625 3.7882
0.626 3.79689
0.627 3.80562
0.628 3.81438
0.629 3.82318
0.63 3.83202
0.631 3.8409
0.632 3.84981
0.633 3.85877
0.634 3.86776
0.635 3.87679
0.636 3.88586
0.637 3.89497
0.638 3.90412
0.639 3.91331
0.64 3.92253
0.641 3.9318
0.642 3.94111
0.643 3.95045
0.644 3.95984
0.645 3.96927
0.646 3.97873
0.647 3.98824
0.648 3.99779
0.649 4.00738
0.65 4.017
0.651 4.02667
0.652 4.03638
0.653 4.04613
0.654 4.05592
0.655 4.06576
0.656 4.07563
0.657 4.08554
0.658 4.0955
0.659 4.1055
0.66 4.11553
0.661 4.12561
0.662 4.13574
0.663 4.1459
0.664 4.1561
0.665 4.16635
0.666 4.17663
0.667 4.18696
0.668 4.19733
0.669 4.20774
0.67 4.2182
0.671 4.22869
0.672 4.23923
0.673 4.24981
0.674 4.26042
0.675 4.27109
0.676 4.28179
0.677 4.29253
0.678 4.30332
0.679 4.31414
0.68 4.32501
0.681 4.33592
0.682 4.34687
0.683 4.35786
0.684 4.36889
0.685 4.37996
0.686 4.39108
0.687 4.40223
0.688 4.41343
0.689 4.42466
0.69 4.43594
0.691 4.44725
0.692 4.45861
0.693 4.47001
0.694 4.48144
0.695 4.49292
0.696 4.50443
0.697 4.51599
0.698 4.52758
0.699 4.53921
0.7 4.55088
0.701 4.56259
0.702 4.57434
0.703 4.58612
0.704 4.59795
0.705 4.60981
0.706 4.6217
0.707 4.63364
0.708 4.64561
0.709 4.65762
0.71 4.66966
0.711 4.68174
0.712 4.69386
0.713 4.70601
0.714 4.71819
0.715 4.73041
0.716 4.74267
0.717 4.75496
0.718 4.76728
0.719 4.77964
0.72 4.79202
0.721 4.80444
0.722 4.8169
0.723 4.82938
0.724 4.8419
0.725 4.85444
0.726 4.86702
0.727 4.87963
0.728 4.89227
0.729 4.90493
0.73 4.91763
0.731 4.93035
0.732 4.9431
0.733 4.95588
0.734 4.96868
0.735 4.98151
0.736 4.99437
0.737 5.00725
0.738 5.02016
0.739 5.03309
0.74 5.04604
0.741 5.05902
0.742 5.07201
0.743 5.08504
0.744 5.09808
0.745 5.11114
0.746 5.12422
0.747 5.13733
0.748 5.15045
0.749 5.16359
0.75 5.17675
0.751 5.18992
0.752 5.20311
0.753 5.21632
0.754 5.22954
0.755 5.24278
0.756 5.25603
0.757 5.26929
0.758 5.28257
0.759 5.29585
0.76 5.30915
0.761 5.32246
0.762 5.33578
0.763 5.34911
0.764 5.36244
0.765 5.37578
0.766 5.38913
0.767 5.40249
0.768 5.41585
0.769 5.42922
0.77 5.44259
0.771 5.45596
0.772 5.46933
0.773 5.48271
0.774 5.49609
0.775 5.50946
0.776 5.52284
0.777 5.53621
0.778 5.54958
0.779 5.56295
0.78 5.57632
0.781 5.58968
0.782 5.60303
0.783 5.61638
0.784 5.62972
0.785 5.64306
0.786 5.65638
0.787 5.6697
0.788 5.683
0.789 5.6963
0.79 5.70958
0.791 5.72285
0.792 5.7361
0.793 5.74934
0.794 5.76257
0.795 5.77578
0.796 5.78897
0.797 5.80215
0.798 5.81531
0.799 5.82844
0.8 5.84156
0.801 5.85466
0.802 5.86774
0.803 5.88079
0.804 5.89382
0.805 5.90683
0.806 5.91981
0.807 5.93276
0.808 5.94569
0.809 5.9586
0.81 5.97147
0.811 5.98432
0.812 5.99713
0.813 6.00992
0.814 6.02267
0.815 6.0354
0.816 6.04809
0.817 6.06075
0.818 6.07337
0.819 6.08596
0.82 6.09851
0.821 6.11103
0.822 6.12351
0.823 6.13595
0.824 6.14835
0.825 6.16072
0.826 6.17304
0.827 6.18532
0.828 6.19756
0.829 6.20976
0.83 6.22192
0.831 6.23404
0.832 6.24611
0.833 6.25813
0.834 6.27011
0.835 6.28204
0.836 6.29393
0.837 6.30577
0.838 6.31756
0.839 6.32931
0.84 6.341
0.841 6.35264
0.842 6.36424
0.843 6.37578
0.844 6.38727
0.845 6.39871
0.846 6.4101
0.847 6.42143
0.848 6.43271
0.849 6.44393
0.85 6.4551
0.851 6.46622
0.852 6.47728
0.853 6.48828
0.854 6.49922
0.855 6.51011
0.856 6.52094
0.857 6.53171
0.858 6.54242
0.859 6.55308
0.86 6.56367
0.861 6.57421
0.862 6.58468
0.863 6.59509
0.864 6.60544
0.865 6.61573
0.866 6.62596
0.867 6.63612
0.868 6.64623
0.869 6.65627
0.87 6.66624
0.871 6.67615
0.872 6.686
0.873 6.69578
0.874 6.7055
0.875 6.71516
0.876 6.72474
0.877 6.73427
0.878 6.74372
0.879 6.75312
0.88 6.76244
0.881 6.7717
0.882 6.78089
0.883 6.79002
0.884 6.79907
0.885 6.80807
0.886 6.81699
0.887 6.82585
0.888 6.83463
0.889 6.84336
0.89 6.85201
0.891 6.86059
0.892 6.86911
0.893 6.87756
0.894 6.88594
0.895 6.89425
0.896 6.90249
0.897 6.91067
0.898 6.91878
0.899 6.92681
0.9 6.93478
0.901 6.94269
0.902 6.95052
0.903 6.95828
0.904 6.96598
0.905 6.97361
0.906 6.98116
0.907 6.98865
0.908 6.99608
0.909 7.00343
0.91 7.01072
0.911 7.01793
0.912 7.02508
0.913 7.03217
0.914 7.03918
0.915 7.04613
0.916 7.053
0.917 7.05982
0.918 7.06656
0.919 7.07324
0.92 7.07985
0.921 7.08639
0.922 7.09287
0.923 7.09928
0.924 7.10562
0.925 7.1119
0.926 7.11811
0.927 7.12426
0.928 7.13034
0.929 7.13636
0.93 7.14231
0.931 7.1482
0.932 7.15402
0.933 7.15978
0.934 7.16548
0.935 7.17111
0.936 7.17668
0.937 7.18218
0.938 7.18763
0.939 7.19301
0.94 7.19833
0.941 7.20358
0.942 7.20878
0.943 7.21391
0.944 7.21898
0.945 7.224
0.946 7.22895
0.947 7.23384
0.948 7.23868
0.949 7.24345
0.95 7.24817
0.951 7.25282
0.952 7.25742
0.953 7.26197
0.954 7.26645
0.955 7.27088
0.956 7.27525
0.957 7.27956
0.958 7.28382
0.959 7.28803
0.96 7.29217
0.961 7.29627
0.962 7.30031
0.963 7.30429
0.964 7.30822
0.965 7.3121
0.966 7.31593
0.967 7.3197
0.968 7.32343
0.969 7.3271
0.97 7.33072
0.971 7.33429
0.972 7.3378
0.973 7.34127
0.974 7.34469
0.975 7.34806
0.976 7.35139
0.977 7.35466
0.978 7.35789
0.979 7.36106
0.98 7.3642
0.981 7.36728
0.982 7.37032
0.983 7.37331
0.984 7.37626
0.985 7.37916
0.986 7.38202
0.987 7.38484
0.988 7.38761
0.989 7.39034
0.99 7.39302
0.991 7.39566
0.992 7.39826
0.993 7.40082
0.994 7.40334
0.995 7.40582
0.996 7.40826
0.997 7.41065
0.998 7.41301
0.999 7.41533
1 7.41761
1.001 0
