0 -10
0.001 -5.08574
0.002 -5.07507
0.003 -5.06442
0.004 -5.05378
0.005 -5.04316
0.006 -5.03256
0.007 -5.02198
0.008 -5.01141
0.009 -5.00086
0.01 -4.99034
0.011 -4.97983
0.012 -4.96934
0.013 -4.95887
0.014 -4.94841
0.015 -4.93798
0.016 -4.92757
0.017 -4.91718
0.018 -4.90681
0.019 -4.89646
0.02 -4.88613
0.021 -4.87582
0.022 -4.86553
0.023 -4.85527
0.024 -4.84502
0.025 -4.8348
0.026 -4.8246
0.027 -4.81442
0.028 -4.80426
0.029 -4.79413
0.03 -4.78402
0.031 -4.77393
0.032 -4.76387
0.033 -4.75383
0.034 -4.74381
0.035 -4.73382
0.036 -4.72385
0.037 -4.7139
0.038 -4.70398
0.039 -4.69408
0.04 -4.6842
0.041 -4.67435
0.042 -4.66453
0.043 -4.65473
0.044 -4.64495
0.045 -4.6352
0.046 -4.62548
0.047 -4.61578
0.048 -4.6061
0.049 -4.59645
0.05 -4.58683
0.051 -4.57723
0.052 -4.56766
0.053 -4.55811
0.054 -4.54859
0.055 -4.5391
0.056 -4.52963
0.057 -4.52018
0.058 -4.51077
0.059 -4.50138
0.06 -4.49201
0.061 -4.48267
0.062 -4.47336
0.063 -4.46408
0.064 -4.45482
0.065 -4.44559
0.066 -4.43638
0.067 -4.4272
0.068 -4.41805
0.069 -4.40893
0.07 -4.39983
0.071 -4.39076
0.072 -4.38171
0.073 -4.37269
0.074 -4.3637
0.075 -4.35474
0.076 -4.3458
0.077 -4.33689
0.078 -4.328
0.079 -4.31915
0.08 -4.31032
0.081 -4.30151
0.082 -4.29273
0.083 -4.28398
0.084 -4.27526
0.085 -4.26656
0.086 -4.25789
0.087 -4.24925
0.088 -4.24063
0.089 -4.23204
0.09 -4.22347
0.091 -4.21494
0.092 -4.20643
0.093 -4.19794
0.094 -4.18948
0.095 -4.18105
0.096 -4.17264
0.097 -4.16426
0.098 -4.15591
0.099 -4.14758
0.1 -4.13928
0.101 -4.131
0.102 -4.12275
0.103 -4.11453
0.104 -4.10633
0.105 -4.09815
0.106 -4.09
0.107 -4.08188
0.108 -4.07378
0.109 -4.06571
0.11 -4.05767
0.111 -4.04964
0.112 -4.04165
0.113 -4.03367
0.114 -4.02573
0.115 -4.0178
0.116 -4.00991
0.117 -4.00203
0.118 -3.99418
0.119 -3.98636
0.12 -3.97856
0.121 -3.97078
0.122 -3.96303
0.123 -3.9553
0.124 -3.9476
0.125 -3.93992
0.126 -3.93226
0.127 -3.92462
0.128 -3.91701
0.129 -3.90943
0.13 -3.90186
0.131 -3.89432
0.132 -3.8868
0.133 -3.8793
0.134 -3.87183
0.135 -3.86438
0.136 -3.85695
0.137 -3.84954
0.138 -3.84216
0.139 -3.8348
0.14 -3.82746
0.141 -3.82014
0.142 -3.81284
0.143 -3.80557
0.144 -3.79831
0.145 -3.79108
0.146 -3.78387
0.147 -3.77668
0.148 -3.76951
0.149 -3.76236
0.15 -3.75523
0.151 -3.74812
0.152 -3.74103
0.153 -3.73396
0.154 -3.72692
0.155 -3.71989
0.156 -3.71288
0.157 -3.70589
0.158 -3.69892
0.159 -3.69197
0.16 -3.68504
0.161 -3.67813
0.162 -3.67124
0.163 -3.66436
0.164 -3.65751
0.165 -3.65067
0.166 -3.64385
0.167 -3.63705
0.168 -3.63027
0.169 -3.62351
0.17 -3.61676
0.171 -3.61003
0.172 -3.60332
0.173 -3.59663
0.174 -3.58996
0.175 -3.5833
0.176 -3.57666
0.177 -3.57003
0.178 -3.56342
0.179 -3.55683
0.18 -3.55026
0.181 -3.5437
0.182 -3.53716
0.183 -3.53063
0.184 -3.52412
0.185 -3.51762
0.186 -3.51115
0.187 -3.50468
0.188 -3.49824
0.189 -3.4918
0.19 -3.48538
0.191 -3.47898
0.192 -3.47259
0.193 -3.46622
0.194 -3.45986
0.195 -3.45352
0.196 -3.44719
0.197 -3.44088
0.198 -3.43457
0.199 -3.42829
0.2 -3.42201
0.201 -3.41575
0.202 -3.40951
0.203 -3.40327
0.204 -3.39705
0.205 -3.39085
0.206 -3.38465
0.207 -3.37847
0.208 -3.37231
0.209 -3.36615
0.21 -3.36001
0.211 -3.35388
0.212 -3.34776
0.213 -3.34166
0.214 -3.33556
0.215 -3.32948
0.216 -3.32341
0.217 -3.31735
0.218 -3.31131
0.219 -3.30527
0.22 -3.29925
0.221 -3.29324
0.222 -3.28723
0.223 -3.28124
0.224 -3.27527
0.225 -3.2693
0.226 -3.26334
0.227 -3.25739
0.228 -3.25146
0.229 -3.24553
0.23 -3.23961
0.231 -3.23371
0.232 -3.22781
0.233 -3.22193
0.234 -3.21605
0.235 -3.21018
0.236 -3.20433
0.237 -3.19848
0.238 -3.19264
0.239 -3.18681
0.24 -3.18099
0.241 -3.17518
0.242 -3.16938
0.243 -3.16359
0.244 -3.15781
0.245 -3.15204
0.246 -3.14627
0.247 -3.14051
0.248 -3.13477
0.249 -3.12903
0.25 -3.1233
0.251 -3.11757
0.252 -3.11186
0.253 -3.10615
0.254 -3.10046
0.255 -3.09477
0.256 -3.08908
0.257 -3.08341
0.258 -3.07774
0.259 -3.07209
0.26 -3.06644
0.261 -3.06079
0.262 -3.05516
0.263 -3.04953
0.264 -3.04391
0.265 -3.0383
0.266 -3.03269
0.267 -3.02709
0.268 -3.0215
0.269 -3.01592
0.27 -3.01034
0.271 -3.00477
0.272 -2.99921
0.273 -2.99365
0.274 -2.9881
0.275 -2.98256
0.276 -2.97702
0.277 -2.9715
0.278 -2.96597
0.279 -2.96046
0.28 -2.95495
0.281 -2.94945
0.282 -2.94395
0.283 -2.93846
0.284 -2.93298
0.285 -2.92751
0.286 -2.92204
0.287 -2.91657
0.288 -2.91112
0.289 -2.90567
0.29 -2.90022
0.291 -2.89478
0.292 -2.88935
0.293 -2.88393
0.294 -2.87851
0.295 -2.87309
0.296 -2.86769
0.297 -2.86229
0.298 -2.85689
0.299 -2.8515
0.3 -2.84612
0.301 -2.84074
0.302 -2.83537
0.303 -2.83001
0.304 -2.82465
0.305 -2.8193
0.306 -2.81395
0.307 -2.80861
0.308 -2.80328
0.309 -2.79795
0.31 -2.79262
0.311 -2.78731
0.312 -2.782
0.313 -2.77669
0.314 -2.77139
0.315 -2.7661
0.316 -2.76081
0.317 -2.75553
0.318 -2.75025
0.319 -2.74498
0.32 -2.73971
0.321 -2.73446
0.322 -2.7292
0.323 -2.72396
0.324 -2.71871
0.325 -2.71348
0.326 -2.70825
0.327 -2.70302
0.328 -2.6978
0.329 -2.69259
0.33 -2.68738
0.331 -2.68218
0.332 -2.67699
0.333 -2.6718
0.334 -2.66661
0.335 -2.66143
0.336 -2.65626
0.337 -2.65109
0.338 -2.64593
0.339 -2.64078
0.34 -2.63563
0.341 -2.63048
0.342 -2.62534
0.343 -2.62021
0.344 -2.61508
0.345 -2.60996
0.346 -2.60485
0.347 -2.59974
0.348 -2.59463
0.349 -2.58953
0.35 -2.58444
0.351 -2.57935
0.352 -2.57427
0.353 -2.56919
0.354 -2.56412
0.355 -2.55906
0.356 -2.554
0.357 -2.54894
0.358 -2.54389
0.359 -2.53885
0.36 -2.53381
0.361 -2.52878
0.362 -2.52376
0.363 -2.51874
0.364 -2.51372
0.365 -2.50871
0.366 -2.50371
0.367 -2.49871
0.368 -2.49371
0.369 -2.48873
0.37 -2.48374
0.371 -2.47877
0.372 -2.4738
0.373 -2.46883
0.374 -2.46387
0.375 -2.45891
0.376 -2.45396
0.377 -2.44902
0.378 -2.44408
0.379 -2.43915
0.38 -2.43422
0.381 -2.42929
0.382 -2.42438
0.383 -2.41946
0.384 -2.41455
0.385 -2.40965
0.386 -2.40475
0.387 -2.39986
0.388 -2.39497
0.389 -2.39009
0.39 -2.38522
0.391 -2.38034
0.392 -2.37548
0.393 -2.37061
0.394 -2.36576
0.395 -2.3609
0.396 -2.35606
0.397 -2.35121
0.398 -2.34638
0.399 -2.34154
0.4 -2.33671
0.401 -2.33189
0.402 -2.32707
0.403 -2.32226
0.404 -2.31745
0.405 -2.31264
0.406 -2.30784
0.407 -2.30304
0.408 -2.29825
0.409 -2.29346
0.41 -2.28868
0.411 -2.2839
0.412 -2.27913
0.413 -2.27436
0.414 -2.26959
0.415 -2.26483
0.416 -2.26007
0.417 -2.25532
0.418 -2.25057
0.419 -2.24582
0.42 -2.24108
0.421 -2.23634
0.422 -2.2316
0.423 -2.22687
0.424 -2.22215
0.425 -2.21742
0.426 -2.2127
0.427 -2.20798
0.428 -2.20327
0.429 -2.19856
0.43 -2.19386
0.431 -2.18915
0.432 -2.18445
0.433 -2.17976
0.434 -2.17506
0.435 -2.17037
0.436 -2.16568
0.437 -2.161
0.438 -2.15632
0.439 -2.15164
0.44 -2.14696
0.441 -2.14229
0.442 -2.13762
0.443 -2.13295
0.444 -2.12828
0.445 -2.12362
0.446 -2.11896
0.447 -2.1143
0.448 -2.10964
0.449 -2.10499
0.45 -2.10034
0.451 -2.09569
0.452 -2.09104
0.453 -2.08639
0.454 -2.08175
0.455 -2.0771
0.456 -2.07246
0.457 -2.06782
0.458 -2.06319
0.459 -2.05855
0.46 -2.05391
0.461 -2.04928
0.462 -2.04465
0.463 -2.04001
0.464 -2.03538
0.465 -2.03075
0.466 -2.02613
0.467 -2.0215
0.468 -2.01687
0.469 -2.01224
0.47 -2.00762
0.471 -2.00299
0.472 -1.99837
0.473 -1.99374
0.474 -1.98912
0.475 -1.98449
0.476 -1.97987
0.477 -1.97525
0.478 -1.97062
0.479 -1.966
0.48 -1.96137
0.481 -1.95675
0.482 -1.95212
0.483 -1.9475
0.484 -1.94287
0.485 -1.93824
0.486 -1.93362
0.487 -1.92899
0.488 -1.92436
0.489 -1.91973
0.49 -1.9151
0.491 -1.91047
0.492 -1.90583
0.493 -1.9012
0.494 -1.89656
0.495 -1.89192
0.496 -1.88728
0.497 -1.88264
0.498 -1.878
0.499 -1.87335
0.5 -1.86871
0.501 -1.86406
0.502 -1.85941
0.503 -1.85475
0.504 -1.8501
0.505 -1.84544
0.506 -1.84078
0.507 -1.83612
0.508 -1.83145
0.509 -1.82678
0.51 -1.82211
0.511 -1.81744
0.512 -1.81276
0.513 -1.80808
0.514 -1.8034
0.515 -1.79871
0.516 -1.79402
0.517 -1.78933
0.518 -1.78463
0.519 -1.77993
0.52 -1.77523
0.521 -1.77052
0.522 -1.7658
0.523 -1.76109
0.524 -1.75637
0.525 -1.75164
0.526 -1.74691
0.527 -1.74218
0.528 -1.73744
0.529 -1.7327
0.53 -1.72796
0.531 -1.7232
0.532 -1.71845
0.533 -1.71369
0.534 -1.70892
0.535 -1.70415
0.536 -1.69937
0.537 -1.69459
0.538 -1.6898
0.539 -1.68501
0.54 -1.68021
0.541 -1.67541
0.542 -1.6706
0.543 -1.66579
0.544 -1.66096
0.545 -1.65614
0.546 -1.6513
0.547 -1.64646
0.548 -1.64162
0.549 -1.63677
0.55 -1.63191
0.551 -1.62705
0.552 -1.62217
0.553 -1.6173
0.554 -1.61241
0.555 -1.60752
0.556 -1.60262
0.557 -1.59772
0.558 -1.59281
0.559 -1.58789
0.56 -1.58296
0.561 -1.57803
0.562 -1.57309
0.563 -1.56814
0.564 -1.56318
0.565 -1.55822
0.566 -1.55325
0.567 -1.54827
0.568 -1.54328
0.569 -1.53829
0.57 -1.53328
0.571 -1.52827
0.572 -1.52325
0.573 -1.51823
0.574 -1.51319
0.575 -1.50815
0.576 -1.5031
0.577 -1.49804
0.578 -1.49297
0.579 -1.48789
0.58 -1.48281
0.581 -1.47771
0.582 -1.47261
0.583 -1.4675
0.584 -1.46237
0.585 -1.45724
0.586 -1.45211
0.587 -1.44696
0.588 -1.4418
0.589 -1.43663
0.59 -1.43146
0.591 -1.42627
0.592 -1.42108
0.593 -1.41588
0.594 -1.41066
0.595 -1.40544
0.596 -1.40021
0.597 -1.39497
0.598 -1.38972
0.599 -1.38446
0.6 -1.37919
0.601 -1.37391
0.602 -1.36862
0.603 -1.36332
0.604 -1.35801
0.605 -1.3527
0.606 -1.34737
0.607 -1.34203
0.608 -1.33668
0.609 -1.33133
0.61 -1.32596
0.611 -1.32058
0.612 -1.31519
0.613 -1.3098
0.614 -1.30439
0.615 -1.29897
0.616 -1.29355
0.617 -1.28811
0.618 -1.28267
0.619 -1.27721
0.62 -1.27174
0.621 -1.26627
0.622 -1.26078
0.623 -1.25529
0.624 -1.24978
0.625 -1.24426
0.626 -1.23874
0.627 -1.23321
0.628 -1.22766
0.629 -1.22211
0.63 -1.21654
0.631 -1.21097
0.632 -1.20539
0.633 -1.19979
0.634 -1.19419
0.635 -1.18858
0.636 -1.18296
0.637 -1.17733
0.638 -1.17169
0.639 -1.16604
0.64 -1.16039
0.641 -1.15472
0.642 -1.14904
0.643 -1.14336
0.644 -1.13767
0.645 -1.13196
0.646 -1.12625
0.647 -1.12054
0.648 -1.11481
0.649 -1.10907
0.65 -1.10333
0.651 -1.09758
0.652 -1.09182
0.653 -1.08605
0.654 -1.08028
0.655 -1.07449
0.656 -1.0687
0.657 -1.06291
0.658 -1.0571
0.659 -1.05129
0.66 -1.04547
0.661 -1.03965
0.662 -1.03382
0.663 -1.02798
0.664 -1.02214
0.665 -1.01629
0.666 -1.01043
0.667 -1.00457
0.668 -0.998706
0.669 -0.992834
0.67 -0.986958
0.671 -0.981077
0.672 -0.975192
0.673 -0.969302
0.674 -0.963408
0.675 -0.95751
0.676 -0.951609
0.677 -0.945704
0.678 -0.939797
0.679 -0.933886
0.68 -0.927973
0.681 -0.922057
0.682 -0.91614
0.683 -0.910221
0.684 -0.9043
0.685 -0.898379
0.686 -0.892456
0.687 -0.886533
0.688 -0.88061
0.689 -0.874686
0.69 -0.868763
0.691 -0.862841
0.692 -0.85692
0.693 -0.851001
0.694 -0.845083
0.695 -0.839167
0.696 -0.833254
0.697 -0.827344
0.698 -0.821437
0.699 -0.815534
0.7 -0.809634
0.701 -0.803739
0.702 -0.797849
0.703 -0.791965
0.704 -0.786085
0.705 -0.780212
0.706 -0.774346
0.707 -0.768486
0.708 -0.762634
0.709 -0.756789
0.71 -0.750953
0.711 -0.745126
0.712 -0.739308
0.713 -0.733499
0.714 -0.727701
0.715 -0.721913
0.716 -0.716137
0.717 -0.710372
0.718 -0.704619
0.719 -0.698879
0.72 -0.693152
0.721 -0.687439
0.722 -0.68174
0.723 -0.676056
0.724 -0.670387
0.725 -0.664734
0.726 -0.659097
0.727 -0.653478
0.728 -0.647876
0.729 -0.642292
0.73 -0.636727
0.731 -0.631181
0.732 -0.625654
0.733 -0.620149
0.734 -0.614664
0.735 -0.609201
0.736 -0.60376
0.737 -0.598342
0.738 -0.592948
0.739 -0.587577
0.74 -0.582231
0.741 -0.576911
0.742 -0.571617
0.743 -0.566349
0.744 -0.561108
0.745 -0.555896
0.746 -0.550712
0.747 -0.545557
0.748 -0.540432
0.749 -0.535337
0.75 -0.530274
0.751 -0.525243
0.752 -0.520244
0.753 -0.515278
0.754 -0.510346
0.755 -0.505448
0.756 -0.500586
0.757 -0.49576
0.758 -0.49097
0.759 -0.486218
0.76 -0.481503
0.761 -0.476827
0.762 -0.47219
0.763 -0.467594
0.764 -0.463038
0.765 -0.458523
0.766 -0.45405
0.767 -0.449621
0.768 -0.445234
0.769 -0.440892
0.77 -0.436594
0.771 -0.432342
0.772 -0.428136
0.773 -0.423977
0.774 -0.419866
0.775 -0.415802
0.776 -0.411788
0.777 -0.407823
0.778 -0.403908
0.779 -0.400045
0.78 -0.396233
0.781 -0.392473
0.782 -0.388766
0.783 -0.385113
0.784 -0.381514
0.785 -0.377969
0.786 -0.374481
0.787 -0.371048
0.788 -0.367673
0.789 -0.364354
0.79 -0.361094
0.791 -0.357893
0.792 -0.354751
0.793 -0.351669
0.794 -0.348647
0.795 -0.345687
0.796 -0.342788
0.797 -0.339952
0.798 -0.337179
0.799 -0.334469
0.8 -0.331823
0.801 -0.329242
0.802 -0.326726
0.803 -0.324276
0.804 -0.321893
0.805 -0.319576
0.806 -0.317326
0.807 -0.315145
0.808 -0.313031
0.809 -0.310987
0.81 -0.309012
0.811 -0.307107
0.812 -0.305273
0.813 -0.303509
0.814 -0.301816
0.815 -0.300195
0.816 -0.298647
0.817 -0.297171
0.818 -0.295767
0.819 -0.294438
0.82 -0.293182
0.821 -0.292
0.822 -0.290893
0.823 -0.289861
0.824 -0.288904
0.825 -0.288023
0.826 -0.287218
0.827 -0.286489
0.828 -0.285837
0.829 -0.285262
0.83 -0.284764
0.831 -0.284343
0.832 -0.284
0.833 -0.283736
0.834 -0.283549
0.835 -0.283441
0.836 -0.283412
0.837 -0.283461
0.838 -0.28359
0.839 -0.283798
0.84 -0.284085
0.841 -0.284452
0.842 -0.284899
0.843 -0.285426
0.844 -0.286033
0.845 -0.28672
0.846 -0.287487
0.847 -0.288335
0.848 -0.289263
0.849 -0.290271
0.85 -0.29136
0.851 -0.292529
0.852 -0.29378
0.853 -0.29511
0.854 -0.296522
0.855 -0.298013
0.856 -0.299586
0.857 -0.301239
0.858 -0.302972
0.859 -0.304786
0.86 -0.306681
0.861 -0.308655
0.862 -0.31071
0.863 -0.312845
0.864 -0.315059
0.865 -0.317354
0.866 -0.319728
0.867 -0.322182
0.868 -0.324715
0.869 -0.327327
0.87 -0.330018
0.871 -0.332789
0.872 -0.335637
0.873 -0.338564
0.874 -0.341569
0.875 -0.344652
0.876 -0.347812
0.877 -0.35105
0.878 -0.354365
0.879 -0.357757
0.88 -0.361225
0.881 -0.364769
0.882 -0.368389
0.883 -0.372085
0.884 -0.375856
0.885 -0.379701
0.886 -0.383621
0.887 -0.387615
0.888 -0.391683
0.889 -0.395824
0.89 -0.400038
0.891 -0.404324
0.892 -0.408682
0.893 -0.413113
0.894 -0.417614
0.895 -0.422186
0.896 -0.426828
0.897 -0.43154
0.898 -0.436321
0.899 -0.441172
0.9 -0.44609
0.901 -0.451077
0.902 -0.456131
0.903 -0.461252
0.904 -0.466439
0.905 -0.471692
0.906 -0.47701
0.907 -0.482393
0.908 -0.48784
0.909 -0.493351
0.91 -0.498924
0.911 -0.504561
0.912 -0.510259
0.913 -0.516019
0.914 -0.521839
0.915 -0.52772
0.916 -0.53366
0.917 -0.539659
0.918 -0.545716
0.919 -0.551831
0.92 -0.558004
0.921 -0.564233
0.922 -0.570517
0.923 -0.576857
0.924 -0.583252
0.925 -0.589701
0.926 -0.596202
0.927 -0.602757
0.928 -0.609364
0.929 -0.616022
0.93 -0.62273
0.931 -0.629489
0.932 -0.636297
0.933 -0.643154
0.934 -0.650059
0.935 -0.657012
0.936 -0.664011
0.937 -0.671056
0.938 -0.678146
0.939 -0.685282
0.94 -0.692461
0.941 -0.699683
0.942 -0.706949
0.943 -0.714256
0.944 -0.721604
0.945 -0.728993
0.946 -0.736422
0.947 -0.743891
0.948 -0.751397
0.949 -0.758942
0.95 -0.766524
0.951 -0.774142
0.952 -0.781796
0.953 -0.789485
0.954 -0.797209
0.955 -0.804966
0.956 -0.812757
0.957 -0.82058
0.958 -0.828434
0.959 -0.83632
0.96 -0.844236
0.961 -0.852181
0.962 -0.860156
0.963 -0.868159
0.964 -0.87619
0.965 -0.884247
0.966 -0.892331
0.967 -0.900441
0.968 -0.908576
0.969 -0.916735
0.97 -0.924918
0.971 -0.933123
0.972 -0.941352
0.973 -0.949602
0.974 -0.957873
0.975 -0.966164
0.976 -0.974476
0.977 -0.982807
0.978 -0.991156
0.979 -0.999523
0.98 -1.00791
0.981 -1.01631
0.982 -1.02473
0.983 -1.03316
0.984 -1.04161
0.985 -1.05007
0.986 -1.05855
0.987 -1.06703
0.988 -1.07554
0.989 -1.08405
0.99 -1.09257
0.991 -1.10111
0.992 -1.10966
0.993 -1.11821
0.994 -1.12678
0.995 -1.13535
0.996 -1.14393
0.997 -1.15252
0.998 -1.16112
0.999 -1.16972
1 -1.17833
1.001 -10
