0 5
0.001 3.16278
0.002 3.16092
0.003 3.15908
0.004 3.15724
0.005 3.15542
0.006 3.15361
0.007 3.15181
0.008 3.15003
0.009 3.14825
0.01 3.14649
0.011 3.14474
0.012 3.14301
0.013 3.14128
0.014 3.13957
0.015 3.13787
0.016 3.13619
0.017 3.13451
0.018 3.13285
0.019 3.13121
0.02 3.12957
0.021 3.12795
0.022 3.12635
0.023 3.12476
0.024 3.12318
0.025 3.12161
0.026 3.12006
0.027 3.11852
0.028 3.117
0.029 3.11549
0.03 3.11399
0.031 3.11251
0.032 3.11104
0.033 3.10959
0.034 3.10815
0.035 3.10673
0.036 3.10532
0.037 3.10392
0.038 3.10254
0.039 3.10117
0.04 3.09982
0.041 3.09849
0.042 3.09716
0.043 3.09586
0.044 3.09457
0.045 3.09329
0.046 3.09203
0.047 3.09078
0.048 3.08955
0.049 3.08833
0.05 3.08713
0.051 3.08595
0.052 3.08478
0.053 3.08362
0.054 3.08248
0.055 3.08136
0.056 3.08025
0.057 3.07916
0.058 3.07808
0.059 3.07702
0.06 3.07597
0.061 3.07494
0.062 3.07392
0.063 3.07292
0.064 3.07194
0.065 3.07097
0.066 3.07001
0.067 3.06907
0.068 3.06815
0.069 3.06724
0.07 3.06635
0.071 3.06548
0.072 3.06461
0.073 3.06377
0.074 3.06294
0.075 3.06212
0.076 3.06133
0.077 3.06054
0.078 3.05977
0.079 3.05902
0.08 3.05828
0.081 3.05756
0.082 3.05685
0.083 3.05616
0.084 3.05549
0.085 3.05482
0.086 3.05418
0.087 3.05355
0.088 3.05293
0.089 3.05233
0.09 3.05174
0.091 3.05117
0.092 3.05062
0.093 3.05007
0.094 3.04955
0.095 3.04904
0.096 3.04854
0.097 3.04805
0.098 3.04759
0.099 3.04713
0.1 3.04669
0.101 3.04627
0.102 3.04586
0.103 3.04546
0.104 3.04508
0.105 3.04471
0.106 3.04435
0.107 3.04401
0.108 3.04368
0.109 3.04337
0.11 3.04307
0.111 3.04278
0.112 3.04251
0.113 3.04225
0.114 3.04201
0.115 3.04177
0.116 3.04155
0.117 3.04135
0.118 3.04115
0.119 3.04097
0.12 3.04081
0.121 3.04065
0.122 3.04051
0.123 3.04038
0.124 3.04026
0.125 3.04016
0.126 3.04006
0.127 3.03998
0.128 3.03991
0.129 3.03986
0.13 3.03981
0.131 3.03978
0.132 3.03976
0.133 3.03975
0.134 3.03975
0.135 3.03976
0.136 3.03979
0.137 3.03982
0.138 3.03987
0.139 3.03993
0.14 3.04
0.141 3.04008
0.142 3.04017
0.143 3.04027
0.144 3.04038
0.145 3.0405
0.146 3.04063
0.147 3.04077
0.148 3.04092
0.149 3.04109
0.15 3.04126
0.151 3.04144
0.152 3.04163
0.153 3.04183
0.154 3.04204
0.155 3.04226
0.156 3.04249
0.157 3.04273
0.158 3.04298
0.159 3.04323
0.16 3.0435
0.161 3.04377
0.162 3.04406
0.163 3.04435
0.164 3.04465
0.165 3.04496
0.166 3.04527
0.167 3.0456
0.168 3.04593
0.169 3.04627
0.17 3.04662
0.171 3.04698
0.172 3.04734
0.173 3.04771
0.174 3.04809
0.175 3.04848
0.176 3.04887
0.177 3.04928
0.178 3.04969
0.179 3.0501
0.18 3.05053
0.181 3.05096
0.182 3.05139
0.183 3.05184
0.184 3.05229
0.185 3.05274
0.186 3.05321
0.187 3.05368
0.188 3.05415
0.189 3.05464
0.19 3.05513
0.191 3.05562
0.192 3.05612
0.193 3.05663
0.194 3.05714
0.195 3.05766
0.196 3.05819
0.197 3.05872
0.198 3.05925
0.199 3.05979
0.2 3.06034
0.201 3.06089
0.202 3.06145
0.203 3.06201
0.204 3.06258
0.205 3.06315
0.206 3.06373
0.207 3.06431
0.208 3.0649
0.209 3.06549
0.21 3.06609
0.211 3.06669
0.212 3.0673
0.213 3.06791
0.214 3.06853
0.215 3.06915
0.216 3.06977
0.217 3.0704
0.218 3.07103
0.219 3.07167
0.22 3.07231
0.221 3.07296
0.222 3.07361
0.223 3.07426
0.224 3.07492
0.225 3.07558
0.226 3.07624
0.227 3.07691
0.228 3.07758
0.229 3.07826
0.23 3.07894
0.231 3.07962
0.232 3.08031
0.233 3.081
0.234 3.08169
0.235 3.08239
0.236 3.08309
0.237 3.08379
0.238 3.0845
0.239 3.08521
0.24 3.08592
0.241 3.08663
0.242 3.08735
0.243 3.08807
0.244 3.0888
0.245 3.08952
0.246 3.09025
0.247 3.09099
0.248 3.09172
0.249 3.09246
0.25 3.0932
0.251 3.09394
0.252 3.09469
0.253 3.09543
0.254 3.09618
0.255 3.09694
0.256 3.09769
0.257 3.09845
0.258 3.09921
0.259 3.09997
0.26 3.10073
0.261 3.1015
0.262 3.10227
0.263 3.10304
0.264 3.10381
0.265 3.10458
0.266 3.10536
0.267 3.10614
0.268 3.10692
0.269 3.1077
0.27 3.10848
0.271 3.10927
0.272 3.11005
0.273 3.11084
0.274 3.11163
0.275 3.11242
0.276 3.11322
0.277 3.11401
0.278 3.11481
0.279 3.1156
0.28 3.1164
0.281 3.1172
0.282 3.118
0.283 3.11881
0.284 3.11961
0.285 3.12042
0.286 3.12122
0.287 3.12203
0.288 3.12284
0.289 3.12365
0.29 3.12446
0.291 3.12527
0.292 3.12608
0.293 3.1269
0.294 3.12771
0.295 3.12853
0.296 3.12934
0.297 3.13016
0.298 3.13098
0.299 3.1318
0.3 3.13261
0.301 3.13343
0.302 3.13425
0.303 3.13508
0.304 3.1359
0.305 3.13672
0.306 3.13754
0.307 3.13836
0.308 3.13919
0.309 3.14001
0.31 3.14084
0.311 3.14166
0.312 3.14249
0.313 3.14331
0.314 3.14414
0.315 3.14496
0.316 3.14579
0.317 3.14661
0.318 3.14744
0.319 3.14827
0.32 3.14909
0.321 3.14992
0.322 3.15074
0.323 3.15157
0.324 3.1524
0.325 3.15322
0.326 3.15405
0.327 3.15487
0.328 3.1557
0.329 3.15653
0.33 3.15735
0.331 3.15818
0.332 3.159
0.333 3.15982
0.334 3.16065
0.335 3.16147
0.336 3.16229
0.337 3.16312
0.338 3.16394
0.339 3.16476
0.34 3.16558
0.341 3.1664
0.342 3.16722
0.343 3.16804
0.344 3.16886
0.345 3.16968
0.346 3.1705
0.347 3.17132
0.348 3.17213
0.349 3.17295
0.35 3.17376
0.351 3.17458
0.352 3.17539
0.353 3.1762
0.354 3.17701
0.355 3.17783
0.356 3.17863
0.357 3.17944
0.358 3.18025
0.359 3.18106
0.36 3.18187
0.361 3.18267
0.362 3.18348
0.363 3.18428
0.364 3.18508
0.365 3.18588
0.366 3.18668
0.367 3.18748
0.368 3.18828
0.369 3.18908
0.37 3.18987
0.371 3.19067
0.372 3.19146
0.373 3.19225
0.374 3.19304
0.375 3.19383
0.376 3.19462
0.377 3.19541
0.378 3.19619
0.379 3.19698
0.38 3.19776
0.381 3.19854
0.382 3.19932
0.383 3.2001
0.384 3.20088
0.385 3.20166
0.386 3.20243
0.387 3.2032
0.388 3.20398
0.389 3.20475
0.39 3.20552
0.391 3.20628
0.392 3.20705
0.393 3.20782
0.394 3.20858
0.395 3.20934
0.396 3.2101
0.397 3.21086
0.398 3.21162
0.399 3.21238
0.4 3.21313
0.401 3.21388
0.402 3.21463
0.403 3.21538
0.404 3.21613
0.405 3.21688
0.406 3.21763
0.407 3.21837
0.408 3.21911
0.409 3.21985
0.41 3.22059
0.411 3.22133
0.412 3.22206
0.413 3.2228
0.414 3.22353
0.415 3.22426
0.416 3.22499
0.417 3.22572
0.418 3.22645
0.419 3.22717
0.42 3.22789
0.421 3.22861
0.422 3.22933
0.423 3.23005
0.424 3.23077
0.425 3.23148
0.426 3.2322
0.427 3.23291
0.428 3.23362
0.429 3.23433
0.43 3.23503
0.431 3.23574
0.432 3.23644
0.433 3.23714
0.434 3.23784
0.435 3.23854
0.436 3.23924
0.437 3.23994
0.438 3.24063
0.439 3.24132
0.44 3.24201
0.441 3.2427
0.442 3.24339
0.443 3.24407
0.444 3.24476
0.445 3.24544
0.446 3.24612
0.447 3.2468
0.448 3.24748
0.449 3.24816
0.45 3.24883
0.451 3.2495
0.452 3.25018
0.453 3.25085
0.454 3.25151
0.455 3.25218
0.456 3.25285
0.457 3.25351
0.458 3.25417
0.459 3.25483
0.46 3.25549
0.461 3.25615
0.462 3.25681
0.463 3.25746
0.464 3.25812
0.465 3.25877
0.466 3.25942
0.467 3.26007
0.468 3.26071
0.469 3.26136
0.47 3.262
0.471 3.26265
0.472 3.26329
0.473 3.26393
0.474 3.26457
0.475 3.26521
0.476 3.26584
0.477 3.26648
0.478 3.26711
0.479 3.26774
0.48 3.26837
0.481 3.269
0.482 3.26963
0.483 3.27026
0.484 3.27088
0.485 3.27151
0.486 3.27213
0.487 3.27275
0.488 3.27337
0.489 3.27399
0.49 3.27461
0.491 3.27522
0.492 3.27584
0.493 3.27645
0.494 3.27706
0.495 3.27767
0.496 3.27828
0.497 3.27889
0.498 3.2795
0.499 3.28011
0.5 3.28071
0.501 3.28132
0.502 3.28192
0.503 3.28252
0.504 3.28312
0.505 3.28372
0.506 3.28432
0.507 3.28492
0.508 3.28551
0.509 3.28611
0.51 3.2867
0.511 3.28729
0.512 3.28789
0.513 3.28848
0.514 3.28907
0.515 3.28966
0.516 3.29024
0.517 3.29083
0.518 3.29142
0.519 3.292
0.52 3.29258
0.521 3.29317
0.522 3.29375
0.523 3.29433
0.524 3.29491
0.525 3.29549
0.526 3.29607
0.527 3.29665
0.528 3.29722
0.529 3.2978
0.53 3.29837
0.531 3.29895
0.532 3.29952
0.533 3.30009
0.534 3.30066
0.535 3.30123
0.536 3.3018
0.537 3.30237
0.538 3.30294
0.539 3.30351
0.54 3.30407
0.541 3.30464
0.542 3.3052
0.543 3.30577
0.544 3.30633
0.545 3.30689
0.546 3.30746
0.547 3.30802
0.548 3.30858
0.549 3.30914
0.55 3.3097
0.551 3.31026
0.552 3.31081
0.553 3.31137
0.554 3.31193
0.555 3.31248
0.556 3.31304
0.557 3.31359
0.558 3.31415
0.559 3.3147
0.56 3.31525
0.561 3.31581
0.562 3.31636
0.563 3.31691
0.564 3.31746
0.565 3.31801
0.566 3.31856
0.567 3.31911
0.568 3.31966
0.569 3.3202
0.57 3.32075
0.571 3.3213
0.572 3.32184
0.573 3.32239
0.574 3.32294
0.575 3.32348
0.576 3.32402
0.577 3.32457
0.578 3.32511
0.579 3.32565
0.58 3.3262
0.581 3.32674
0.582 3.32728
0.583 3.32782
0.584 3.32836
0.585 3.3289
0.586 3.32944
0.587 3.32998
0.588 3.33052
0.589 3.33106
0.59 3.33159
0.591 3.33213
0.592 3.33267
0.593 3.3332
0.594 3.33374
0.595 3.33427
0.596 3.33481
0.597 3.33534
0.598 3.33588
0.599 3.33641
0.6 3.33695
0.601 3.33748
0.602 3.33801
0.603 3.33854
0.604 3.33907
0.605 3.33961
0.606 3.34014
0.607 3.34067
0.608 3.3412
0.609 3.34172
0.61 3.34225
0.611 3.34278
0.612 3.34331
0.613 3.34384
0.614 3.34436
0.615 3.34489
0.616 3.34542
0.617 3.34594
0.618 3.34647
0.619 3.34699
0.62 3.34751
0.621 3.34804
0.622 3.34856
0.623 3.34908
0.624 3.3496
0.625 3.35012
0.626 3.35064
0.627 3.35116
0.628 3.35168
0.629 3.3522
0.63 3.35272
0.631 3.35323
0.632 3.35375
0.633 3.35427
0.634 3.35478
0.635 3.35529
0.636 3.35581
0.637 3.35632
0.638 3.35683
0.639 3.35734
0.64 3.35785
0.641 3.35836
0.642 3.35887
0.643 3.35938
0.644 3.35988
0.645 3.36039
0.646 3.36089
0.647 3.3614
0.648 3.3619
0.649 3.3624
0.65 3.3629
0.651 3.3634
0.652 3.3639
0.653 3.36439
0.654 3.36489
0.655 3.36538
0.656 3.36588
0.657 3.36637
0.658 3.36686
0.659 3.36735
0.66 3.36783
0.661 3.36832
0.662 3.36881
0.663 3.36929
0.664 3.36977
0.665 3.37025
0.666 3.37073
0.667 3.3712
0.668 3.37168
0.669 3.37215
0.67 3.37262
0.671 3.37309
0.672 3.37356
0.673 3.37402
0.674 3.37449
0.675 3.37495
0.676 3.37541
0.677 3.37586
0.678 3.37632
0.679 3.37677
0.68 3.37722
0.681 3.37767
0.682 3.37811
0.683 3.37855
0.684 3.37899
0.685 3.37943
0.686 3.37986
0.687 3.3803
0.688 3.38072
0.689 3.38115
0.69 3.38157
0.691 3.38199
0.692 3.38241
0.693 3.38282
0.694 3.38323
0.695 3.38364
0.696 3.38404
0.697 3.38444
0.698 3.38484
0.699 3.38523
0.7 3.38562
0.701 3.38601
0.702 3.38639
0.703 3.38676
0.704 3.38714
0.705 3.38751
0.706 3.38787
0.707 3.38823
0.708 3.38859
0.709 3.38894
0.71 3.38929
0.711 3.38963
0.712 3.38997
0.713 3.3903
0.714 3.39063
0.715 3.39096
0.716 3.39127
0.717 3.39159
0.718 3.3919
0.719 3.3922
0.72 3.3925
0.721 3.39279
0.722 3.39308
0.723 3.39336
0.724 3.39363
0.725 3.3939
0.726 3.39416
0.727 3.39442
0.728 3.39467
0.729 3.39492
0.73 3.39515
0.731 3.39539
0.732 3.39561
0.733 3.39583
0.734 3.39604
0.735 3.39625
0.736 3.39645
0.737 3.39664
0.738 3.39682
0.739 3.397
0.74 3.39717
0.741 3.39733
0.742 3.39748
0.743 3.39763
0.744 3.39777
0.745 3.3979
0.746 3.39802
0.747 3.39814
0.748 3.39825
0.749 3.39834
0.75 3.39844
0.751 3.39852
0.752 3.39859
0.753 3.39866
0.754 3.39871
0.755 3.39876
0.756 3.3988
0.757 3.39883
0.758 3.39885
0.759 3.39887
0.76 3.39887
0.761 3.39886
0.762 3.39885
0.763 3.39882
0.764 3.39879
0.765 3.39874
0.766 3.39869
0.767 3.39863
0.768 3.39855
0.769 3.39847
0.77 3.39838
0.771 3.39828
0.772 3.39816
0.773 3.39804
0.774 3.39791
0.775 3.39776
0.776 3.39761
0.777 3.39745
0.778 3.39727
0.779 3.39709
0.78 3.39689
0.781 3.39669
0.782 3.39647
0.783 3.39625
0.784 3.39601
0.785 3.39576
0.786 3.3955
0.787 3.39523
0.788 3.39495
0.789 3.39466
0.79 3.39436
0.791 3.39405
0.792 3.39373
0.793 3.39339
0.794 3.39305
0.795 3.39269
0.796 3.39233
0.797 3.39195
0.798 3.39156
0.799 3.39117
0.8 3.39076
0.801 3.39034
0.802 3.38991
0.803 3.38947
0.804 3.38901
0.805 3.38855
0.806 3.38808
0.807 3.38759
0.808 3.3871
0.809 3.38659
0.81 3.38608
0.811 3.38555
0.812 3.38502
0.813 3.38447
0.814 3.38392
0.815 3.38335
0.816 3.38277
0.817 3.38219
0.818 3.38159
0.819 3.38098
0.82 3.38037
0.821 3.37974
0.822 3.3791
0.823 3.37846
0.824 3.3778
0.825 3.37714
0.826 3.37647
0.827 3.37579
0.828 3.37509
0.829 3.37439
0.83 3.37369
0.831 3.37297
0.832 3.37224
0.833 3.37151
0.834 3.37076
0.835 3.37001
0.836 3.36926
0.837 3.36849
0.838 3.36771
0.839 3.36693
0.84 3.36614
0.841 3.36534
0.842 3.36454
0.843 3.36373
0.844 3.36291
0.845 3.36209
0.846 3.36126
0.847 3.36042
0.848 3.35957
0.849 3.35872
0.85 3.35787
0.851 3.357
0.852 3.35614
0.853 3.35526
0.854 3.35439
0.855 3.3535
0.856 3.35261
0.857 3.35172
0.858 3.35082
0.859 3.34992
0.86 3.34902
0.861 3.34811
0.862 3.34719
0.863 3.34627
0.864 3.34535
0.865 3.34443
0.866 3.3435
0.867 3.34257
0.868 3.34164
0.869 3.3407
0.87 3.33976
0.871 3.33882
0.872 3.33788
0.873 3.33693
0.874 3.33599
0.875 3.33504
0.876 3.33409
0.877 3.33314
0.878 3.33219
0.879 3.33124
0.88 3.33029
0.881 3.32933
0.882 3.32838
0.883 3.32743
0.884 3.32647
0.885 3.32552
0.886 3.32457
0.887 3.32362
0.888 3.32267
0.889 3.32172
0.89 3.32077
0.891 3.31982
0.892 3.31887
0.893 3.31793
0.894 3.31699
0.895 3.31605
0.896 3.31511
0.897 3.31417
0.898 3.31324
0.899 3.31231
0.9 3.31138
0.901 3.31045
0.902 3.30953
0.903 3.30861
0.904 3.30769
0.905 3.30678
0.906 3.30587
0.907 3.30496
0.908 3.30406
0.909 3.30316
0.91 3.30227
0.911 3.30138
0.912 3.3005
0.913 3.29961
0.914 3.29874
0.915 3.29787
0.916 3.297
0.917 3.29614
0.918 3.29528
0.919 3.29443
0.92 3.29358
0.921 3.29274
0.922 3.2919
0.923 3.29107
0.924 3.29025
0.925 3.28943
0.926 3.28861
0.927 3.2878
0.928 3.287
0.929 3.28621
0.93 3.28541
0.931 3.28463
0.932 3.28385
0.933 3.28308
0.934 3.28231
0.935 3.28156
0.936 3.2808
0.937 3.28006
0.938 3.27932
0.939 3.27858
0.94 3.27785
0.941 3.27713
0.942 3.27642
0.943 3.27571
0.944 3.27501
0.945 3.27432
0.946 3.27363
0.947 3.27295
0.948 3.27228
0.949 3.27161
0.95 3.27095
0.951 3.2703
0.952 3.26966
0.953 3.26902
0.954 3.26839
0.955 3.26776
0.956 3.26714
0.957 3.26653
0.958 3.26593
0.959 3.26533
0.96 3.26474
0.961 3.26416
0.962 3.26359
0.963 3.26302
0.964 3.26246
0.965 3.2619
0.966 3.26135
0.967 3.26081
0.968 3.26028
0.969 3.25975
0.97 3.25923
0.971 3.25872
0.972 3.25821
0.973 3.25771
0.974 3.25722
0.975 3.25673
0.976 3.25625
0.977 3.25578
0.978 3.25531
0.979 3.25486
0.98 3.2544
0.981 3.25396
0.982 3.25352
0.983 3.25308
0.984 3.25266
0.985 3.25224
0.986 3.25183
0.987 3.25142
0.988 3.25102
0.989 3.25062
0.99 3.25024
0.991 3.24985
0.992 3.24948
0.993 3.24911
0.994 3.24875
0.995 3.24839
0.996 3.24804
0.997 3.24769
0.998 3.24735
0.999 3.24702
1 3.24669
1.001 5
