0 5
0.001 3.48173
0.002 3.4779
0.003 3.47405
0.004 3.47018
0.005 3.4663
0.006 3.46241
0.007 3.4585
0.008 3.45457
0.009 3.45063
0.01 3.44667
0.011 3.44271
0.012 3.43872
0.013 3.43473
0.014 3.43072
0.015 3.4267
0.016 3.42267
0.017 3.41863
0.018 3.41458
0.019 3.41052
0.02 3.40644
0.021 3.40236
0.022 3.39827
0.023 3.39418
0.024 3.39007
0.025 3.38596
0.026 3.38184
0.027 3.37772
0.028 3.37359
0.029 3.36946
0.03 3.36532
0.031 3.36118
0.032 3.35704
0.033 3.3529
0.034 3.34875
0.035 3.34461
0.036 3.34046
0.037 3.33632
0.038 3.33218
0.039 3.32804
0.04 3.3239
0.041 3.31977
0.042 3.31565
0.043 3.31152
0.044 3.30741
0.045 3.3033
0.046 3.2992
0.047 3.29511
0.048 3.29103
0.049 3.28696
0.05 3.2829
0.051 3.27885
0.052 3.27481
0.053 3.27079
0.054 3.26678
0.055 3.26279
0.056 3.25881
0.057 3.25485
0.058 3.2509
0.059 3.24698
0.06 3.24307
0.061 3.23919
0.062 3.23532
0.063 3.23148
0.064 3.22766
0.065 3.22386
0.066 3.22009
0.067 3.21634
0.068 3.21261
0.069 3.20891
0.07 3.20524
0.071 3.2016
0.072 3.19798
0.073 3.1944
0.074 3.19084
0.075 3.18732
0.076 3.18382
0.077 3.18036
0.078 3.17693
0.079 3.17353
0.08 3.17017
0.081 3.16684
0.082 3.16355
0.083 3.16029
0.084 3.15707
0.085 3.15389
0.086 3.15074
0.087 3.14763
0.088 3.14456
0.089 3.14153
0.09 3.13853
0.091 3.13558
0.092 3.13267
0.093 3.1298
0.094 3.12697
0.095 3.12418
0.096 3.12143
0.097 3.11872
0.098 3.11606
0.099 3.11344
0.1 3.11086
0.101 3.10832
0.102 3.10583
0.103 3.10339
0.104 3.10098
0.105 3.09862
0.106 3.09631
0.107 3.09404
0.108 3.09181
0.109 3.08963
0.11 3.08749
0.111 3.0854
0.112 3.08335
0.113 3.08135
0.114 3.07939
0.115 3.07748
0.116 3.07561
0.117 3.07379
0.118 3.07201
0.119 3.07027
0.12 3.06858
0.121 3.06694
0.122 3.06533
0.123 3.06378
0.124 3.06226
0.125 3.06079
0.126 3.05937
0.127 3.05798
0.128 3.05664
0.129 3.05535
0.13 3.05409
0.131 3.05288
0.132 3.05171
0.133 3.05058
0.134 3.04949
0.135 3.04845
0.136 3.04744
0.137 3.04648
0.138 3.04555
0.139 3.04467
0.14 3.04382
0.141 3.04301
0.142 3.04224
0.143 3.04151
0.144 3.04082
0.145 3.04017
0.146 3.03955
0.147 3.03897
0.148 3.03842
0.149 3.03791
0.15 3.03744
0.151 3.037
0.152 3.03659
0.153 3.03622
0.154 3.03588
0.155 3.03557
0.156 3.0353
0.157 3.03506
0.158 3.03485
0.159 3.03467
0.16 3.03452
0.161 3.0344
0.162 3.03431
0.163 3.03426
0.164 3.03422
0.165 3.03422
0.166 3.03425
0.167 3.0343
0.168 3.03438
0.169 3.03448
0.17 3.03461
0.171 3.03477
0.172 3.03495
0.173 3.03515
0.174 3.03538
0.175 3.03563
0.176 3.03591
0.177 3.0362
0.178 3.03652
0.179 3.03686
0.18 3.03722
0.181 3.03761
0.182 3.03801
0.183 3.03843
0.184 3.03887
0.185 3.03933
0.186 3.03981
0.187 3.04031
0.188 3.04082
0.189 3.04135
0.19 3.0419
0.191 3.04246
0.192 3.04304
0.193 3.04364
0.194 3.04425
0.195 3.04487
0.196 3.04551
0.197 3.04616
0.198 3.04683
0.199 3.04751
0.2 3.0482
0.201 3.04891
0.202 3.04963
0.203 3.05036
0.204 3.0511
0.205 3.05185
0.206 3.05261
0.207 3.05339
0.208 3.05417
0.209 3.05496
0.21 3.05577
0.211 3.05658
0.212 3.0574
0.213 3.05823
0.214 3.05907
0.215 3.05991
0.216 3.06077
0.217 3.06163
0.218 3.0625
0.219 3.06337
0.22 3.06426
0.221 3.06514
0.222 3.06604
0.223 3.06694
0.224 3.06785
0.225 3.06876
0.226 3.06968
0.227 3.0706
0.228 3.07153
0.229 3.07246
0.23 3.0734
0.231 3.07434
0.232 3.07529
0.233 3.07624
0.234 3.07719
0.235 3.07815
0.236 3.07911
0.237 3.08007
0.238 3.08104
0.239 3.08201
0.24 3.08298
0.241 3.08395
0.242 3.08493
0.243 3.08591
0.244 3.08689
0.245 3.08787
0.246 3.08886
0.247 3.08985
0.248 3.09083
0.249 3.09182
0.25 3.09281
0.251 3.09381
0.252 3.0948
0.253 3.09579
0.254 3.09679
0.255 3.09778
0.256 3.09878
0.257 3.09977
0.258 3.10077
0.259 3.10176
0.26 3.10276
0.261 3.10376
0.262 3.10475
0.263 3.10575
0.264 3.10675
0.265 3.10774
0.266 3.10874
0.267 3.10973
0.268 3.11073
0.269 3.11172
0.27 3.11271
0.271 3.1137
0.272 3.11469
0.273 3.11568
0.274 3.11667
0.275 3.11766
0.276 3.11865
0.277 3.11963
0.278 3.12062
0.279 3.1216
0.28 3.12258
0.281 3.12356
0.282 3.12454
0.283 3.12552
0.284 3.12649
0.285 3.12746
0.286 3.12844
0.287 3.12941
0.288 3.13037
0.289 3.13134
0.29 3.13231
0.291 3.13327
0.292 3.13423
0.293 3.13519
0.294 3.13614
0.295 3.1371
0.296 3.13805
0.297 3.139
0.298 3.13995
0.299 3.14089
0.3 3.14183
0.301 3.14277
0.302 3.14371
0.303 3.14465
0.304 3.14558
0.305 3.14651
0.306 3.14744
0.307 3.14837
0.308 3.14929
0.309 3.15021
0.31 3.15113
0.311 3.15205
0.312 3.15296
0.313 3.15387
0.314 3.15478
0.315 3.15569
0.316 3.15659
0.317 3.15749
0.318 3.15839
0.319 3.15928
0.32 3.16017
0.321 3.16106
0.322 3.16195
0.323 3.16283
0.324 3.16371
0.325 3.16459
0.326 3.16547
0.327 3.16634
0.328 3.16721
0.329 3.16808
0.33 3.16894
0.331 3.1698
0.332 3.17066
0.333 3.17151
0.334 3.17237
0.335 3.17322
0.336 3.17406
0.337 3.17491
0.338 3.17575
0.339 3.17658
0.34 3.17742
0.341 3.17825
0.342 3.17908
0.343 3.17991
0.344 3.18073
0.345 3.18155
0.346 3.18237
0.347 3.18318
0.348 3.18399
0.349 3.1848
0.35 3.1856
0.351 3.18641
0.352 3.18721
0.353 3.188
0.354 3.1888
0.355 3.18959
0.356 3.19037
0.357 3.19116
0.358 3.19194
0.359 3.19272
0.36 3.19349
0.361 3.19426
0.362 3.19503
0.363 3.1958
0.364 3.19656
0.365 3.19732
0.366 3.19808
0.367 3.19884
0.368 3.19959
0.369 3.20034
0.37 3.20108
0.371 3.20183
0.372 3.20257
0.373 3.2033
0.374 3.20404
0.375 3.20477
0.376 3.2055
0.377 3.20622
0.378 3.20694
0.379 3.20766
0.38 3.20838
0.381 3.20909
0.382 3.20981
0.383 3.21051
0.384 3.21122
0.385 3.21192
0.386 3.21262
0.387 3.21332
0.388 3.21401
0.389 3.2147
0.39 3.21539
0.391 3.21607
0.392 3.21676
0.393 3.21743
0.394 3.21811
0.395 3.21879
0.396 3.21946
0.397 3.22012
0.398 3.22079
0.399 3.22145
0.4 3.22211
0.401 3.22277
0.402 3.22342
0.403 3.22408
0.404 3.22472
0.405 3.22537
0.406 3.22601
0.407 3.22665
0.408 3.22729
0.409 3.22793
0.41 3.22856
0.411 3.22919
0.412 3.22982
0.413 3.23044
0.414 3.23106
0.415 3.23168
0.416 3.2323
0.417 3.23291
0.418 3.23352
0.419 3.23413
0.42 3.23474
0.421 3.23534
0.422 3.23594
0.423 3.23654
0.424 3.23714
0.425 3.23773
0.426 3.23832
0.427 3.23891
0.428 3.23949
0.429 3.24008
0.43 3.24066
0.431 3.24123
0.432 3.24181
0.433 3.24238
0.434 3.24295
0.435 3.24352
0.436 3.24408
0.437 3.24465
0.438 3.2452
0.439 3.24576
0.44 3.24632
0.441 3.24687
0.442 3.24742
0.443 3.24797
0.444 3.24851
0.445 3.24905
0.446 3.2496
0.447 3.25013
0.448 3.25067
0.449 3.2512
0.45 3.25173
0.451 3.25226
0.452 3.25278
0.453 3.25331
0.454 3.25383
0.455 3.25435
0.456 3.25486
0.457 3.25538
0.458 3.25589
0.459 3.2564
0.46 3.2569
0.461 3.25741
0.462 3.25791
0.463 3.25841
0.464 3.25891
0.465 3.2594
0.466 3.25989
0.467 3.26038
0.468 3.26087
0.469 3.26136
0.47 3.26184
0.471 3.26232
0.472 3.2628
0.473 3.26327
0.474 3.26375
0.475 3.26422
0.476 3.26469
0.477 3.26515
0.478 3.26562
0.479 3.26608
0.48 3.26654
0.481 3.267
0.482 3.26745
0.483 3.2679
0.484 3.26836
0.485 3.2688
0.486 3.26925
0.487 3.26969
0.488 3.27013
0.489 3.27057
0.49 3.27101
0.491 3.27144
0.492 3.27188
0.493 3.27231
0.494 3.27273
0.495 3.27316
0.496 3.27358
0.497 3.274
0.498 3.27442
0.499 3.27484
0.5 3.27525
0.501 3.27566
0.502 3.27607
0.503 3.27648
0.504 3.27688
0.505 3.27728
0.506 3.27768
0.507 3.27808
0.508 3.27848
0.509 3.27887
0.51 3.27926
0.511 3.27965
0.512 3.28003
0.513 3.28042
0.514 3.2808
0.515 3.28118
0.516 3.28156
0.517 3.28193
0.518 3.2823
0.519 3.28267
0.52 3.28304
0.521 3.2834
0.522 3.28377
0.523 3.28413
0.524 3.28448
0.525 3.28484
0.526 3.28519
0.527 3.28554
0.528 3.28589
0.529 3.28624
0.53 3.28658
0.531 3.28692
0.532 3.28726
0.533 3.2876
0.534 3.28793
0.535 3.28826
0.536 3.28859
0.537 3.28892
0.538 3.28924
0.539 3.28956
0.54 3.28988
0.541 3.2902
0.542 3.29051
0.543 3.29082
0.544 3.29113
0.545 3.29144
0.546 3.29174
0.547 3.29204
0.548 3.29234
0.549 3.29264
0.55 3.29293
0.551 3.29322
0.552 3.29351
0.553 3.2938
0.554 3.29408
0.555 3.29436
0.556 3.29464
0.557 3.29491
0.558 3.29519
0.559 3.29546
0.56 3.29572
0.561 3.29599
0.562 3.29625
0.563 3.29651
0.564 3.29677
0.565 3.29702
0.566 3.29727
0.567 3.29752
0.568 3.29776
0.569 3.29801
0.57 3.29825
0.571 3.29848
0.572 3.29872
0.573 3.29895
0.574 3.29918
0.575 3.2994
0.576 3.29963
0.577 3.29985
0.578 3.30006
0.579 3.30028
0.58 3.30049
0.581 3.3007
0.582 3.3009
0.583 3.3011
0.584 3.3013
0.585 3.3015
0.586 3.30169
0.587 3.30188
0.588 3.30207
0.589 3.30225
0.59 3.30243
0.591 3.30261
0.592 3.30279
0.593 3.30296
0.594 3.30312
0.595 3.30329
0.596 3.30345
0.597 3.30361
0.598 3.30376
0.599 3.30391
0.6 3.30406
0.601 3.30421
0.602 3.30435
0.603 3.30449
0.604 3.30462
0.605 3.30475
0.606 3.30488
0.607 3.305
0.608 3.30512
0.609 3.30524
0.61 3.30536
0.611 3.30547
0.612 3.30557
0.613 3.30567
0.614 3.30577
0.615 3.30587
0.616 3.30596
0.617 3.30605
0.618 3.30613
0.619 3.30621
0.62 3.30629
0.621 3.30636
0.622 3.30643
0.623 3.30649
0.624 3.30655
0.625 3.30661
0.626 3.30666
0.627 3.30671
0.628 3.30675
0.629 3.30679
0.63 3.30683
0.631 3.30686
0.632 3.30688
0.633 3.30691
0.634 3.30692
0.635 3.30694
0.636 3.30695
0.637 3.30695
0.638 3.30695
0.639 3.30695
0.64 3.30694
0.641 3.30693
0.642 3.30691
0.643 3.30688
0.644 3.30686
0.645 3.30682
0.646 3.30678
0.647 3.30674
0.648 3.30669
0.649 3.30664
0.65 3.30658
0.651 3.30652
0.652 3.30645
0.653 3.30638
0.654 3.3063
0.655 3.30621
0.656 3.30612
0.657 3.30603
0.658 3.30592
0.659 3.30582
0.66 3.3057
0.661 3.30558
0.662 3.30546
0.663 3.30533
0.664 3.30519
0.665 3.30505
0.666 3.3049
0.667 3.30474
0.668 3.30458
0.669 3.30441
0.67 3.30424
0.671 3.30406
0.672 3.30387
0.673 3.30367
0.674 3.30347
0.675 3.30326
0.676 3.30304
0.677 3.30282
0.678 3.30259
0.679 3.30235
0.68 3.3021
0.681 3.30185
0.682 3.30159
0.683 3.30132
0.684 3.30104
0.685 3.30076
0.686 3.30046
0.687 3.30016
0.688 3.29985
0.689 3.29953
0.69 3.29921
0.691 3.29887
0.692 3.29852
0.693 3.29817
0.694 3.29781
0.695 3.29743
0.696 3.29705
0.697 3.29666
0.698 3.29626
0.699 3.29585
0.7 3.29543
0.701 3.29499
0.702 3.29455
0.703 3.2941
0.704 3.29364
0.705 3.29316
0.706 3.29268
0.707 3.29218
0.708 3.29168
0.709 3.29116
0.71 3.29063
0.711 3.29008
0.712 3.28953
0.713 3.28896
0.714 3.28838
0.715 3.28779
0.716 3.28719
0.717 3.28657
0.718 3.28594
0.719 3.2853
0.72 3.28465
0.721 3.28398
0.722 3.28329
0.723 3.2826
0.724 3.28188
0.725 3.28116
0.726 3.28042
0.727 3.27966
0.728 3.27889
0.729 3.27811
0.73 3.27731
0.731 3.27649
0.732 3.27566
0.733 3.27482
0.734 3.27396
0.735 3.27308
0.736 3.27218
0.737 3.27127
0.738 3.27034
0.739 3.2694
0.74 3.26844
0.741 3.26746
0.742 3.26647
0.743 3.26545
0.744 3.26442
0.745 3.26338
0.746 3.26231
0.747 3.26123
0.748 3.26012
0.749 3.259
0.75 3.25787
0.751 3.25671
0.752 3.25553
0.753 3.25434
0.754 3.25313
0.755 3.2519
0.756 3.25065
0.757 3.24938
0.758 3.24809
0.759 3.24678
0.76 3.24546
0.761 3.24411
0.762 3.24275
0.763 3.24136
0.764 3.23996
0.765 3.23854
0.766 3.23709
0.767 3.23563
0.768 3.23415
0.769 3.23265
0.77 3.23114
0.771 3.2296
0.772 3.22804
0.773 3.22647
0.774 3.22488
0.775 3.22326
0.776 3.22163
0.777 3.21998
0.778 3.21832
0.779 3.21663
0.78 3.21493
0.781 3.21321
0.782 3.21147
0.783 3.20972
0.784 3.20795
0.785 3.20616
0.786 3.20435
0.787 3.20253
0.788 3.2007
0.789 3.19884
0.79 3.19698
0.791 3.1951
0.792 3.1932
0.793 3.19129
0.794 3.18936
0.795 3.18742
0.796 3.18547
0.797 3.18351
0.798 3.18153
0.799 3.17955
0.8 3.17755
0.801 3.17554
0.802 3.17352
0.803 3.17149
0.804 3.16945
0.805 3.1674
0.806 3.16534
0.807 3.16327
0.808 3.1612
0.809 3.15912
0.81 3.15703
0.811 3.15494
0.812 3.15284
0.813 3.15074
0.814 3.14864
0.815 3.14652
0.816 3.14441
0.817 3.1423
0.818 3.14018
0.819 3.13806
0.82 3.13594
0.821 3.13382
0.822 3.1317
0.823 3.12958
0.824 3.12746
0.825 3.12534
0.826 3.12323
0.827 3.12112
0.828 3.11901
0.829 3.1169
0.83 3.11481
0.831 3.11271
0.832 3.11063
0.833 3.10854
0.834 3.10647
0.835 3.1044
0.836 3.10234
0.837 3.10029
0.838 3.09825
0.839 3.09622
0.84 3.0942
0.841 3.09218
0.842 3.09018
0.843 3.08819
0.844 3.08621
0.845 3.08424
0.846 3.08229
0.847 3.08035
0.848 3.07842
0.849 3.0765
0.85 3.0746
0.851 3.07272
0.852 3.07084
0.853 3.06899
0.854 3.06715
0.855 3.06532
0.856 3.06351
0.857 3.06172
0.858 3.05994
0.859 3.05818
0.86 3.05643
0.861 3.0547
0.862 3.05299
0.863 3.0513
0.864 3.04963
0.865 3.04797
0.866 3.04633
0.867 3.04471
0.868 3.04311
0.869 3.04152
0.87 3.03996
0.871 3.03841
0.872 3.03688
0.873 3.03537
0.874 3.03388
0.875 3.03241
0.876 3.03095
0.877 3.02952
0.878 3.0281
0.879 3.0267
0.88 3.02533
0.881 3.02397
0.882 3.02263
0.883 3.02131
0.884 3.02
0.885 3.01872
0.886 3.01745
0.887 3.01621
0.888 3.01498
0.889 3.01377
0.89 3.01257
0.891 3.0114
0.892 3.01025
0.893 3.00911
0.894 3.00799
0.895 3.00689
0.896 3.0058
0.897 3.00474
0.898 3.00369
0.899 3.00265
0.9 3.00164
0.901 3.00064
0.902 2.99966
0.903 2.9987
0.904 2.99775
0.905 2.99682
0.906 2.9959
0.907 2.995
0.908 2.99412
0.909 2.99325
0.91 2.9924
0.911 2.99156
0.912 2.99074
0.913 2.98993
0.914 2.98914
0.915 2.98836
0.916 2.9876
0.917 2.98685
0.918 2.98612
0.919 2.98539
0.92 2.98469
0.921 2.98399
0.922 2.98331
0.923 2.98265
0.924 2.98199
0.925 2.98135
0.926 2.98072
0.927 2.98011
0.928 2.9795
0.929 2.97891
0.93 2.97833
0.931 2.97776
0.932 2.97721
0.933 2.97666
0.934 2.97613
0.935 2.97561
0.936 2.97509
0.937 2.97459
0.938 2.9741
0.939 2.97362
0.94 2.97315
0.941 2.97269
0.942 2.97224
0.943 2.9718
0.944 2.97137
0.945 2.97095
0.946 2.97054
0.947 2.97014
0.948 2.96975
0.949 2.96936
0.95 2.96899
0.951 2.96862
0.952 2.96826
0.953 2.96791
0.954 2.96757
0.955 2.96724
0.956 2.96691
0.957 2.9666
0.958 2.96629
0.959 2.96598
0.96 2.96569
0.961 2.9654
0.962 2.96512
0.963 2.96485
0.964 2.96458
0.965 2.96432
0.966 2.96407
0.967 2.96383
0.968 2.96359
0.969 2.96335
0.97 2.96313
0.971 2.96291
0.972 2.96269
0.973 2.96248
0.974 2.96228
0.975 2.96208
0.976 2.96189
0.977 2.96171
0.978 2.96153
0.979 2.96136
0.98 2.96119
0.981 2.96102
0.982 2.96086
0.983 2.96071
0.984 2.96056
0.985 2.96042
0.986 2.96028
0.987 2.96015
0.988 2.96002
0.989 2.9599
0.99 2.95978
0.991 2.95966
0.992 2.95955
0.993 2.95944
0.994 2.95934
0.995 2.95924
0.996 2.95915
0.997 2.95906
0.998 2.95897
0.999 2.95889
1 2.95882
1.001 5
