0 0
0.001 0.128824
0.002 0.13684
0.003 0.144897
0.004 0.152997
0.005 0.161137
0.006 0.169319
0.007 0.177541
0.008 0.185802
0.009 0.194103
0.01 0.202443
0.011 0.210821
0.012 0.219236
0.013 0.227688
0.014 0.236176
0.015 0.2447
0.016 0.253259
0.017 0.261852
0.018 0.270478
0.019 0.279137
0.02 0.287829
0.021 0.296551
0.022 0.305303
0.023 0.314085
0.024 0.322896
0.025 0.331734
0.026 0.340599
0.027 0.34949
0.028 0.358406
0.029 0.367347
0.03 0.37631
0.031 0.385295
0.032 0.394301
0.033 0.403327
0.034 0.412372
0.035 0.421435
0.036 0.430515
0.037 0.439611
0.038 0.448721
0.039 0.457844
0.04 0.46698
0.041 0.476128
0.042 0.485285
0.043 0.494451
0.044 0.503625
0.045 0.512805
0.046 0.521991
0.047 0.531181
0.048 0.540374
0.049 0.549568
0.05 0.558763
0.051 0.567958
0.052 0.57715
0.053 0.586339
0.054 0.595524
0.055 0.604703
0.056 0.613876
0.057 0.62304
0.058 0.632196
0.059 0.641341
0.06 0.650474
0.061 0.659594
0.062 0.668701
0.063 0.677792
0.064 0.686867
0.065 0.695925
0.066 0.704964
0.067 0.713983
0.068 0.722981
0.069 0.731958
0.07 0.740911
0.071 0.749841
0.072 0.758745
0.073 0.767624
0.074 0.776475
0.075 0.785298
0.076 0.794093
0.077 0.802857
0.078 0.81159
0.079 0.820292
0.08 0.828961
0.081 0.837597
0.082 0.846198
0.083 0.854765
0.084 0.863295
0.085 0.871789
0.086 0.880246
0.087 0.888665
0.088 0.897046
0.089 0.905387
0.09 0.913689
0.091 0.92195
0.092 0.93017
0.093 0.938349
0.094 0.946487
0.095 0.954582
0.096 0.962634
0.097 0.970644
0.098 0.97861
0.099 0.986532
0.1 0.99441
0.101 1.00224
0.102 1.01003
0.103 1.01778
0.104 1.02548
0.105 1.03313
0.106 1.04074
0.107 1.04831
0.108 1.05582
0.109 1.0633
0.11 1.07072
0.111 1.07811
0.112 1.08544
0.113 1.09273
0.114 1.09998
0.115 1.10718
0.116 1.11433
0.117 1.12144
0.118 1.12851
0.119 1.13553
0.12 1.1425
0.121 1.14943
0.122 1.15632
0.123 1.16316
0.124 1.16996
0.125 1.17671
0.126 1.18342
0.127 1.19009
0.128 1.19672
0.129 1.2033
0.13 1.20984
0.131 1.21634
0.132 1.2228
0.133 1.22921
0.134 1.23559
0.135 1.24193
0.136 1.24822
0.137 1.25448
0.138 1.26069
0.139 1.26687
0.14 1.27301
0.141 1.27911
0.142 1.28518
0.143 1.2912
0.144 1.29719
0.145 1.30315
0.146 1.30907
0.147 1.31495
0.148 1.32079
0.149 1.32661
0.15 1.33238
0.151 1.33813
0.152 1.34384
0.153 1.34952
0.154 1.35516
0.155 1.36077
0.156 1.36635
0.157 1.3719
0.158 1.37742
0.159 1.38291
0.16 1.38837
0.161 1.3938
0.162 1.39919
0.163 1.40456
0.164 1.40991
0.165 1.41522
0.166 1.4205
0.167 1.42576
0.168 1.43099
0.169 1.4362
0.17 1.44138
0.171 1.44653
0.172 1.45166
0.173 1.45676
0.174 1.46184
0.175 1.46689
0.176 1.47192
0.177 1.47693
0.178 1.48191
0.179 1.48687
0.18 1.4918
0.181 1.49672
0.182 1.50161
0.183 1.50648
0.184 1.51133
0.185 1.51616
0.186 1.52096
0.187 1.52575
0.188 1.53052
0.189 1.53526
0.19 1.53999
0.191 1.5447
0.192 1.54939
0.193 1.55406
0.194 1.55871
0.195 1.56334
0.196 1.56796
0.197 1.57256
0.198 1.57714
0.199 1.5817
0.2 1.58625
0.201 1.59078
0.202 1.59529
0.203 1.59979
0.204 1.60427
0.205 1.60874
0.206 1.61319
0.207 1.61763
0.208 1.62205
0.209 1.62645
0.21 1.63084
0.211 1.63522
0.212 1.63958
0.213 1.64393
0.214 1.64827
0.215 1.65259
0.216 1.6569
0.217 1.66119
0.218 1.66548
0.219 1.66975
0.22 1.674
0.221 1.67825
0.222 1.68248
0.223 1.6867
0.224 1.69091
0.225 1.69511
0.226 1.6993
0.227 1.70347
0.228 1.70763
0.229 1.71179
0.23 1.71593
0.231 1.72006
0.232 1.72418
0.233 1.72829
0.234 1.73239
0.235 1.73648
0.236 1.74057
0.237 1.74464
0.238 1.7487
0.239 1.75275
0.24 1.75679
0.241 1.76083
0.242 1.76485
0.243 1.76887
0.244 1.77288
0.245 1.77688
0.246 1.78087
0.247 1.78485
0.248 1.78883
0.249 1.79279
0.25 1.79675
0.251 1.8007
0.252 1.80465
0.253 1.80858
0.254 1.81251
0.255 1.81643
0.256 1.82035
0.257 1.82426
0.258 1.82816
0.259 1.83205
0.26 1.83594
0.261 1.83982
0.262 1.84369
0.263 1.84756
0.264 1.85142
0.265 1.85528
0.266 1.85913
0.267 1.86297
0.268 1.86681
0.269 1.87064
0.27 1.87447
0.271 1.87829
0.272 1.8821
0.273 1.88591
0.274 1.88972
0.275 1.89352
0.276 1.89731
0.277 1.9011
0.278 1.90489
0.279 1.90867
0.28 1.91245
0.281 1.91622
0.282 1.91999
0.283 1.92375
0.284 1.92751
0.285 1.93126
0.286 1.93501
0.287 1.93876
0.288 1.9425
0.289 1.94624
0.29 1.94997
0.291 1.9537
0.292 1.95743
0.293 1.96115
0.294 1.96488
0.295 1.96859
0.296 1.97231
0.297 1.97602
0.298 1.97972
0.299 1.98343
0.3 1.98713
0.301 1.99083
0.302 1.99452
0.303 1.99821
0.304 2.0019
0.305 2.00559
0.306 2.00928
0.307 2.01296
0.308 2.01664
0.309 2.02031
0.31 2.02399
0.311 2.02766
0.312 2.03133
0.313 2.035
0.314 2.03867
0.315 2.04233
0.316 2.046
0.317 2.04966
0.318 2.05332
0.319 2.05697
0.32 2.06063
0.321 2.06428
0.322 2.06794
0.323 2.07159
0.324 2.07524
0.325 2.07889
0.326 2.08253
0.327 2.08618
0.328 2.08983
0.329 2.09347
0.33 2.09711
0.331 2.10076
0.332 2.1044
0.333 2.10804
0.334 2.11168
0.335 2.11532
0.336 2.11896
0.337 2.12259
0.338 2.12623
0.339 2.12987
0.34 2.13351
0.341 2.13714
0.342 2.14078
0.343 2.14442
0.344 2.14805
0.345 2.15169
0.346 2.15533
0.347 2.15896
0.348 2.1626
0.349 2.16624
0.35 2.16987
0.351 2.17351
0.352 2.17715
0.353 2.18079
0.354 2.18443
0.355 2.18807
0.356 2.19171
0.357 2.19535
0.358 2.19899
0.359 2.20264
0.36 2.20628
0.361 2.20993
0.362 2.21357
0.363 2.21722
0.364 2.22087
0.365 2.22452
0.366 2.22817
0.367 2.23182
0.368 2.23548
0.369 2.23913
0.37 2.24279
0.371 2.24645
0.372 2.25011
0.373 2.25378
0.374 2.25744
0.375 2.26111
0.376 2.26478
0.377 2.26845
0.378 2.27213
0.379 2.2758
0.38 2.27948
0.381 2.28316
0.382 2.28685
0.383 2.29053
0.384 2.29422
0.385 2.29792
0.386 2.30161
0.387 2.30531
0.388 2.30901
0.389 2.31271
0.39 2.31642
0.391 2.32013
0.392 2.32385
0.393 2.32757
0.394 2.33129
0.395 2.33501
0.396 2.33874
0.397 2.34247
0.398 2.34621
0.399 2.34995
0.4 2.3537
0.401 2.35745
0.402 2.3612
0.403 2.36496
0.404 2.36872
0.405 2.37249
0.406 2.37626
0.407 2.38004
0.408 2.38382
0.409 2.3876
0.41 2.39139
0.411 2.39519
0.412 2.39899
0.413 2.4028
0.414 2.40661
0.415 2.41043
0.416 2.41425
0.417 2.41808
0.418 2.42192
0.419 2.42576
0.42 2.42961
0.421 2.43346
0.422 2.43732
0.423 2.44119
0.424 2.44506
0.425 2.44894
0.426 2.45282
0.427 2.45672
0.428 2.46062
0.429 2.46452
0.43 2.46844
0.431 2.47236
0.432 2.47629
0.433 2.48022
0.434 2.48417
0.435 2.48812
0.436 2.49208
0.437 2.49605
0.438 2.50002
0.439 2.50401
0.44 2.508
0.441 2.512
0.442 2.51601
0.443 2.52003
0.444 2.52406
0.445 2.5281
0.446 2.53214
0.447 2.5362
0.448 2.54026
0.449 2.54433
0.45 2.54842
0.451 2.55251
0.452 2.55662
0.453 2.56073
0.454 2.56485
0.455 2.56899
0.456 2.57313
0.457 2.57729
0.458 2.58145
0.459 2.58563
0.46 2.58982
0.461 2.59402
0.462 2.59823
0.463 2.60246
0.464 2.60669
0.465 2.61094
0.466 2.6152
0.467 2.61947
0.468 2.62375
0.469 2.62805
0.47 2.63235
0.471 2.63668
0.472 2.64101
0.473 2.64536
0.474 2.64972
0.475 2.65409
0.476 2.65848
0.477 2.66288
0.478 2.6673
0.479 2.67173
0.48 2.67618
0.481 2.68064
0.482 2.68511
0.483 2.6896
0.484 2.6941
0.485 2.69862
0.486 2.70316
0.487 2.70771
0.488 2.71227
0.489 2.71686
0.49 2.72146
0.491 2.72607
0.492 2.7307
0.493 2.73535
0.494 2.74002
0.495 2.7447
0.496 2.7494
0.497 2.75412
0.498 2.75886
0.499 2.76361
0.5 2.76838
0.501 2.77317
0.502 2.77798
0.503 2.78281
0.504 2.78766
0.505 2.79253
0.506 2.79741
0.507 2.80232
0.508 2.80724
0.509 2.81219
0.51 2.81716
0.511 2.82215
0.512 2.82715
0.513 2.83218
0.514 2.83724
0.515 2.84231
0.516 2.8474
0.517 2.85252
0.518 2.85766
0.519 2.86282
0.52 2.86801
0.521 2.87321
0.522 2.87845
0.523 2.8837
0.524 2.88898
0.525 2.89428
0.526 2.89961
0.527 2.90496
0.528 2.91034
0.529 2.91574
0.53 2.92117
0.531 2.92662
0.532 2.9321
0.533 2.93761
0.534 2.94314
0.535 2.9487
0.536 2.95429
0.537 2.95991
0.538 2.96555
0.539 2.97122
0.54 2.97692
0.541 2.98265
0.542 2.9884
0.543 2.99419
0.544 3.00001
0.545 3.00585
0.546 3.01173
0.547 3.01763
0.548 3.02357
0.549 3.02954
0.55 3.03554
0.551 3.04157
0.552 3.04764
0.553 3.05374
0.554 3.05987
0.555 3.06603
0.556 3.07223
0.557 3.07846
0.558 3.08472
0.559 3.09102
0.56 3.09736
0.561 3.10373
0.562 3.11014
0.563 3.11658
0.564 3.12306
0.565 3.12957
0.566 3.13613
0.567 3.14272
0.568 3.14935
0.569 3.15601
0.57 3.16272
0.571 3.16947
0.572 3.17625
0.573 3.18308
0.574 3.18994
0.575 3.19685
0.576 3.2038
0.577 3.21079
0.578 3.21782
0.579 3.22489
0.58 3.23201
0.581 3.23917
0.582 3.24637
0.583 3.25362
0.584 3.26092
0.585 3.26825
0.586 3.27564
0.587 3.28307
0.588 3.29054
0.589 3.29807
0.59 3.30564
0.591 3.31326
0.592 3.32093
0.593 3.32864
0.594 3.33641
0.595 3.34422
0.596 3.35209
0.597 3.36
0.598 3.36797
0.599 3.37599
0.6 3.38406
0.601 3.39219
0.602 3.40036
0.603 3.40859
0.604 3.41688
0.605 3.42522
0.606 3.43362
0.607 3.44207
0.608 3.45058
0.609 3.45914
0.61 3.46776
0.611 3.47644
0.612 3.48518
0.613 3.49398
0.614 3.50284
0.615 3.51175
0.616 3.52073
0.617 3.52977
0.618 3.53887
0.619 3.54803
0.62 3.55726
0.621 3.56655
0.622 3.5759
0.623 3.58532
0.624 3.5948
0.625 3.60435
0.626 3.61397
0.627 3.62365
0.628 3.6334
0.629 3.64321
0.63 3.6531
0.631 3.66305
0.632 3.67308
0.633 3.68317
0.634 3.69334
0.635 3.70358
0.636 3.71388
0.637 3.72427
0.638 3.73472
0.639 3.74525
0.64 3.75585
0.641 3.76653
0.642 3.77728
0.643 3.78811
0.644 3.79902
0.645 3.81
0.646 3.82106
0.647 3.8322
0.648 3.84342
0.649 3.85472
0.65 3.86609
0.651 3.87755
0.652 3.88909
0.653 3.90071
0.654 3.91242
0.655 3.9242
0.656 3.93607
0.657 3.94803
0.658 3.96006
0.659 3.97219
0.66 3.9844
0.661 3.99669
0.662 4.00907
0.663 4.02154
0.664 4.0341
0.665 4.04674
0.666 4.05947
0.667 4.07229
0.668 4.0852
0.669 4.0982
0.67 4.11129
0.671 4.12448
0.672 4.13775
0.673 4.15111
0.674 4.16457
0.675 4.17812
0.676 4.19176
0.677 4.20549
0.678 4.21932
0.679 4.23324
0.68 4.24726
0.681 4.26137
0.682 4.27558
0.683 4.28988
0.684 4.30427
0.685 4.31876
0.686 4.33335
0.687 4.34803
0.688 4.36281
0.689 4.37769
0.69 4.39266
0.691 4.40772
0.692 4.42289
0.693 4.43815
0.694 4.45351
0.695 4.46896
0.696 4.48451
0.697 4.50016
0.698 4.51591
0.699 4.53175
0.7 4.54769
0.701 4.56372
0.702 4.57985
0.703 4.59608
0.704 4.6124
0.705 4.62882
0.706 4.64533
0.707 4.66194
0.708 4.67864
0.709 4.69544
0.71 4.71233
0.711 4.72931
0.712 4.74639
0.713 4.76356
0.714 4.78082
0.715 4.79817
0.716 4.81562
0.717 4.83315
0.718 4.85077
0.719 4.86848
0.72 4.88628
0.721 4.90417
0.722 4.92214
0.723 4.94019
0.724 4.95834
0.725 4.97656
0.726 4.99487
0.727 5.01325
0.728 5.03172
0.729 5.05027
0.73 5.06889
0.731 5.08759
0.732 5.10636
0.733 5.12521
0.734 5.14413
0.735 5.16313
0.736 5.18219
0.737 5.20132
0.738 5.22051
0.739 5.23977
0.74 5.25909
0.741 5.27848
0.742 5.29792
0.743 5.31742
0.744 5.33698
0.745 5.35659
0.746 5.37626
0.747 5.39597
0.748 5.41573
0.749 5.43554
0.75 5.45539
0.751 5.47528
0.752 5.49521
0.753 5.51518
0.754 5.53519
0.755 5.55523
0.756 5.57529
0.757 5.59539
0.758 5.61551
0.759 5.63565
0.76 5.65582
0.761 5.676
0.762 5.6962
0.763 5.71641
0.764 5.73663
0.765 5.75686
0.766 5.77709
0.767 5.79732
0.768 5.81755
0.769 5.83778
0.77 5.85801
0.771 5.87822
0.772 5.89842
0.773 5.91861
0.774 5.93878
0.775 5.95892
0.776 5.97905
0.777 5.99914
0.778 6.01921
0.779 6.03925
0.78 6.05924
0.781 6.0792
0.782 6.09912
0.783 6.11899
0.784 6.13882
0.785 6.15859
0.786 6.17831
0.787 6.19798
0.788 6.21758
0.789 6.23712
0.79 6.2566
0.791 6.276
0.792 6.29534
0.793 6.3146
0.794 6.33378
0.795 6.35288
0.796 6.3719
0.797 6.39083
0.798 6.40968
0.799 6.42843
0.8 6.44708
0.801 6.46564
0.802 6.4841
0.803 6.50246
0.804 6.52071
0.805 6.53885
0.806 6.55688
0.807 6.5748
0.808 6.5926
0.809 6.61029
0.81 6.62785
0.811 6.64529
0.812 6.66261
0.813 6.67979
0.814 6.69685
0.815 6.71378
0.816 6.73057
0.817 6.74723
0.818 6.76374
0.819 6.78012
0.82 6.79636
0.821 6.81245
0.822 6.8284
0.823 6.8442
0.824 6.85985
0.825 6.87535
0.826 6.8907
0.827 6.90589
0.828 6.92093
0.829 6.93582
0.83 6.95055
0.831 6.96512
0.832 6.97953
0.833 6.99378
0.834 7.00786
0.835 7.02179
0.836 7.03555
0.837 7.04915
0.838 7.06258
0.839 7.07585
0.84 7.08896
0.841 7.10189
0.842 7.11466
0.843 7.12726
0.844 7.1397
0.845 7.15197
0.846 7.16407
0.847 7.176
0.848 7.18776
0.849 7.19936
0.85 7.21079
0.851 7.22205
0.852 7.23314
0.853 7.24406
0.854 7.25482
0.855 7.26542
0.856 7.27584
0.857 7.2861
0.858 7.2962
0.859 7.30613
0.86 7.3159
0.861 7.3255
0.862 7.33495
0.863 7.34423
0.864 7.35335
0.865 7.36231
0.866 7.37111
0.867 7.37976
0.868 7.38824
0.869 7.39658
0.87 7.40476
0.871 7.41278
0.872 7.42065
0.873 7.42837
0.874 7.43595
0.875 7.44337
0.876 7.45065
0.877 7.45778
0.878 7.46476
0.879 7.47161
0.88 7.47831
0.881 7.48487
0.882 7.49129
0.883 7.49758
0.884 7.50373
0.885 7.50974
0.886 7.51563
0.887 7.52138
0.888 7.527
0.889 7.5325
0.89 7.53786
0.891 7.54311
0.892 7.54823
0.893 7.55323
0.894 7.5581
0.895 7.56286
0.896 7.56751
0.897 7.57204
0.898 7.57645
0.899 7.58075
0.9 7.58495
0.901 7.58903
0.902 7.59301
0.903 7.59688
0.904 7.60065
0.905 7.60431
0.906 7.60788
0.907 7.61134
0.908 7.61471
0.909 7.61798
0.91 7.62116
0.911 7.62425
0.912 7.62724
0.913 7.63015
0.914 7.63296
0.915 7.63569
0.916 7.63834
0.917 7.6409
0.918 7.64338
0.919 7.64578
0.92 7.6481
0.921 7.65034
0.922 7.65251
0.923 7.6546
0.924 7.65662
0.925 7.65856
0.926 7.66044
0.927 7.66224
0.928 7.66398
0.929 7.66565
0.93 7.66726
0.931 7.6688
0.932 7.67028
0.933 7.6717
0.934 7.67305
0.935 7.67435
0.936 7.67559
0.937 7.67677
0.938 7.6779
0.939 7.67897
0.94 7.67999
0.941 7.68096
0.942 7.68188
0.943 7.68274
0.944 7.68356
0.945 7.68433
0.946 7.68505
0.947 7.68573
0.948 7.68636
0.949 7.68695
0.95 7.68749
0.951 7.68799
0.952 7.68845
0.953 7.68888
0.954 7.68926
0.955 7.6896
0.956 7.68991
0.957 7.69018
0.958 7.69041
0.959 7.69061
0.96 7.69078
0.961 7.69091
0.962 7.691
0.963 7.69107
0.964 7.69111
0.965 7.69111
0.966 7.69109
0.967 7.69103
0.968 7.69095
0.969 7.69084
0.97 7.6907
0.971 7.69054
0.972 7.69035
0.973 7.69014
0.974 7.6899
0.975 7.68964
0.976 7.68935
0.977 7.68905
0.978 7.68871
0.979 7.68836
0.98 7.68799
0.981 7.6876
0.982 7.68718
0.983 7.68675
0.984 7.6863
0.985 7.68583
0.986 7.68534
0.987 7.68483
0.988 7.68431
0.989 7.68377
0.99 7.68321
0.991 7.68264
0.992 7.68205
0.993 7.68145
0.994 7.68083
0.995 7.6802
0.996 7.67955
0.997 7.67889
0.998 7.67822
0.999 7.67754
1 7.67684
1.001 0
