0 -10
0.001 -6.97532
0.002 -6.95759
0.003 -6.93977
0.004 -6.92187
0.005 -6.90389
0.006 -6.88582
0.007 -6.86768
0.008 -6.84946
0.009 -6.83116
0.01 -6.81278
0.011 -6.79433
0.012 -6.7758
0.013 -6.7572
0.014 -6.73853
0.015 -6.71978
0.016 -6.70097
0.017 -6.68209
0.018 -6.66314
0.019 -6.64412
0.02 -6.62505
0.021 -6.6059
0.022 -6.5867
0.023 -6.56744
0.024 -6.54812
0.025 -6.52875
0.026 -6.50932
0.027 -6.48984
0.028 -6.47031
0.029 -6.45073
0.03 -6.4311
0.031 -6.41143
0.032 -6.39171
0.033 -6.37196
0.034 -6.35216
0.035 -6.33233
0.036 -6.31246
0.037 -6.29256
0.038 -6.27263
0.039 -6.25267
0.04 -6.23269
0.041 -6.21268
0.042 -6.19265
0.043 -6.1726
0.044 -6.15253
0.045 -6.13245
0.046 -6.11235
0.047 -6.09224
0.048 -6.07213
0.049 -6.05201
0.05 -6.03188
0.051 -6.01176
0.052 -5.99163
0.053 -5.97151
0.054 -5.9514
0.055 -5.93129
0.056 -5.9112
0.057 -5.89112
0.058 -5.87105
0.059 -5.851
0.06 -5.83098
0.061 -5.81097
0.062 -5.79099
0.063 -5.77104
0.064 -5.75112
0.065 -5.73123
0.066 -5.71137
0.067 -5.69155
0.068 -5.67177
0.069 -5.65203
0.07 -5.63233
0.071 -5.61268
0.072 -5.59308
0.073 -5.57352
0.074 -5.55402
0.075 -5.53457
0.076 -5.51518
0.077 -5.49584
0.078 -5.47657
0.079 -5.45735
0.08 -5.4382
0.081 -5.41911
0.082 -5.40009
0.083 -5.38114
0.084 -5.36226
0.085 -5.34345
0.086 -5.32471
0.087 -5.30605
0.088 -5.28746
0.089 -5.26895
0.09 -5.25053
0.091 -5.23218
0.092 -5.21391
0.093 -5.19572
0.094 -5.17762
0.095 -5.15961
0.096 -5.14168
0.097 -5.12384
0.098 -5.10608
0.099 -5.08842
0.1 -5.07084
0.101 -5.05336
0.102 -5.03596
0.103 -5.01866
0.104 -5.00145
0.105 -4.98434
0.106 -4.96732
0.107 -4.95039
0.108 -4.93356
0.109 -4.91682
0.11 -4.90018
0.111 -4.88363
0.112 -4.86718
0.113 -4.85083
0.114 -4.83457
0.115 -4.81841
0.116 -4.80234
0.117 -4.78638
0.118 -4.77051
0.119 -4.75473
0.12 -4.73906
0.121 -4.72348
0.122 -4.70799
0.123 -4.69261
0.124 -4.67731
0.125 -4.66212
0.126 -4.64702
0.127 -4.63202
0.128 -4.61711
0.129 -4.60229
0.13 -4.58757
0.131 -4.57295
0.132 -4.55842
0.133 -4.54398
0.134 -4.52963
0.135 -4.51538
0.136 -4.50122
0.137 -4.48715
0.138 -4.47317
0.139 -4.45928
0.14 -4.44548
0.141 -4.43177
0.142 -4.41815
0.143 -4.40462
0.144 -4.39117
0.145 -4.37781
0.146 -4.36454
0.147 -4.35135
0.148 -4.33825
0.149 -4.32523
0.15 -4.3123
0.151 -4.29945
0.152 -4.28669
0.153 -4.274
0.154 -4.2614
0.155 -4.24887
0.156 -4.23643
0.157 -4.22407
0.158 -4.21178
0.159 -4.19958
0.16 -4.18745
0.161 -4.1754
0.162 -4.16342
0.163 -4.15152
0.164 -4.13969
0.165 -4.12794
0.166 -4.11627
0.167 -4.10466
0.168 -4.09313
0.169 -4.08167
0.17 -4.07028
0.171 -4.05896
0.172 -4.04771
0.173 -4.03653
0.174 -4.02542
0.175 -4.01438
0.176 -4.00341
0.177 -3.9925
0.178 -3.98166
0.179 -3.97088
0.18 -3.96017
0.181 -3.94953
0.182 -3.93894
0.183 -3.92843
0.184 -3.91797
0.185 -3.90758
0.186 -3.89725
0.187 -3.88698
0.188 -3.87677
0.189 -3.86662
0.19 -3.85653
0.191 -3.8465
0.192 -3.83653
0.193 -3.82661
0.194 -3.81676
0.195 -3.80696
0.196 -3.79722
0.197 -3.78753
0.198 -3.7779
0.199 -3.76833
0.2 -3.7588
0.201 -3.74934
0.202 -3.73993
0.203 -3.73057
0.204 -3.72126
0.205 -3.712
0.206 -3.7028
0.207 -3.69365
0.208 -3.68455
0.209 -3.6755
0.21 -3.6665
0.211 -3.65755
0.212 -3.64864
0.213 -3.63979
0.214 -3.63099
0.215 -3.62223
0.216 -3.61352
0.217 -3.60486
0.218 -3.59624
0.219 -3.58767
0.22 -3.57915
0.221 -3.57067
0.222 -3.56223
0.223 -3.55384
0.224 -3.5455
0.225 -3.5372
0.226 -3.52894
0.227 -3.52072
0.228 -3.51255
0.229 -3.50442
0.23 -3.49633
0.231 -3.48828
0.232 -3.48027
0.233 -3.47231
0.234 -3.46438
0.235 -3.4565
0.236 -3.44865
0.237 -3.44085
0.238 -3.43308
0.239 -3.42535
0.24 -3.41766
0.241 -3.41001
0.242 -3.40239
0.243 -3.39481
0.244 -3.38727
0.245 -3.37977
0.246 -3.3723
0.247 -3.36487
0.248 -3.35747
0.249 -3.35011
0.25 -3.34278
0.251 -3.33549
0.252 -3.32823
0.253 -3.32101
0.254 -3.31382
0.255 -3.30666
0.256 -3.29954
0.257 -3.29244
0.258 -3.28539
0.259 -3.27836
0.26 -3.27137
0.261 -3.2644
0.262 -3.25747
0.263 -3.25057
0.264 -3.2437
0.265 -3.23686
0.266 -3.23006
0.267 -3.22328
0.268 -3.21653
0.269 -3.20981
0.27 -3.20312
0.271 -3.19646
0.272 -3.18983
0.273 -3.18322
0.274 -3.17665
0.275 -3.1701
0.276 -3.16358
0.277 -3.15708
0.278 -3.15062
0.279 -3.14418
0.28 -3.13777
0.281 -3.13138
0.282 -3.12502
0.283 -3.11869
0.284 -3.11238
0.285 -3.1061
0.286 -3.09984
0.287 -3.09361
0.288 -3.08741
0.289 -3.08123
0.29 -3.07507
0.291 -3.06893
0.292 -3.06283
0.293 -3.05674
0.294 -3.05068
0.295 -3.04464
0.296 -3.03863
0.297 -3.03263
0.298 -3.02666
0.299 -3.02072
0.3 -3.01479
0.301 -3.00889
0.302 -3.00301
0.303 -2.99715
0.304 -2.99132
0.305 -2.9855
0.306 -2.97971
0.307 -2.97393
0.308 -2.96818
0.309 -2.96245
0.31 -2.95674
0.311 -2.95105
0.312 -2.94538
0.313 -2.93973
0.314 -2.9341
0.315 -2.92849
0.316 -2.9229
0.317 -2.91732
0.318 -2.91177
0.319 -2.90624
0.32 -2.90072
0.321 -2.89522
0.322 -2.88975
0.323 -2.88429
0.324 -2.87884
0.325 -2.87342
0.326 -2.86802
0.327 -2.86263
0.328 -2.85726
0.329 -2.8519
0.33 -2.84657
0.331 -2.84125
0.332 -2.83594
0.333 -2.83066
0.334 -2.82539
0.335 -2.82014
0.336 -2.8149
0.337 -2.80968
0.338 -2.80447
0.339 -2.79929
0.34 -2.79411
0.341 -2.78895
0.342 -2.78381
0.343 -2.77869
0.344 -2.77357
0.345 -2.76848
0.346 -2.76339
0.347 -2.75833
0.348 -2.75327
0.349 -2.74823
0.35 -2.74321
0.351 -2.7382
0.352 -2.7332
0.353 -2.72822
0.354 -2.72325
0.355 -2.71829
0.356 -2.71335
0.357 -2.70842
0.358 -2.70351
0.359 -2.6986
0.36 -2.69371
0.361 -2.68884
0.362 -2.68397
0.363 -2.67912
0.364 -2.67428
0.365 -2.66945
0.366 -2.66463
0.367 -2.65983
0.368 -2.65504
0.369 -2.65026
0.37 -2.64549
0.371 -2.64073
0.372 -2.63598
0.373 -2.63125
0.374 -2.62652
0.375 -2.62181
0.376 -2.6171
0.377 -2.61241
0.378 -2.60773
0.379 -2.60306
0.38 -2.5984
0.381 -2.59374
0.382 -2.5891
0.383 -2.58447
0.384 -2.57985
0.385 -2.57524
0.386 -2.57063
0.387 -2.56604
0.388 -2.56145
0.389 -2.55688
0.39 -2.55231
0.391 -2.54775
0.392 -2.5432
0.393 -2.53866
0.394 -2.53413
0.395 -2.5296
0.396 -2.52509
0.397 -2.52058
0.398 -2.51608
0.399 -2.51158
0.4 -2.5071
0.401 -2.50262
0.402 -2.49815
0.403 -2.49369
0.404 -2.48923
0.405 -2.48478
0.406 -2.48034
0.407 -2.47591
0.408 -2.47148
0.409 -2.46705
0.41 -2.46264
0.411 -2.45823
0.412 -2.45382
0.413 -2.44943
0.414 -2.44503
0.415 -2.44065
0.416 -2.43627
0.417 -2.43189
0.418 -2.42752
0.419 -2.42316
0.42 -2.4188
0.421 -2.41445
0.422 -2.4101
0.423 -2.40575
0.424 -2.40141
0.425 -2.39707
0.426 -2.39274
0.427 -2.38842
0.428 -2.38409
0.429 -2.37977
0.43 -2.37546
0.431 -2.37115
0.432 -2.36684
0.433 -2.36253
0.434 -2.35823
0.435 -2.35394
0.436 -2.34964
0.437 -2.34535
0.438 -2.34106
0.439 -2.33677
0.44 -2.33249
0.441 -2.32821
0.442 -2.32393
0.443 -2.31965
0.444 -2.31538
0.445 -2.3111
0.446 -2.30683
0.447 -2.30256
0.448 -2.2983
0.449 -2.29403
0.45 -2.28977
0.451 -2.2855
0.452 -2.28124
0.453 -2.27698
0.454 -2.27272
0.455 -2.26846
0.456 -2.2642
0.457 -2.25994
0.458 -2.25568
0.459 -2.25142
0.46 -2.24716
0.461 -2.2429
0.462 -2.23864
0.463 -2.23438
0.464 -2.23012
0.465 -2.22586
0.466 -2.2216
0.467 -2.21734
0.468 -2.21308
0.469 -2.20881
0.47 -2.20455
0.471 -2.20028
0.472 -2.19601
0.473 -2.19174
0.474 -2.18747
0.475 -2.18319
0.476 -2.17892
0.477 -2.17464
0.478 -2.17036
0.479 -2.16608
0.48 -2.16179
0.481 -2.1575
0.482 -2.15321
0.483 -2.14892
0.484 -2.14462
0.485 -2.14032
0.486 -2.13601
0.487 -2.13171
0.488 -2.12739
0.489 -2.12308
0.49 -2.11876
0.491 -2.11444
0.492 -2.11011
0.493 -2.10578
0.494 -2.10144
0.495 -2.0971
0.496 -2.09276
0.497 -2.08841
0.498 -2.08405
0.499 -2.07969
0.5 -2.07532
0.501 -2.07095
0.502 -2.06657
0.503 -2.06219
0.504 -2.0578
0.505 -2.05341
0.506 -2.04901
0.507 -2.0446
0.508 -2.04018
0.509 -2.03576
0.51 -2.03134
0.511 -2.0269
0.512 -2.02246
0.513 -2.01801
0.514 -2.01356
0.515 -2.00909
0.516 -2.00462
0.517 -2.00014
0.518 -1.99565
0.519 -1.99116
0.52 -1.98666
0.521 -1.98214
0.522 -1.97762
0.523 -1.97309
0.524 -1.96856
0.525 -1.96401
0.526 -1.95945
0.527 -1.95489
0.528 -1.95031
0.529 -1.94573
0.53 -1.94113
0.531 -1.93653
0.532 -1.93191
0.533 -1.92729
0.534 -1.92265
0.535 -1.91801
0.536 -1.91335
0.537 -1.90868
0.538 -1.90401
0.539 -1.89932
0.54 -1.89461
0.541 -1.8899
0.542 -1.88518
0.543 -1.88044
0.544 -1.87569
0.545 -1.87093
0.546 -1.86616
0.547 -1.86137
0.548 -1.85657
0.549 -1.85176
0.55 -1.84694
0.551 -1.8421
0.552 -1.83725
0.553 -1.83238
0.554 -1.8275
0.555 -1.82261
0.556 -1.8177
0.557 -1.81278
0.558 -1.80785
0.559 -1.8029
0.56 -1.79793
0.561 -1.79295
0.562 -1.78796
0.563 -1.78294
0.564 -1.77792
0.565 -1.77288
0.566 -1.76782
0.567 -1.76275
0.568 -1.75765
0.569 -1.75255
0.57 -1.74743
0.571 -1.74229
0.572 -1.73713
0.573 -1.73195
0.574 -1.72676
0.575 -1.72155
0.576 -1.71633
0.577 -1.71108
0.578 -1.70582
0.579 -1.70054
0.58 -1.69524
0.581 -1.68992
0.582 -1.68458
0.583 -1.67923
0.584 -1.67385
0.585 -1.66846
0.586 -1.66304
0.587 -1.65761
0.588 -1.65215
0.589 -1.64668
0.59 -1.64118
0.591 -1.63567
0.592 -1.63013
0.593 -1.62458
0.594 -1.619
0.595 -1.6134
0.596 -1.60778
0.597 -1.60214
0.598 -1.59647
0.599 -1.59079
0.6 -1.58508
0.601 -1.57935
0.602 -1.57359
0.603 -1.56782
0.604 -1.56202
0.605 -1.55619
0.606 -1.55035
0.607 -1.54448
0.608 -1.53859
0.609 -1.53267
0.61 -1.52673
0.611 -1.52076
0.612 -1.51478
0.613 -1.50876
0.614 -1.50272
0.615 -1.49666
0.616 -1.49057
0.617 -1.48446
0.618 -1.47832
0.619 -1.47215
0.62 -1.46596
0.621 -1.45975
0.622 -1.4535
0.623 -1.44724
0.624 -1.44094
0.625 -1.43462
0.626 -1.42827
0.627 -1.4219
0.628 -1.4155
0.629 -1.40907
0.63 -1.40261
0.631 -1.39613
0.632 -1.38962
0.633 -1.38308
0.634 -1.37652
0.635 -1.36992
0.636 -1.3633
0.637 -1.35665
0.638 -1.34998
0.639 -1.34327
0.64 -1.33654
0.641 -1.32978
0.642 -1.32299
0.643 -1.31617
0.644 -1.30932
0.645 -1.30245
0.646 -1.29554
0.647 -1.28861
0.648 -1.28165
0.649 -1.27466
0.65 -1.26764
0.651 -1.26059
0.652 -1.25352
0.653 -1.24641
0.654 -1.23928
0.655 -1.23212
0.656 -1.22493
0.657 -1.21771
0.658 -1.21046
0.659 -1.20318
0.66 -1.19588
0.661 -1.18854
0.662 -1.18118
0.663 -1.17379
0.664 -1.16638
0.665 -1.15893
0.666 -1.15146
0.667 -1.14396
0.668 -1.13643
0.669 -1.12888
0.67 -1.12129
0.671 -1.11368
0.672 -1.10605
0.673 -1.09839
0.674 -1.0907
0.675 -1.08299
0.676 -1.07525
0.677 -1.06748
0.678 -1.05969
0.679 -1.05188
0.68 -1.04404
0.681 -1.03618
0.682 -1.02829
0.683 -1.02039
0.684 -1.01246
0.685 -1.0045
0.686 -0.996528
0.687 -0.988532
0.688 -0.980516
0.689 -0.97248
0.69 -0.964424
0.691 -0.956349
0.692 -0.948255
0.693 -0.940144
0.694 -0.932016
0.695 -0.923871
0.696 -0.915711
0.697 -0.907535
0.698 -0.899346
0.699 -0.891143
0.7 -0.882927
0.701 -0.874699
0.702 -0.86646
0.703 -0.858211
0.704 -0.849953
0.705 -0.841687
0.706 -0.833413
0.707 -0.825133
0.708 -0.816848
0.709 -0.808558
0.71 -0.800265
0.711 -0.79197
0.712 -0.783674
0.713 -0.775379
0.714 -0.767084
0.715 -0.758792
0.716 -0.750505
0.717 -0.742222
0.718 -0.733946
0.719 -0.725678
0.72 -0.717419
0.721 -0.70917
0.722 -0.700934
0.723 -0.692711
0.724 -0.684503
0.725 -0.676312
0.726 -0.668139
0.727 -0.659986
0.728 -0.651854
0.729 -0.643746
0.73 -0.635662
0.731 -0.627605
0.732 -0.619576
0.733 -0.611577
0.734 -0.603609
0.735 -0.595676
0.736 -0.587778
0.737 -0.579918
0.738 -0.572097
0.739 -0.564317
0.74 -0.556581
0.741 -0.548891
0.742 -0.541247
0.743 -0.533654
0.744 -0.526112
0.745 -0.518623
0.746 -0.511191
0.747 -0.503816
0.748 -0.496502
0.749 -0.489251
0.75 -0.482064
0.751 -0.474944
0.752 -0.467893
0.753 -0.460913
0.754 -0.454008
0.755 -0.447179
0.756 -0.440428
0.757 -0.433758
0.758 -0.427171
0.759 -0.420669
0.76 -0.414256
0.761 -0.407933
0.762 -0.401703
0.763 -0.395567
0.764 -0.38953
0.765 -0.383592
0.766 -0.377757
0.767 -0.372026
0.768 -0.366403
0.769 -0.360889
0.77 -0.355487
0.771 -0.3502
0.772 -0.345029
0.773 -0.339978
0.774 -0.335048
0.775 -0.330243
0.776 -0.325563
0.777 -0.321012
0.778 -0.316592
0.779 -0.312305
0.78 -0.308154
0.781 -0.30414
0.782 -0.300267
0.783 -0.296535
0.784 -0.292948
0.785 -0.289508
0.786 -0.286216
0.787 -0.283074
0.788 -0.280086
0.789 -0.277252
0.79 -0.274575
0.791 -0.272057
0.792 -0.269699
0.793 -0.267504
0.794 -0.265473
0.795 -0.263608
0.796 -0.261911
0.797 -0.260384
0.798 -0.259027
0.799 -0.257843
0.8 -0.256833
0.801 -0.255999
0.802 -0.255342
0.803 -0.254864
0.804 -0.254565
0.805 -0.254447
0.806 -0.254512
0.807 -0.254759
0.808 -0.255192
0.809 -0.255809
0.81 -0.256613
0.811 -0.257604
0.812 -0.258783
0.813 -0.260151
0.814 -0.261709
0.815 -0.263457
0.816 -0.265395
0.817 -0.267525
0.818 -0.269846
0.819 -0.272359
0.82 -0.275064
0.821 -0.277961
0.822 -0.281052
0.823 -0.284334
0.824 -0.28781
0.825 -0.291478
0.826 -0.295338
0.827 -0.299391
0.828 -0.303635
0.829 -0.308071
0.83 -0.312698
0.831 -0.317516
0.832 -0.322524
0.833 -0.327721
0.834 -0.333107
0.835 -0.338681
0.836 -0.344443
0.837 -0.35039
0.838 -0.356523
0.839 -0.36284
0.84 -0.36934
0.841 -0.376022
0.842 -0.382885
0.843 -0.389928
0.844 -0.397148
0.845 -0.404545
0.846 -0.412117
0.847 -0.419864
0.848 -0.427782
0.849 -0.43587
0.85 -0.444128
0.851 -0.452552
0.852 -0.461141
0.853 -0.469894
0.854 -0.478808
0.855 -0.487882
0.856 -0.497113
0.857 -0.5065
0.858 -0.516039
0.859 -0.52573
0.86 -0.53557
0.861 -0.545557
0.862 -0.555688
0.863 -0.565961
0.864 -0.576374
0.865 -0.586925
0.866 -0.59761
0.867 -0.608428
0.868 -0.619377
0.869 -0.630453
0.87 -0.641654
0.871 -0.652978
0.872 -0.664422
0.873 -0.675983
0.874 -0.687659
0.875 -0.699448
0.876 -0.711346
0.877 -0.723351
0.878 -0.735461
0.879 -0.747672
0.88 -0.759982
0.881 -0.772388
0.882 -0.784888
0.883 -0.797479
0.884 -0.810158
0.885 -0.822922
0.886 -0.83577
0.887 -0.848697
0.888 -0.861702
0.889 -0.874781
0.89 -0.887933
0.891 -0.901153
0.892 -0.914441
0.893 -0.927792
0.894 -0.941205
0.895 -0.954676
0.896 -0.968204
0.897 -0.981785
0.898 -0.995417
0.899 -1.0091
0.9 -1.02282
0.901 -1.03659
0.902 -1.0504
0.903 -1.06425
0.904 -1.07813
0.905 -1.09205
0.906 -1.106
0.907 -1.11998
0.908 -1.13398
0.909 -1.14801
0.91 -1.16205
0.911 -1.17612
0.912 -1.19021
0.913 -1.20431
0.914 -1.21842
0.915 -1.23254
0.916 -1.24667
0.917 -1.26081
0.918 -1.27495
0.919 -1.28909
0.92 -1.30323
0.921 -1.31737
0.922 -1.33151
0.923 -1.34564
0.924 -1.35976
0.925 -1.37388
0.926 -1.38798
0.927 -1.40207
0.928 -1.41615
0.929 -1.43021
0.93 -1.44425
0.931 -1.45827
0.932 -1.47227
0.933 -1.48625
0.934 -1.5002
0.935 -1.51413
0.936 -1.52803
0.937 -1.5419
0.938 -1.55575
0.939 -1.56956
0.94 -1.58334
0.941 -1.59708
0.942 -1.61079
0.943 -1.62447
0.944 -1.6381
0.945 -1.6517
0.946 -1.66526
0.947 -1.67878
0.948 -1.69226
0.949 -1.70569
0.95 -1.71908
0.951 -1.73243
0.952 -1.74573
0.953 -1.75898
0.954 -1.77219
0.955 -1.78535
0.956 -1.79846
0.957 -1.81153
0.958 -1.82454
0.959 -1.8375
0.96 -1.85041
0.961 -1.86327
0.962 -1.87607
0.963 -1.88883
0.964 -1.90152
0.965 -1.91417
0.966 -1.92676
0.967 -1.93929
0.968 -1.95177
0.969 -1.96419
0.97 -1.97656
0.971 -1.98887
0.972 -2.00112
0.973 -2.01332
0.974 -2.02545
0.975 -2.03753
0.976 -2.04955
0.977 -2.06152
0.978 -2.07342
0.979 -2.08526
0.98 -2.09705
0.981 -2.10877
0.982 -2.12044
0.983 -2.13205
0.984 -2.14359
0.985 -2.15508
0.986 -2.16651
0.987 -2.17787
0.988 -2.18918
0.989 -2.20043
0.99 -2.21161
0.991 -2.22274
0.992 -2.23381
0.993 -2.24481
0.994 -2.25576
0.995 -2.26665
0.996 -2.27747
0.997 -2.28824
0.998 -2.29895
0.999 -2.3096
1 -2.32019
1.001 -10
