0 5
0.001 3.42374
0.002 3.42078
0.003 3.41781
0.004 3.41485
0.005 3.4119
0.006 3.40894
0.007 3.406
0.008 3.40305
0.009 3.40011
0.01 3.39718
0.011 3.39425
0.012 3.39132
0.013 3.3884
0.014 3.38549
0.015 3.38258
0.016 3.37968
0.017 3.37679
0.018 3.3739
0.019 3.37102
0.02 3.36815
0.021 3.36529
0.022 3.36243
0.023 3.35958
0.024 3.35674
0.025 3.35391
0.026 3.35109
0.027 3.34828
0.028 3.34548
0.029 3.34269
0.03 3.33991
0.031 3.33714
0.032 3.33438
0.033 3.33163
0.034 3.32889
0.035 3.32617
0.036 3.32345
0.037 3.32075
0.038 3.31807
0.039 3.31539
0.04 3.31273
0.041 3.31008
0.042 3.30744
0.043 3.30482
0.044 3.30221
0.045 3.29962
0.046 3.29704
0.047 3.29448
0.048 3.29193
0.049 3.2894
0.05 3.28688
0.051 3.28438
0.052 3.28189
0.053 3.27943
0.054 3.27697
0.055 3.27454
0.056 3.27212
0.057 3.26972
0.058 3.26733
0.059 3.26497
0.06 3.26262
0.061 3.26029
0.062 3.25798
0.063 3.25569
0.064 3.25341
0.065 3.25115
0.066 3.24892
0.067 3.2467
0.068 3.2445
0.069 3.24232
0.07 3.24017
0.071 3.23803
0.072 3.23591
0.073 3.23381
0.074 3.23173
0.075 3.22968
0.076 3.22764
0.077 3.22562
0.078 3.22363
0.079 3.22165
0.08 3.2197
0.081 3.21777
0.082 3.21586
0.083 3.21397
0.084 3.2121
0.085 3.21026
0.086 3.20843
0.087 3.20663
0.088 3.20485
0.089 3.20309
0.09 3.20136
0.091 3.19964
0.092 3.19795
0.093 3.19628
0.094 3.19464
0.095 3.19301
0.096 3.19141
0.097 3.18983
0.098 3.18827
0.099 3.18673
0.1 3.18522
0.101 3.18373
0.102 3.18226
0.103 3.18082
0.104 3.17939
0.105 3.17799
0.106 3.17662
0.107 3.17526
0.108 3.17393
0.109 3.17261
0.11 3.17133
0.111 3.17006
0.112 3.16881
0.113 3.16759
0.114 3.16639
0.115 3.16521
0.116 3.16406
0.117 3.16292
0.118 3.16181
0.119 3.16072
0.12 3.15965
0.121 3.15861
0.122 3.15758
0.123 3.15658
0.124 3.1556
0.125 3.15464
0.126 3.1537
0.127 3.15278
0.128 3.15188
0.129 3.15101
0.13 3.15015
0.131 3.14932
0.132 3.1485
0.133 3.14771
0.134 3.14694
0.135 3.14618
0.136 3.14545
0.137 3.14474
0.138 3.14404
0.139 3.14337
0.14 3.14272
0.141 3.14209
0.142 3.14147
0.143 3.14088
0.144 3.1403
0.145 3.13974
0.146 3.1392
0.147 3.13869
0.148 3.13818
0.149 3.1377
0.15 3.13724
0.151 3.13679
0.152 3.13636
0.153 3.13595
0.154 3.13556
0.155 3.13518
0.156 3.13483
0.157 3.13448
0.158 3.13416
0.159 3.13385
0.16 3.13356
0.161 3.13329
0.162 3.13303
0.163 3.13279
0.164 3.13257
0.165 3.13236
0.166 3.13216
0.167 3.13199
0.168 3.13182
0.169 3.13168
0.17 3.13154
0.171 3.13143
0.172 3.13132
0.173 3.13124
0.174 3.13116
0.175 3.1311
0.176 3.13106
0.177 3.13103
0.178 3.13101
0.179 3.13101
0.18 3.13102
0.181 3.13104
0.182 3.13108
0.183 3.13113
0.184 3.13119
0.185 3.13127
0.186 3.13136
0.187 3.13146
0.188 3.13157
0.189 3.13169
0.19 3.13183
0.191 3.13198
0.192 3.13214
0.193 3.13231
0.194 3.1325
0.195 3.13269
0.196 3.1329
0.197 3.13311
0.198 3.13334
0.199 3.13358
0.2 3.13383
0.201 3.13409
0.202 3.13436
0.203 3.13464
0.204 3.13493
0.205 3.13523
0.206 3.13554
0.207 3.13586
0.208 3.13618
0.209 3.13652
0.21 3.13687
0.211 3.13723
0.212 3.13759
0.213 3.13797
0.214 3.13835
0.215 3.13874
0.216 3.13914
0.217 3.13955
0.218 3.13996
0.219 3.14039
0.22 3.14082
0.221 3.14126
0.222 3.14171
0.223 3.14217
0.224 3.14263
0.225 3.1431
0.226 3.14358
0.227 3.14407
0.228 3.14456
0.229 3.14506
0.23 3.14557
0.231 3.14608
0.232 3.1466
0.233 3.14713
0.234 3.14766
0.235 3.1482
0.236 3.14875
0.237 3.1493
0.238 3.14986
0.239 3.15043
0.24 3.151
0.241 3.15158
0.242 3.15216
0.243 3.15275
0.244 3.15334
0.245 3.15394
0.246 3.15455
0.247 3.15516
0.248 3.15577
0.249 3.15639
0.25 3.15702
0.251 3.15765
0.252 3.15829
0.253 3.15893
0.254 3.15957
0.255 3.16023
0.256 3.16088
0.257 3.16154
0.258 3.16221
0.259 3.16287
0.26 3.16355
0.261 3.16423
0.262 3.16491
0.263 3.16559
0.264 3.16628
0.265 3.16698
0.266 3.16768
0.267 3.16838
0.268 3.16908
0.269 3.16979
0.27 3.17051
0.271 3.17122
0.272 3.17194
0.273 3.17267
0.274 3.1734
0.275 3.17413
0.276 3.17486
0.277 3.1756
0.278 3.17634
0.279 3.17708
0.28 3.17783
0.281 3.17858
0.282 3.17933
0.283 3.18009
0.284 3.18085
0.285 3.18161
0.286 3.18238
0.287 3.18314
0.288 3.18391
0.289 3.18468
0.29 3.18546
0.291 3.18624
0.292 3.18702
0.293 3.1878
0.294 3.18858
0.295 3.18937
0.296 3.19016
0.297 3.19095
0.298 3.19175
0.299 3.19254
0.3 3.19334
0.301 3.19414
0.302 3.19494
0.303 3.19574
0.304 3.19655
0.305 3.19736
0.306 3.19817
0.307 3.19898
0.308 3.19979
0.309 3.2006
0.31 3.20142
0.311 3.20224
0.312 3.20306
0.313 3.20388
0.314 3.2047
0.315 3.20552
0.316 3.20634
0.317 3.20717
0.318 3.208
0.319 3.20883
0.32 3.20965
0.321 3.21048
0.322 3.21132
0.323 3.21215
0.324 3.21298
0.325 3.21382
0.326 3.21465
0.327 3.21549
0.328 3.21633
0.329 3.21716
0.33 3.218
0.331 3.21884
0.332 3.21968
0.333 3.22052
0.334 3.22136
0.335 3.22221
0.336 3.22305
0.337 3.22389
0.338 3.22474
0.339 3.22558
0.34 3.22642
0.341 3.22727
0.342 3.22811
0.343 3.22896
0.344 3.2298
0.345 3.23065
0.346 3.2315
0.347 3.23234
0.348 3.23319
0.349 3.23404
0.35 3.23488
0.351 3.23573
0.352 3.23658
0.353 3.23742
0.354 3.23827
0.355 3.23911
0.356 3.23996
0.357 3.24081
0.358 3.24165
0.359 3.2425
0.36 3.24334
0.361 3.24419
0.362 3.24503
0.363 3.24588
0.364 3.24672
0.365 3.24757
0.366 3.24841
0.367 3.24925
0.368 3.25009
0.369 3.25094
0.37 3.25178
0.371 3.25262
0.372 3.25346
0.373 3.2543
0.374 3.25514
0.375 3.25597
0.376 3.25681
0.377 3.25765
0.378 3.25849
0.379 3.25932
0.38 3.26016
0.381 3.26099
0.382 3.26182
0.383 3.26265
0.384 3.26349
0.385 3.26432
0.386 3.26515
0.387 3.26597
0.388 3.2668
0.389 3.26763
0.39 3.26845
0.391 3.26928
0.392 3.2701
0.393 3.27092
0.394 3.27174
0.395 3.27257
0.396 3.27338
0.397 3.2742
0.398 3.27502
0.399 3.27583
0.4 3.27665
0.401 3.27746
0.402 3.27827
0.403 3.27908
0.404 3.27989
0.405 3.2807
0.406 3.28151
0.407 3.28232
0.408 3.28312
0.409 3.28392
0.41 3.28472
0.411 3.28552
0.412 3.28632
0.413 3.28712
0.414 3.28792
0.415 3.28871
0.416 3.2895
0.417 3.2903
0.418 3.29109
0.419 3.29188
0.42 3.29266
0.421 3.29345
0.422 3.29423
0.423 3.29502
0.424 3.2958
0.425 3.29658
0.426 3.29736
0.427 3.29813
0.428 3.29891
0.429 3.29968
0.43 3.30045
0.431 3.30122
0.432 3.30199
0.433 3.30276
0.434 3.30353
0.435 3.30429
0.436 3.30505
0.437 3.30581
0.438 3.30657
0.439 3.30733
0.44 3.30809
0.441 3.30884
0.442 3.30959
0.443 3.31035
0.444 3.3111
0.445 3.31184
0.446 3.31259
0.447 3.31333
0.448 3.31408
0.449 3.31482
0.45 3.31556
0.451 3.31629
0.452 3.31703
0.453 3.31776
0.454 3.3185
0.455 3.31923
0.456 3.31996
0.457 3.32069
0.458 3.32141
0.459 3.32214
0.46 3.32286
0.461 3.32358
0.462 3.3243
0.463 3.32502
0.464 3.32573
0.465 3.32644
0.466 3.32716
0.467 3.32787
0.468 3.32858
0.469 3.32928
0.47 3.32999
0.471 3.33069
0.472 3.3314
0.473 3.3321
0.474 3.33279
0.475 3.33349
0.476 3.33419
0.477 3.33488
0.478 3.33557
0.479 3.33626
0.48 3.33695
0.481 3.33764
0.482 3.33832
0.483 3.33901
0.484 3.33969
0.485 3.34037
0.486 3.34105
0.487 3.34172
0.488 3.3424
0.489 3.34307
0.49 3.34375
0.491 3.34442
0.492 3.34508
0.493 3.34575
0.494 3.34642
0.495 3.34708
0.496 3.34774
0.497 3.3484
0.498 3.34906
0.499 3.34972
0.5 3.35038
0.501 3.35103
0.502 3.35168
0.503 3.35233
0.504 3.35298
0.505 3.35363
0.506 3.35428
0.507 3.35492
0.508 3.35557
0.509 3.35621
0.51 3.35685
0.511 3.35749
0.512 3.35812
0.513 3.35876
0.514 3.35939
0.515 3.36003
0.516 3.36066
0.517 3.36129
0.518 3.36191
0.519 3.36254
0.52 3.36317
0.521 3.36379
0.522 3.36441
0.523 3.36503
0.524 3.36565
0.525 3.36627
0.526 3.36689
0.527 3.3675
0.528 3.36811
0.529 3.36873
0.53 3.36934
0.531 3.36995
0.532 3.37055
0.533 3.37116
0.534 3.37177
0.535 3.37237
0.536 3.37297
0.537 3.37357
0.538 3.37417
0.539 3.37477
0.54 3.37537
0.541 3.37597
0.542 3.37656
0.543 3.37715
0.544 3.37774
0.545 3.37834
0.546 3.37892
0.547 3.37951
0.548 3.3801
0.549 3.38068
0.55 3.38127
0.551 3.38185
0.552 3.38243
0.553 3.38301
0.554 3.38359
0.555 3.38417
0.556 3.38475
0.557 3.38532
0.558 3.3859
0.559 3.38647
0.56 3.38704
0.561 3.38762
0.562 3.38818
0.563 3.38875
0.564 3.38932
0.565 3.38989
0.566 3.39045
0.567 3.39102
0.568 3.39158
0.569 3.39214
0.57 3.3927
0.571 3.39326
0.572 3.39382
0.573 3.39438
0.574 3.39493
0.575 3.39549
0.576 3.39604
0.577 3.3966
0.578 3.39715
0.579 3.3977
0.58 3.39825
0.581 3.3988
0.582 3.39935
0.583 3.39989
0.584 3.40044
0.585 3.40098
0.586 3.40153
0.587 3.40207
0.588 3.40261
0.589 3.40315
0.59 3.40369
0.591 3.40423
0.592 3.40477
0.593 3.40531
0.594 3.40584
0.595 3.40638
0.596 3.40691
0.597 3.40744
0.598 3.40798
0.599 3.40851
0.6 3.40904
0.601 3.40957
0.602 3.41009
0.603 3.41062
0.604 3.41115
0.605 3.41167
0.606 3.4122
0.607 3.41272
0.608 3.41324
0.609 3.41376
0.61 3.41428
0.611 3.4148
0.612 3.41532
0.613 3.41584
0.614 3.41636
0.615 3.41687
0.616 3.41739
0.617 3.4179
0.618 3.41842
0.619 3.41893
0.62 3.41944
0.621 3.41995
0.622 3.42046
0.623 3.42097
0.624 3.42148
0.625 3.42198
0.626 3.42249
0.627 3.42299
0.628 3.4235
0.629 3.424
0.63 3.4245
0.631 3.425
0.632 3.4255
0.633 3.426
0.634 3.4265
0.635 3.42699
0.636 3.42749
0.637 3.42798
0.638 3.42848
0.639 3.42897
0.64 3.42946
0.641 3.42995
0.642 3.43044
0.643 3.43093
0.644 3.43142
0.645 3.4319
0.646 3.43239
0.647 3.43287
0.648 3.43335
0.649 3.43383
0.65 3.43431
0.651 3.43479
0.652 3.43527
0.653 3.43575
0.654 3.43622
0.655 3.4367
0.656 3.43717
0.657 3.43764
0.658 3.43811
0.659 3.43858
0.66 3.43904
0.661 3.43951
0.662 3.43997
0.663 3.44044
0.664 3.4409
0.665 3.44136
0.666 3.44181
0.667 3.44227
0.668 3.44273
0.669 3.44318
0.67 3.44363
0.671 3.44408
0.672 3.44453
0.673 3.44497
0.674 3.44542
0.675 3.44586
0.676 3.4463
0.677 3.44674
0.678 3.44717
0.679 3.44761
0.68 3.44804
0.681 3.44847
0.682 3.4489
0.683 3.44932
0.684 3.44975
0.685 3.45017
0.686 3.45058
0.687 3.451
0.688 3.45141
0.689 3.45182
0.69 3.45223
0.691 3.45264
0.692 3.45304
0.693 3.45344
0.694 3.45384
0.695 3.45423
0.696 3.45462
0.697 3.45501
0.698 3.45539
0.699 3.45577
0.7 3.45615
0.701 3.45653
0.702 3.4569
0.703 3.45727
0.704 3.45763
0.705 3.45799
0.706 3.45835
0.707 3.4587
0.708 3.45905
0.709 3.45939
0.71 3.45973
0.711 3.46007
0.712 3.4604
0.713 3.46073
0.714 3.46105
0.715 3.46137
0.716 3.46168
0.717 3.46199
0.718 3.4623
0.719 3.46259
0.72 3.46289
0.721 3.46318
0.722 3.46346
0.723 3.46374
0.724 3.46401
0.725 3.46427
0.726 3.46453
0.727 3.46479
0.728 3.46504
0.729 3.46528
0.73 3.46551
0.731 3.46574
0.732 3.46597
0.733 3.46618
0.734 3.46639
0.735 3.46659
0.736 3.46679
0.737 3.46697
0.738 3.46715
0.739 3.46733
0.74 3.46749
0.741 3.46765
0.742 3.4678
0.743 3.46794
0.744 3.46807
0.745 3.46819
0.746 3.46831
0.747 3.46841
0.748 3.46851
0.749 3.4686
0.75 3.46868
0.751 3.46875
0.752 3.46881
0.753 3.46886
0.754 3.4689
0.755 3.46893
0.756 3.46895
0.757 3.46896
0.758 3.46896
0.759 3.46895
0.76 3.46892
0.761 3.46889
0.762 3.46885
0.763 3.46879
0.764 3.46872
0.765 3.46864
0.766 3.46855
0.767 3.46845
0.768 3.46833
0.769 3.4682
0.77 3.46806
0.771 3.46791
0.772 3.46774
0.773 3.46756
0.774 3.46737
0.775 3.46717
0.776 3.46695
0.777 3.46671
0.778 3.46646
0.779 3.4662
0.78 3.46593
0.781 3.46564
0.782 3.46533
0.783 3.46501
0.784 3.46468
0.785 3.46433
0.786 3.46397
0.787 3.46359
0.788 3.46319
0.789 3.46278
0.79 3.46235
0.791 3.46191
0.792 3.46145
0.793 3.46098
0.794 3.46049
0.795 3.45998
0.796 3.45946
0.797 3.45892
0.798 3.45836
0.799 3.45779
0.8 3.4572
0.801 3.45659
0.802 3.45596
0.803 3.45532
0.804 3.45466
0.805 3.45398
0.806 3.45329
0.807 3.45258
0.808 3.45185
0.809 3.4511
0.81 3.45033
0.811 3.44955
0.812 3.44875
0.813 3.44793
0.814 3.44709
0.815 3.44624
0.816 3.44537
0.817 3.44447
0.818 3.44357
0.819 3.44264
0.82 3.44169
0.821 3.44073
0.822 3.43975
0.823 3.43875
0.824 3.43773
0.825 3.4367
0.826 3.43564
0.827 3.43457
0.828 3.43348
0.829 3.43237
0.83 3.43125
0.831 3.43011
0.832 3.42895
0.833 3.42777
0.834 3.42657
0.835 3.42536
0.836 3.42413
0.837 3.42289
0.838 3.42162
0.839 3.42034
0.84 3.41905
0.841 3.41773
0.842 3.4164
0.843 3.41506
0.844 3.41369
0.845 3.41232
0.846 3.41092
0.847 3.40951
0.848 3.40809
0.849 3.40665
0.85 3.40519
0.851 3.40372
0.852 3.40224
0.853 3.40074
0.854 3.39923
0.855 3.3977
0.856 3.39616
0.857 3.39461
0.858 3.39304
0.859 3.39146
0.86 3.38987
0.861 3.38827
0.862 3.38665
0.863 3.38502
0.864 3.38338
0.865 3.38173
0.866 3.38007
0.867 3.3784
0.868 3.37672
0.869 3.37502
0.87 3.37332
0.871 3.37161
0.872 3.36989
0.873 3.36816
0.874 3.36642
0.875 3.36468
0.876 3.36293
0.877 3.36117
0.878 3.3594
0.879 3.35763
0.88 3.35584
0.881 3.35406
0.882 3.35227
0.883 3.35047
0.884 3.34867
0.885 3.34686
0.886 3.34505
0.887 3.34323
0.888 3.34142
0.889 3.33959
0.89 3.33777
0.891 3.33594
0.892 3.33411
0.893 3.33228
0.894 3.33045
0.895 3.32862
0.896 3.32678
0.897 3.32495
0.898 3.32311
0.899 3.32128
0.9 3.31945
0.901 3.31761
0.902 3.31578
0.903 3.31395
0.904 3.31213
0.905 3.3103
0.906 3.30848
0.907 3.30666
0.908 3.30484
0.909 3.30303
0.91 3.30122
0.911 3.29941
0.912 3.29761
0.913 3.29582
0.914 3.29403
0.915 3.29224
0.916 3.29046
0.917 3.28869
0.918 3.28692
0.919 3.28516
0.92 3.28341
0.921 3.28166
0.922 3.27992
0.923 3.27819
0.924 3.27647
0.925 3.27475
0.926 3.27304
0.927 3.27134
0.928 3.26965
0.929 3.26797
0.93 3.2663
0.931 3.26464
0.932 3.26298
0.933 3.26134
0.934 3.2597
0.935 3.25808
0.936 3.25647
0.937 3.25487
0.938 3.25327
0.939 3.25169
0.94 3.25012
0.941 3.24856
0.942 3.24701
0.943 3.24548
0.944 3.24395
0.945 3.24244
0.946 3.24094
0.947 3.23945
0.948 3.23797
0.949 3.23651
0.95 3.23505
0.951 3.23361
0.952 3.23218
0.953 3.23077
0.954 3.22936
0.955 3.22797
0.956 3.22659
0.957 3.22523
0.958 3.22388
0.959 3.22254
0.96 3.22121
0.961 3.2199
0.962 3.2186
0.963 3.21731
0.964 3.21603
0.965 3.21477
0.966 3.21352
0.967 3.21229
0.968 3.21107
0.969 3.20986
0.97 3.20866
0.971 3.20748
0.972 3.20631
0.973 3.20515
0.974 3.20401
0.975 3.20288
0.976 3.20176
0.977 3.20065
0.978 3.19956
0.979 3.19848
0.98 3.19742
0.981 3.19636
0.982 3.19532
0.983 3.1943
0.984 3.19328
0.985 3.19228
0.986 3.19129
0.987 3.19031
0.988 3.18935
0.989 3.1884
0.99 3.18746
0.991 3.18653
0.992 3.18562
0.993 3.18471
0.994 3.18382
0.995 3.18295
0.996 3.18208
0.997 3.18123
0.998 3.18038
0.999 3.17955
1 3.17873
1.001 5
