0 0
0.001 0.378004
0.002 0.384539
0.003 0.39108
0.004 0.397625
0.005 0.404174
0.006 0.410727
0.007 0.417284
0.008 0.423843
0.009 0.430405
0.01 0.43697
0.011 0.443536
0.012 0.450104
0.013 0.456672
0.014 0.463242
0.015 0.469811
0.016 0.47638
0.017 0.482949
0.018 0.489517
0.019 0.496084
0.02 0.502648
0.021 0.509211
0.022 0.515771
0.023 0.522327
0.024 0.528881
0.025 0.535431
0.026 0.541976
0.027 0.548517
0.028 0.555053
0.029 0.561583
0.03 0.568108
0.031 0.574626
0.032 0.581138
0.033 0.587643
0.034 0.59414
0.035 0.60063
0.036 0.607112
0.037 0.613585
0.038 0.620049
0.039 0.626503
0.04 0.632948
0.041 0.639384
0.042 0.645808
0.043 0.652222
0.044 0.658625
0.045 0.665016
0.046 0.671395
0.047 0.677763
0.048 0.684117
0.049 0.690459
0.05 0.696788
0.051 0.703103
0.052 0.709404
0.053 0.715692
0.054 0.721964
0.055 0.728223
0.056 0.734465
0.057 0.740693
0.058 0.746905
0.059 0.753101
0.06 0.759281
0.061 0.765445
0.062 0.771592
0.063 0.777722
0.064 0.783834
0.065 0.78993
0.066 0.796007
0.067 0.802067
0.068 0.808109
0.069 0.814132
0.07 0.820137
0.071 0.826123
0.072 0.83209
0.073 0.838038
0.074 0.843967
0.075 0.849877
0.076 0.855767
0.077 0.861637
0.078 0.867487
0.079 0.873318
0.08 0.879128
0.081 0.884918
0.082 0.890687
0.083 0.896436
0.084 0.902165
0.085 0.907873
0.086 0.91356
0.087 0.919226
0.088 0.924872
0.089 0.930496
0.09 0.9361
0.091 0.941682
0.092 0.947243
0.093 0.952783
0.094 0.958302
0.095 0.9638
0.096 0.969276
0.097 0.974732
0.098 0.980166
0.099 0.985579
0.1 0.99097
0.101 0.996341
0.102 1.00169
0.103 1.00702
0.104 1.01233
0.105 1.01761
0.106 1.02288
0.107 1.02812
0.108 1.03334
0.109 1.03855
0.11 1.04373
0.111 1.04889
0.112 1.05403
0.113 1.05915
0.114 1.06425
0.115 1.06933
0.116 1.07438
0.117 1.07942
0.118 1.08444
0.119 1.08944
0.12 1.09442
0.121 1.09938
0.122 1.10432
0.123 1.10924
0.124 1.11414
0.125 1.11902
0.126 1.12388
0.127 1.12872
0.128 1.13355
0.129 1.13835
0.13 1.14314
0.131 1.14791
0.132 1.15266
0.133 1.15739
0.134 1.1621
0.135 1.1668
0.136 1.17148
0.137 1.17614
0.138 1.18078
0.139 1.18541
0.14 1.19002
0.141 1.19461
0.142 1.19919
0.143 1.20375
0.144 1.2083
0.145 1.21282
0.146 1.21733
0.147 1.22183
0.148 1.22631
0.149 1.23078
0.15 1.23523
0.151 1.23966
0.152 1.24408
0.153 1.24848
0.154 1.25287
0.155 1.25725
0.156 1.26161
0.157 1.26596
0.158 1.27029
0.159 1.27461
0.16 1.27892
0.161 1.28321
0.162 1.28749
0.163 1.29176
0.164 1.29602
0.165 1.30026
0.166 1.30449
0.167 1.3087
0.168 1.31291
0.169 1.3171
0.17 1.32128
0.171 1.32545
0.172 1.32961
0.173 1.33376
0.174 1.3379
0.175 1.34202
0.176 1.34614
0.177 1.35024
0.178 1.35434
0.179 1.35842
0.18 1.36249
0.181 1.36656
0.182 1.37061
0.183 1.37466
0.184 1.37869
0.185 1.38272
0.186 1.38674
0.187 1.39074
0.188 1.39474
0.189 1.39873
0.19 1.40272
0.191 1.40669
0.192 1.41066
0.193 1.41462
0.194 1.41857
0.195 1.42251
0.196 1.42645
0.197 1.43037
0.198 1.43429
0.199 1.43821
0.2 1.44212
0.201 1.44602
0.202 1.44991
0.203 1.4538
0.204 1.45768
0.205 1.46155
0.206 1.46542
0.207 1.46929
0.208 1.47314
0.209 1.477
0.21 1.48084
0.211 1.48468
0.212 1.48852
0.213 1.49235
0.214 1.49618
0.215 1.5
0.216 1.50381
0.217 1.50763
0.218 1.51143
0.219 1.51524
0.22 1.51904
0.221 1.52283
0.222 1.52662
0.223 1.53041
0.224 1.53419
0.225 1.53797
0.226 1.54175
0.227 1.54553
0.228 1.5493
0.229 1.55306
0.23 1.55683
0.231 1.56059
0.232 1.56435
0.233 1.5681
0.234 1.57186
0.235 1.57561
0.236 1.57936
0.237 1.58311
0.238 1.58685
0.239 1.59059
0.24 1.59433
0.241 1.59807
0.242 1.60181
0.243 1.60555
0.244 1.60928
0.245 1.61302
0.246 1.61675
0.247 1.62048
0.248 1.62421
0.249 1.62794
0.25 1.63167
0.251 1.63539
0.252 1.63912
0.253 1.64284
0.254 1.64657
0.255 1.6503
0.256 1.65402
0.257 1.65774
0.258 1.66147
0.259 1.66519
0.26 1.66892
0.261 1.67264
0.262 1.67637
0.263 1.68009
0.264 1.68382
0.265 1.68754
0.266 1.69127
0.267 1.69499
0.268 1.69872
0.269 1.70245
0.27 1.70618
0.271 1.70991
0.272 1.71364
0.273 1.71737
0.274 1.7211
0.275 1.72484
0.276 1.72857
0.277 1.73231
0.278 1.73605
0.279 1.73979
0.28 1.74353
0.281 1.74727
0.282 1.75101
0.283 1.75476
0.284 1.75851
0.285 1.76226
0.286 1.76601
0.287 1.76976
0.288 1.77351
0.289 1.77727
0.29 1.78103
0.291 1.78479
0.292 1.78855
0.293 1.79232
0.294 1.79609
0.295 1.79986
0.296 1.80363
0.297 1.80741
0.298 1.81118
0.299 1.81496
0.3 1.81875
0.301 1.82253
0.302 1.82632
0.303 1.83011
0.304 1.83391
0.305 1.8377
0.306 1.8415
0.307 1.8453
0.308 1.84911
0.309 1.85292
0.31 1.85673
0.311 1.86054
0.312 1.86436
0.313 1.86818
0.314 1.87201
0.315 1.87583
0.316 1.87966
0.317 1.8835
0.318 1.88734
0.319 1.89118
0.32 1.89502
0.321 1.89887
0.322 1.90272
0.323 1.90657
0.324 1.91043
0.325 1.91429
0.326 1.91816
0.327 1.92203
0.328 1.9259
0.329 1.92977
0.33 1.93365
0.331 1.93754
0.332 1.94142
0.333 1.94532
0.334 1.94921
0.335 1.95311
0.336 1.95701
0.337 1.96092
0.338 1.96483
0.339 1.96874
0.34 1.97266
0.341 1.97658
0.342 1.98051
0.343 1.98444
0.344 1.98837
0.345 1.99231
0.346 1.99625
0.347 2.0002
0.348 2.00415
0.349 2.00811
0.35 2.01207
0.351 2.01603
0.352 2.02
0.353 2.02397
0.354 2.02794
0.355 2.03193
0.356 2.03591
0.357 2.0399
0.358 2.04389
0.359 2.04789
0.36 2.05189
0.361 2.0559
0.362 2.05991
0.363 2.06392
0.364 2.06794
0.365 2.07197
0.366 2.076
0.367 2.08003
0.368 2.08407
0.369 2.08811
0.37 2.09216
0.371 2.09621
0.372 2.10027
0.373 2.10433
0.374 2.10839
0.375 2.11246
0.376 2.11654
0.377 2.12062
0.378 2.1247
0.379 2.12879
0.38 2.13289
0.381 2.13698
0.382 2.14109
0.383 2.1452
0.384 2.14931
0.385 2.15343
0.386 2.15755
0.387 2.16168
0.388 2.16581
0.389 2.16995
0.39 2.17409
0.391 2.17824
0.392 2.18239
0.393 2.18655
0.394 2.19072
0.395 2.19488
0.396 2.19906
0.397 2.20324
0.398 2.20742
0.399 2.21161
0.4 2.21581
0.401 2.22001
0.402 2.22421
0.403 2.22842
0.404 2.23264
0.405 2.23686
0.406 2.24109
0.407 2.24532
0.408 2.24956
0.409 2.2538
0.41 2.25805
0.411 2.2623
0.412 2.26656
0.413 2.27083
0.414 2.2751
0.415 2.27938
0.416 2.28366
0.417 2.28795
0.418 2.29225
0.419 2.29655
0.42 2.30086
0.421 2.30517
0.422 2.30949
0.423 2.31381
0.424 2.31815
0.425 2.32248
0.426 2.32683
0.427 2.33118
0.428 2.33553
0.429 2.3399
0.43 2.34427
0.431 2.34864
0.432 2.35302
0.433 2.35741
0.434 2.36181
0.435 2.36621
0.436 2.37062
0.437 2.37504
0.438 2.37946
0.439 2.38389
0.44 2.38832
0.441 2.39277
0.442 2.39722
0.443 2.40168
0.444 2.40614
0.445 2.41061
0.446 2.41509
0.447 2.41958
0.448 2.42407
0.449 2.42857
0.45 2.43308
0.451 2.4376
0.452 2.44213
0.453 2.44666
0.454 2.4512
0.455 2.45575
0.456 2.4603
0.457 2.46487
0.458 2.46944
0.459 2.47402
0.46 2.47861
0.461 2.48321
0.462 2.48781
0.463 2.49243
0.464 2.49705
0.465 2.50168
0.466 2.50632
0.467 2.51097
0.468 2.51563
0.469 2.5203
0.47 2.52497
0.471 2.52966
0.472 2.53435
0.473 2.53906
0.474 2.54377
0.475 2.54849
0.476 2.55323
0.477 2.55797
0.478 2.56272
0.479 2.56748
0.48 2.57226
0.481 2.57704
0.482 2.58183
0.483 2.58663
0.484 2.59145
0.485 2.59627
0.486 2.60111
0.487 2.60595
0.488 2.61081
0.489 2.61567
0.49 2.62055
0.491 2.62544
0.492 2.63034
0.493 2.63525
0.494 2.64018
0.495 2.64511
0.496 2.65006
0.497 2.65502
0.498 2.65999
0.499 2.66497
0.5 2.66997
0.501 2.67497
0.502 2.67999
0.503 2.68503
0.504 2.69007
0.505 2.69513
0.506 2.7002
0.507 2.70528
0.508 2.71038
0.509 2.71549
0.51 2.72062
0.511 2.72575
0.512 2.7309
0.513 2.73607
0.514 2.74125
0.515 2.74644
0.516 2.75165
0.517 2.75687
0.518 2.76211
0.519 2.76736
0.52 2.77263
0.521 2.77791
0.522 2.7832
0.523 2.78852
0.524 2.79384
0.525 2.79919
0.526 2.80455
0.527 2.80992
0.528 2.81531
0.529 2.82072
0.53 2.82614
0.531 2.83158
0.532 2.83704
0.533 2.84251
0.534 2.848
0.535 2.85351
0.536 2.85904
0.537 2.86458
0.538 2.87014
0.539 2.87572
0.54 2.88131
0.541 2.88693
0.542 2.89256
0.543 2.89821
0.544 2.90388
0.545 2.90957
0.546 2.91528
0.547 2.92101
0.548 2.92676
0.549 2.93252
0.55 2.93831
0.551 2.94412
0.552 2.94994
0.553 2.95579
0.554 2.96166
0.555 2.96755
0.556 2.97346
0.557 2.97939
0.558 2.98534
0.559 2.99132
0.56 2.99731
0.561 3.00333
0.562 3.00937
0.563 3.01543
0.564 3.02152
0.565 3.02763
0.566 3.03376
0.567 3.03991
0.568 3.04609
0.569 3.05229
0.57 3.05851
0.571 3.06476
0.572 3.07104
0.573 3.07734
0.574 3.08366
0.575 3.09001
0.576 3.09638
0.577 3.10278
0.578 3.1092
0.579 3.11565
0.58 3.12213
0.581 3.12863
0.582 3.13516
0.583 3.14171
0.584 3.1483
0.585 3.1549
0.586 3.16154
0.587 3.16821
0.588 3.1749
0.589 3.18162
0.59 3.18837
0.591 3.19515
0.592 3.20196
0.593 3.20879
0.594 3.21566
0.595 3.22255
0.596 3.22948
0.597 3.23643
0.598 3.24342
0.599 3.25043
0.6 3.25748
0.601 3.26456
0.602 3.27167
0.603 3.27881
0.604 3.28599
0.605 3.29319
0.606 3.30043
0.607 3.3077
0.608 3.315
0.609 3.32234
0.61 3.32971
0.611 3.33711
0.612 3.34455
0.613 3.35203
0.614 3.35953
0.615 3.36707
0.616 3.37465
0.617 3.38226
0.618 3.38991
0.619 3.3976
0.62 3.40532
0.621 3.41307
0.622 3.42087
0.623 3.4287
0.624 3.43656
0.625 3.44447
0.626 3.45241
0.627 3.46039
0.628 3.46841
0.629 3.47647
0.63 3.48456
0.631 3.4927
0.632 3.50088
0.633 3.50909
0.634 3.51735
0.635 3.52564
0.636 3.53398
0.637 3.54235
0.638 3.55077
0.639 3.55923
0.64 3.56773
0.641 3.57628
0.642 3.58486
0.643 3.59349
0.644 3.60216
0.645 3.61087
0.646 3.61963
0.647 3.62843
0.648 3.63727
0.649 3.64616
0.65 3.6551
0.651 3.66407
0.652 3.6731
0.653 3.68216
0.654 3.69128
0.655 3.70044
0.656 3.70964
0.657 3.71889
0.658 3.72819
0.659 3.73753
0.66 3.74692
0.661 3.75636
0.662 3.76585
0.663 3.77538
0.664 3.78497
0.665 3.7946
0.666 3.80428
0.667 3.814
0.668 3.82378
0.669 3.83361
0.67 3.84348
0.671 3.85341
0.672 3.86338
0.673 3.87341
0.674 3.88348
0.675 3.89361
0.676 3.90378
0.677 3.91401
0.678 3.92429
0.679 3.93462
0.68 3.945
0.681 3.95544
0.682 3.96592
0.683 3.97646
0.684 3.98705
0.685 3.9977
0.686 4.00839
0.687 4.01914
0.688 4.02994
0.689 4.0408
0.69 4.0517
0.691 4.06267
0.692 4.07368
0.693 4.08475
0.694 4.09587
0.695 4.10705
0.696 4.11828
0.697 4.12957
0.698 4.14091
0.699 4.1523
0.7 4.16375
0.701 4.17525
0.702 4.18681
0.703 4.19842
0.704 4.21009
0.705 4.22181
0.706 4.23359
0.707 4.24542
0.708 4.25731
0.709 4.26925
0.71 4.28125
0.711 4.2933
0.712 4.30541
0.713 4.31757
0.714 4.32979
0.715 4.34206
0.716 4.35439
0.717 4.36677
0.718 4.3792
0.719 4.39169
0.72 4.40424
0.721 4.41684
0.722 4.42949
0.723 4.4422
0.724 4.45497
0.725 4.46778
0.726 4.48065
0.727 4.49358
0.728 4.50655
0.729 4.51958
0.73 4.53267
0.731 4.54581
0.732 4.55899
0.733 4.57224
0.734 4.58553
0.735 4.59888
0.736 4.61227
0.737 4.62572
0.738 4.63922
0.739 4.65278
0.74 4.66638
0.741 4.68003
0.742 4.69373
0.743 4.70748
0.744 4.72128
0.745 4.73513
0.746 4.74903
0.747 4.76297
0.748 4.77696
0.749 4.791
0.75 4.80509
0.751 4.81922
0.752 4.83339
0.753 4.84762
0.754 4.86188
0.755 4.87619
0.756 4.89055
0.757 4.90494
0.758 4.91938
0.759 4.93386
0.76 4.94839
0.761 4.96295
0.762 4.97755
0.763 4.99219
0.764 5.00687
0.765 5.02159
0.766 5.03635
0.767 5.05114
0.768 5.06597
0.769 5.08083
0.77 5.09573
0.771 5.11066
0.772 5.12562
0.773 5.14062
0.774 5.15564
0.775 5.1707
0.776 5.18579
0.777 5.20091
0.778 5.21605
0.779 5.23122
0.78 5.24642
0.781 5.26164
0.782 5.27689
0.783 5.29216
0.784 5.30745
0.785 5.32276
0.786 5.3381
0.787 5.35345
0.788 5.36883
0.789 5.38422
0.79 5.39963
0.791 5.41505
0.792 5.43049
0.793 5.44594
0.794 5.46141
0.795 5.47688
0.796 5.49237
0.797 5.50787
0.798 5.52337
0.799 5.53888
0.8 5.5544
0.801 5.56993
0.802 5.58545
0.803 5.60099
0.804 5.61652
0.805 5.63205
0.806 5.64759
0.807 5.66312
0.808 5.67865
0.809 5.69417
0.81 5.70969
0.811 5.72521
0.812 5.74071
0.813 5.75621
0.814 5.7717
0.815 5.78718
0.816 5.80264
0.817 5.81809
0.818 5.83353
0.819 5.84895
0.82 5.86436
0.821 5.87974
0.822 5.89511
0.823 5.91046
0.824 5.92579
0.825 5.94109
0.826 5.95637
0.827 5.97162
0.828 5.98685
0.829 6.00205
0.83 6.01722
0.831 6.03236
0.832 6.04747
0.833 6.06255
0.834 6.07759
0.835 6.0926
0.836 6.10757
0.837 6.12251
0.838 6.13741
0.839 6.15226
0.84 6.16708
0.841 6.18186
0.842 6.19659
0.843 6.21128
0.844 6.22592
0.845 6.24052
0.846 6.25507
0.847 6.26957
0.848 6.28402
0.849 6.29842
0.85 6.31277
0.851 6.32707
0.852 6.34131
0.853 6.3555
0.854 6.36963
0.855 6.3837
0.856 6.39772
0.857 6.41167
0.858 6.42557
0.859 6.4394
0.86 6.45318
0.861 6.46689
0.862 6.48053
0.863 6.49411
0.864 6.50762
0.865 6.52107
0.866 6.53445
0.867 6.54776
0.868 6.561
0.869 6.57417
0.87 6.58726
0.871 6.60029
0.872 6.61324
0.873 6.62612
0.874 6.63892
0.875 6.65165
0.876 6.6643
0.877 6.67687
0.878 6.68937
0.879 6.70178
0.88 6.71412
0.881 6.72638
0.882 6.73855
0.883 6.75065
0.884 6.76266
0.885 6.77459
0.886 6.78644
0.887 6.7982
0.888 6.80988
0.889 6.82147
0.89 6.83298
0.891 6.8444
0.892 6.85574
0.893 6.86699
0.894 6.87815
0.895 6.88922
0.896 6.9002
0.897 6.91109
0.898 6.9219
0.899 6.93262
0.9 6.94324
0.901 6.95377
0.902 6.96422
0.903 6.97457
0.904 6.98483
0.905 6.995
0.906 7.00508
0.907 7.01507
0.908 7.02496
0.909 7.03476
0.91 7.04447
0.911 7.05408
0.912 7.06361
0.913 7.07303
0.914 7.08237
0.915 7.09161
0.916 7.10076
0.917 7.10982
0.918 7.11878
0.919 7.12765
0.92 7.13642
0.921 7.1451
0.922 7.15369
0.923 7.16219
0.924 7.17059
0.925 7.1789
0.926 7.18711
0.927 7.19523
0.928 7.20326
0.929 7.2112
0.93 7.21904
0.931 7.22679
0.932 7.23445
0.933 7.24202
0.934 7.2495
0.935 7.25688
0.936 7.26418
0.937 7.27138
0.938 7.27849
0.939 7.28551
0.94 7.29244
0.941 7.29929
0.942 7.30604
0.943 7.3127
0.944 7.31928
0.945 7.32577
0.946 7.33217
0.947 7.33848
0.948 7.3447
0.949 7.35084
0.95 7.3569
0.951 7.36286
0.952 7.36875
0.953 7.37455
0.954 7.38026
0.955 7.38589
0.956 7.39144
0.957 7.3969
0.958 7.40229
0.959 7.40759
0.96 7.41281
0.961 7.41795
0.962 7.42301
0.963 7.42799
0.964 7.43289
0.965 7.43772
0.966 7.44246
0.967 7.44713
0.968 7.45173
0.969 7.45625
0.97 7.46069
0.971 7.46506
0.972 7.46935
0.973 7.47358
0.974 7.47772
0.975 7.4818
0.976 7.48581
0.977 7.48974
0.978 7.49361
0.979 7.49741
0.98 7.50113
0.981 7.50479
0.982 7.50839
0.983 7.51191
0.984 7.51537
0.985 7.51877
0.986 7.5221
0.987 7.52536
0.988 7.52856
0.989 7.5317
0.99 7.53478
0.991 7.5378
0.992 7.54075
0.993 7.54365
0.994 7.54648
0.995 7.54926
0.996 7.55198
0.997 7.55464
0.998 7.55725
0.999 7.5598
1 7.56229
1.001 0
