0 -10
0.001 -6.1797
0.002 -6.16535
0.003 -6.15099
0.004 -6.13662
0.005 -6.12224
0.006 -6.10785
0.007 -6.09346
0.008 -6.07906
0.009 -6.06466
0.01 -6.05025
0.011 -6.03583
0.012 -6.02142
0.013 -6.007
0.014 -5.99258
0.015 -5.97816
0.016 -5.96373
0.017 -5.94931
0.018 -5.9349
0.019 -5.92048
0.02 -5.90607
0.021 -5.89166
0.022 -5.87725
0.023 -5.86286
0.024 -5.84846
0.025 -5.83408
0.026 -5.8197
0.027 -5.80534
0.028 -5.79098
0.029 -5.77663
0.03 -5.76229
0.031 -5.74797
0.032 -5.73366
0.033 -5.71936
0.034 -5.70508
0.035 -5.69081
0.036 -5.67656
0.037 -5.66233
0.038 -5.64811
0.039 -5.63391
0.04 -5.61974
0.041 -5.60558
0.042 -5.59144
0.043 -5.57732
0.044 -5.56323
0.045 -5.54916
0.046 -5.53511
0.047 -5.52109
0.048 -5.50709
0.049 -5.49312
0.05 -5.47918
0.051 -5.46526
0.052 -5.45137
0.053 -5.43751
0.054 -5.42368
0.055 -5.40988
0.056 -5.39611
0.057 -5.38237
0.058 -5.36866
0.059 -5.35499
0.06 -5.34135
0.061 -5.32774
0.062 -5.31417
0.063 -5.30063
0.064 -5.28713
0.065 -5.27366
0.066 -5.26023
0.067 -5.24684
0.068 -5.23349
0.069 -5.22017
0.07 -5.20689
0.071 -5.19366
0.072 -5.18046
0.073 -5.1673
0.074 -5.15418
0.075 -5.14111
0.076 -5.12807
0.077 -5.11508
0.078 -5.10213
0.079 -5.08922
0.08 -5.07635
0.081 -5.06353
0.082 -5.05075
0.083 -5.03802
0.084 -5.02533
0.085 -5.01268
0.086 -5.00008
0.087 -4.98753
0.088 -4.97502
0.089 -4.96255
0.09 -4.95014
0.091 -4.93776
0.092 -4.92544
0.093 -4.91316
0.094 -4.90092
0.095 -4.88874
0.096 -4.8766
0.097 -4.86451
0.098 -4.85246
0.099 -4.84046
0.1 -4.82851
0.101 -4.81661
0.102 -4.80476
0.103 -4.79295
0.104 -4.78119
0.105 -4.76948
0.106 -4.75781
0.107 -4.7462
0.108 -4.73463
0.109 -4.72311
0.11 -4.71163
0.111 -4.70021
0.112 -4.68883
0.113 -4.6775
0.114 -4.66622
0.115 -4.65499
0.116 -4.6438
0.117 -4.63266
0.118 -4.62157
0.119 -4.61052
0.12 -4.59953
0.121 -4.58858
0.122 -4.57767
0.123 -4.56681
0.124 -4.556
0.125 -4.54524
0.126 -4.53452
0.127 -4.52385
0.128 -4.51323
0.129 -4.50265
0.13 -4.49211
0.131 -4.48162
0.132 -4.47118
0.133 -4.46078
0.134 -4.45043
0.135 -4.44012
0.136 -4.42986
0.137 -4.41964
0.138 -4.40946
0.139 -4.39933
0.14 -4.38924
0.141 -4.3792
0.142 -4.36919
0.143 -4.35923
0.144 -4.34932
0.145 -4.33944
0.146 -4.32961
0.147 -4.31982
0.148 -4.31007
0.149 -4.30036
0.15 -4.2907
0.151 -4.28107
0.152 -4.27148
0.153 -4.26194
0.154 -4.25243
0.155 -4.24297
0.156 -4.23354
0.157 -4.22416
0.158 -4.21481
0.159 -4.2055
0.16 -4.19623
0.161 -4.18699
0.162 -4.1778
0.163 -4.16864
0.164 -4.15952
0.165 -4.15043
0.166 -4.14139
0.167 -4.13237
0.168 -4.1234
0.169 -4.11446
0.17 -4.10556
0.171 -4.09669
0.172 -4.08785
0.173 -4.07905
0.174 -4.07029
0.175 -4.06156
0.176 -4.05286
0.177 -4.04419
0.178 -4.03556
0.179 -4.02696
0.18 -4.0184
0.181 -4.00987
0.182 -4.00136
0.183 -3.9929
0.184 -3.98446
0.185 -3.97605
0.186 -3.96767
0.187 -3.95933
0.188 -3.95101
0.189 -3.94273
0.19 -3.93447
0.191 -3.92625
0.192 -3.91805
0.193 -3.90989
0.194 -3.90175
0.195 -3.89364
0.196 -3.88556
0.197 -3.8775
0.198 -3.86948
0.199 -3.86148
0.2 -3.85351
0.201 -3.84556
0.202 -3.83764
0.203 -3.82975
0.204 -3.82189
0.205 -3.81405
0.206 -3.80623
0.207 -3.79845
0.208 -3.79068
0.209 -3.78295
0.21 -3.77523
0.211 -3.76754
0.212 -3.75988
0.213 -3.75224
0.214 -3.74462
0.215 -3.73703
0.216 -3.72946
0.217 -3.72191
0.218 -3.71439
0.219 -3.70688
0.22 -3.69941
0.221 -3.69195
0.222 -3.68451
0.223 -3.6771
0.224 -3.66971
0.225 -3.66234
0.226 -3.65499
0.227 -3.64766
0.228 -3.64035
0.229 -3.63307
0.23 -3.6258
0.231 -3.61855
0.232 -3.61133
0.233 -3.60412
0.234 -3.59693
0.235 -3.58976
0.236 -3.58261
0.237 -3.57548
0.238 -3.56837
0.239 -3.56128
0.24 -3.55421
0.241 -3.54715
0.242 -3.54011
0.243 -3.53309
0.244 -3.52609
0.245 -3.5191
0.246 -3.51213
0.247 -3.50518
0.248 -3.49825
0.249 -3.49133
0.25 -3.48443
0.251 -3.47755
0.252 -3.47068
0.253 -3.46383
0.254 -3.457
0.255 -3.45018
0.256 -3.44337
0.257 -3.43659
0.258 -3.42981
0.259 -3.42306
0.26 -3.41631
0.261 -3.40959
0.262 -3.40288
0.263 -3.39618
0.264 -3.3895
0.265 -3.38283
0.266 -3.37617
0.267 -3.36954
0.268 -3.36291
0.269 -3.3563
0.27 -3.3497
0.271 -3.34312
0.272 -3.33655
0.273 -3.32999
0.274 -3.32345
0.275 -3.31692
0.276 -3.3104
0.277 -3.3039
0.278 -3.29741
0.279 -3.29093
0.28 -3.28447
0.281 -3.27801
0.282 -3.27157
0.283 -3.26515
0.284 -3.25873
0.285 -3.25233
0.286 -3.24594
0.287 -3.23956
0.288 -3.23319
0.289 -3.22684
0.29 -3.2205
0.291 -3.21417
0.292 -3.20785
0.293 -3.20154
0.294 -3.19524
0.295 -3.18896
0.296 -3.18268
0.297 -3.17642
0.298 -3.17017
0.299 -3.16393
0.3 -3.1577
0.301 -3.15148
0.302 -3.14528
0.303 -3.13908
0.304 -3.1329
0.305 -3.12672
0.306 -3.12056
0.307 -3.11441
0.308 -3.10826
0.309 -3.10213
0.31 -3.09601
0.311 -3.0899
0.312 -3.0838
0.313 -3.07771
0.314 -3.07163
0.315 -3.06556
0.316 -3.0595
0.317 -3.05345
0.318 -3.04741
0.319 -3.04138
0.32 -3.03536
0.321 -3.02935
0.322 -3.02335
0.323 -3.01736
0.324 -3.01138
0.325 -3.00541
0.326 -2.99944
0.327 -2.99349
0.328 -2.98755
0.329 -2.98162
0.33 -2.9757
0.331 -2.96978
0.332 -2.96388
0.333 -2.95799
0.334 -2.9521
0.335 -2.94623
0.336 -2.94036
0.337 -2.9345
0.338 -2.92866
0.339 -2.92282
0.34 -2.91699
0.341 -2.91117
0.342 -2.90536
0.343 -2.89956
0.344 -2.89377
0.345 -2.88798
0.346 -2.88221
0.347 -2.87645
0.348 -2.87069
0.349 -2.86494
0.35 -2.85921
0.351 -2.85348
0.352 -2.84776
0.353 -2.84205
0.354 -2.83635
0.355 -2.83065
0.356 -2.82497
0.357 -2.81929
0.358 -2.81363
0.359 -2.80797
0.36 -2.80232
0.361 -2.79668
0.362 -2.79105
0.363 -2.78543
0.364 -2.77981
0.365 -2.77421
0.366 -2.76861
0.367 -2.76302
0.368 -2.75744
0.369 -2.75187
0.37 -2.74631
0.371 -2.74075
0.372 -2.73521
0.373 -2.72967
0.374 -2.72414
0.375 -2.71862
0.376 -2.71311
0.377 -2.70761
0.378 -2.70211
0.379 -2.69662
0.38 -2.69114
0.381 -2.68567
0.382 -2.68021
0.383 -2.67476
0.384 -2.66931
0.385 -2.66387
0.386 -2.65844
0.387 -2.65302
0.388 -2.64761
0.389 -2.6422
0.39 -2.63681
0.391 -2.63142
0.392 -2.62604
0.393 -2.62066
0.394 -2.6153
0.395 -2.60994
0.396 -2.60459
0.397 -2.59924
0.398 -2.59391
0.399 -2.58858
0.4 -2.58326
0.401 -2.57795
0.402 -2.57265
0.403 -2.56735
0.404 -2.56206
0.405 -2.55678
0.406 -2.55151
0.407 -2.54624
0.408 -2.54098
0.409 -2.53573
0.41 -2.53048
0.411 -2.52524
0.412 -2.52001
0.413 -2.51479
0.414 -2.50957
0.415 -2.50436
0.416 -2.49916
0.417 -2.49397
0.418 -2.48878
0.419 -2.4836
0.42 -2.47842
0.421 -2.47325
0.422 -2.46809
0.423 -2.46294
0.424 -2.45779
0.425 -2.45265
0.426 -2.44751
0.427 -2.44238
0.428 -2.43726
0.429 -2.43215
0.43 -2.42704
0.431 -2.42193
0.432 -2.41684
0.433 -2.41174
0.434 -2.40666
0.435 -2.40158
0.436 -2.39651
0.437 -2.39144
0.438 -2.38638
0.439 -2.38132
0.44 -2.37627
0.441 -2.37123
0.442 -2.36619
0.443 -2.36116
0.444 -2.35613
0.445 -2.35111
0.446 -2.34609
0.447 -2.34108
0.448 -2.33607
0.449 -2.33107
0.45 -2.32607
0.451 -2.32108
0.452 -2.3161
0.453 -2.31111
0.454 -2.30614
0.455 -2.30116
0.456 -2.2962
0.457 -2.29123
0.458 -2.28627
0.459 -2.28132
0.46 -2.27637
0.461 -2.27142
0.462 -2.26648
0.463 -2.26154
0.464 -2.25661
0.465 -2.25168
0.466 -2.24675
0.467 -2.24183
0.468 -2.23691
0.469 -2.232
0.47 -2.22709
0.471 -2.22218
0.472 -2.21727
0.473 -2.21237
0.474 -2.20747
0.475 -2.20258
0.476 -2.19769
0.477 -2.1928
0.478 -2.18791
0.479 -2.18303
0.48 -2.17815
0.481 -2.17327
0.482 -2.16839
0.483 -2.16352
0.484 -2.15865
0.485 -2.15378
0.486 -2.14891
0.487 -2.14405
0.488 -2.13918
0.489 -2.13432
0.49 -2.12946
0.491 -2.12461
0.492 -2.11975
0.493 -2.1149
0.494 -2.11004
0.495 -2.10519
0.496 -2.10034
0.497 -2.09549
0.498 -2.09064
0.499 -2.08579
0.5 -2.08095
0.501 -2.0761
0.502 -2.07126
0.503 -2.06641
0.504 -2.06157
0.505 -2.05672
0.506 -2.05188
0.507 -2.04703
0.508 -2.04219
0.509 -2.03735
0.51 -2.0325
0.511 -2.02766
0.512 -2.02281
0.513 -2.01797
0.514 -2.01312
0.515 -2.00827
0.516 -2.00343
0.517 -1.99858
0.518 -1.99373
0.519 -1.98888
0.52 -1.98403
0.521 -1.97917
0.522 -1.97432
0.523 -1.96946
0.524 -1.9646
0.525 -1.95974
0.526 -1.95488
0.527 -1.95002
0.528 -1.94515
0.529 -1.94029
0.53 -1.93542
0.531 -1.93054
0.532 -1.92567
0.533 -1.92079
0.534 -1.91591
0.535 -1.91103
0.536 -1.90614
0.537 -1.90125
0.538 -1.89636
0.539 -1.89146
0.54 -1.88656
0.541 -1.88166
0.542 -1.87675
0.543 -1.87184
0.544 -1.86693
0.545 -1.86201
0.546 -1.85709
0.547 -1.85216
0.548 -1.84723
0.549 -1.8423
0.55 -1.83736
0.551 -1.83241
0.552 -1.82746
0.553 -1.82251
0.554 -1.81755
0.555 -1.81258
0.556 -1.80761
0.557 -1.80264
0.558 -1.79766
0.559 -1.79267
0.56 -1.78768
0.561 -1.78268
0.562 -1.77768
0.563 -1.77267
0.564 -1.76765
0.565 -1.76263
0.566 -1.7576
0.567 -1.75257
0.568 -1.74753
0.569 -1.74248
0.57 -1.73742
0.571 -1.73236
0.572 -1.72729
0.573 -1.72222
0.574 -1.71713
0.575 -1.71204
0.576 -1.70694
0.577 -1.70183
0.578 -1.69672
0.579 -1.6916
0.58 -1.68647
0.581 -1.68133
0.582 -1.67618
0.583 -1.67103
0.584 -1.66586
0.585 -1.66069
0.586 -1.65551
0.587 -1.65032
0.588 -1.64512
0.589 -1.63991
0.59 -1.6347
0.591 -1.62947
0.592 -1.62424
0.593 -1.61899
0.594 -1.61374
0.595 -1.60847
0.596 -1.6032
0.597 -1.59791
0.598 -1.59262
0.599 -1.58731
0.6 -1.582
0.601 -1.57667
0.602 -1.57134
0.603 -1.56599
0.604 -1.56064
0.605 -1.55527
0.606 -1.54989
0.607 -1.5445
0.608 -1.5391
0.609 -1.53369
0.61 -1.52826
0.611 -1.52283
0.612 -1.51738
0.613 -1.51192
0.614 -1.50645
0.615 -1.50097
0.616 -1.49548
0.617 -1.48997
0.618 -1.48446
0.619 -1.47893
0.62 -1.47338
0.621 -1.46783
0.622 -1.46226
0.623 -1.45668
0.624 -1.45109
0.625 -1.44549
0.626 -1.43987
0.627 -1.43424
0.628 -1.4286
0.629 -1.42294
0.63 -1.41727
0.631 -1.41159
0.632 -1.40589
0.633 -1.40018
0.634 -1.39446
0.635 -1.38872
0.636 -1.38297
0.637 -1.37721
0.638 -1.37143
0.639 -1.36564
0.64 -1.35984
0.641 -1.35402
0.642 -1.34818
0.643 -1.34234
0.644 -1.33648
0.645 -1.3306
0.646 -1.32472
0.647 -1.31881
0.648 -1.3129
0.649 -1.30697
0.65 -1.30102
0.651 -1.29506
0.652 -1.28909
0.653 -1.2831
0.654 -1.2771
0.655 -1.27108
0.656 -1.26505
0.657 -1.25901
0.658 -1.25295
0.659 -1.24687
0.66 -1.24079
0.661 -1.23468
0.662 -1.22857
0.663 -1.22244
0.664 -1.21629
0.665 -1.21013
0.666 -1.20396
0.667 -1.19777
0.668 -1.19157
0.669 -1.18535
0.67 -1.17912
0.671 -1.17288
0.672 -1.16662
0.673 -1.16035
0.674 -1.15406
0.675 -1.14776
0.676 -1.14145
0.677 -1.13512
0.678 -1.12878
0.679 -1.12242
0.68 -1.11606
0.681 -1.10968
0.682 -1.10328
0.683 -1.09687
0.684 -1.09045
0.685 -1.08402
0.686 -1.07758
0.687 -1.07112
0.688 -1.06465
0.689 -1.05816
0.69 -1.05167
0.691 -1.04516
0.692 -1.03865
0.693 -1.03212
0.694 -1.02557
0.695 -1.01902
0.696 -1.01246
0.697 -1.00588
0.698 -0.9993
0.699 -0.992705
0.7 -0.9861
0.701 -0.979485
0.702 -0.972861
0.703 -0.966227
0.704 -0.959584
0.705 -0.952932
0.706 -0.946272
0.707 -0.939603
0.708 -0.932927
0.709 -0.926243
0.71 -0.919551
0.711 -0.912853
0.712 -0.906148
0.713 -0.899436
0.714 -0.892719
0.715 -0.885996
0.716 -0.879268
0.717 -0.872535
0.718 -0.865797
0.719 -0.859055
0.72 -0.85231
0.721 -0.845562
0.722 -0.83881
0.723 -0.832057
0.724 -0.825301
0.725 -0.818544
0.726 -0.811786
0.727 -0.805027
0.728 -0.798269
0.729 -0.791511
0.73 -0.784754
0.731 -0.777998
0.732 -0.771245
0.733 -0.764494
0.734 -0.757746
0.735 -0.751002
0.736 -0.744262
0.737 -0.737528
0.738 -0.730798
0.739 -0.724075
0.74 -0.717359
0.741 -0.71065
0.742 -0.703949
0.743 -0.697256
0.744 -0.690573
0.745 -0.6839
0.746 -0.677238
0.747 -0.670587
0.748 -0.663948
0.749 -0.657322
0.75 -0.650709
0.751 -0.644111
0.752 -0.637527
0.753 -0.63096
0.754 -0.624409
0.755 -0.617875
0.756 -0.61136
0.757 -0.604863
0.758 -0.598386
0.759 -0.59193
0.76 -0.585495
0.761 -0.579083
0.762 -0.572693
0.763 -0.566327
0.764 -0.559987
0.765 -0.553672
0.766 -0.547383
0.767 -0.541122
0.768 -0.53489
0.769 -0.528687
0.77 -0.522514
0.771 -0.516372
0.772 -0.510262
0.773 -0.504185
0.774 -0.498143
0.775 -0.492135
0.776 -0.486163
0.777 -0.480229
0.778 -0.474332
0.779 -0.468474
0.78 -0.462655
0.781 -0.456878
0.782 -0.451143
0.783 -0.44545
0.784 -0.439802
0.785 -0.434198
0.786 -0.42864
0.787 -0.423129
0.788 -0.417667
0.789 -0.412253
0.79 -0.406889
0.791 -0.401577
0.792 -0.396316
0.793 -0.391109
0.794 -0.385956
0.795 -0.380859
0.796 -0.375818
0.797 -0.370834
0.798 -0.365908
0.799 -0.361042
0.8 -0.356237
0.801 -0.351493
0.802 -0.346812
0.803 -0.342194
0.804 -0.337641
0.805 -0.333154
0.806 -0.328734
0.807 -0.324381
0.808 -0.320097
0.809 -0.315883
0.81 -0.31174
0.811 -0.307669
0.812 -0.303671
0.813 -0.299746
0.814 -0.295897
0.815 -0.292123
0.816 -0.288426
0.817 -0.284807
0.818 -0.281267
0.819 -0.277807
0.82 -0.274427
0.821 -0.271129
0.822 -0.267913
0.823 -0.264781
0.824 -0.261733
0.825 -0.258771
0.826 -0.255894
0.827 -0.253105
0.828 -0.250404
0.829 -0.247791
0.83 -0.245268
0.831 -0.242835
0.832 -0.240494
0.833 -0.238245
0.834 -0.236088
0.835 -0.234025
0.836 -0.232056
0.837 -0.230183
0.838 -0.228405
0.839 -0.226724
0.84 -0.22514
0.841 -0.223654
0.842 -0.222266
0.843 -0.220978
0.844 -0.219789
0.845 -0.218701
0.846 -0.217714
0.847 -0.216828
0.848 -0.216045
0.849 -0.215364
0.85 -0.214786
0.851 -0.214312
0.852 -0.213943
0.853 -0.213678
0.854 -0.213518
0.855 -0.213463
0.856 -0.213515
0.857 -0.213672
0.858 -0.213937
0.859 -0.214308
0.86 -0.214787
0.861 -0.215373
0.862 -0.216067
0.863 -0.216869
0.864 -0.21778
0.865 -0.218799
0.866 -0.219927
0.867 -0.221164
0.868 -0.222511
0.869 -0.223966
0.87 -0.225531
0.871 -0.227205
0.872 -0.228989
0.873 -0.230882
0.874 -0.232886
0.875 -0.234998
0.876 -0.23722
0.877 -0.239552
0.878 -0.241994
0.879 -0.244544
0.88 -0.247205
0.881 -0.249974
0.882 -0.252852
0.883 -0.25584
0.884 -0.258936
0.885 -0.26214
0.886 -0.265453
0.887 -0.268874
0.888 -0.272402
0.889 -0.276038
0.89 -0.279782
0.891 -0.283632
0.892 -0.287588
0.893 -0.291651
0.894 -0.295819
0.895 -0.300093
0.896 -0.304472
0.897 -0.308955
0.898 -0.313542
0.899 -0.318232
0.9 -0.323026
0.901 -0.327922
0.902 -0.332919
0.903 -0.338019
0.904 -0.343219
0.905 -0.348519
0.906 -0.353919
0.907 -0.359418
0.908 -0.365015
0.909 -0.37071
0.91 -0.376501
0.911 -0.382389
0.912 -0.388373
0.913 -0.394451
0.914 -0.400624
0.915 -0.406889
0.916 -0.413248
0.917 -0.419698
0.918 -0.426239
0.919 -0.432871
0.92 -0.439591
0.921 -0.4464
0.922 -0.453297
0.923 -0.460281
0.924 -0.46735
0.925 -0.474505
0.926 -0.481743
0.927 -0.489065
0.928 -0.496469
0.929 -0.503954
0.93 -0.51152
0.931 -0.519165
0.932 -0.526889
0.933 -0.53469
0.934 -0.542568
0.935 -0.550521
0.936 -0.558548
0.937 -0.56665
0.938 -0.574823
0.939 -0.583068
0.94 -0.591384
0.941 -0.599768
0.942 -0.608222
0.943 -0.616742
0.944 -0.625329
0.945 -0.63398
0.946 -0.642696
0.947 -0.651475
0.948 -0.660316
0.949 -0.669218
0.95 -0.678179
0.951 -0.687199
0.952 -0.696277
0.953 -0.705412
0.954 -0.714601
0.955 -0.723845
0.956 -0.733142
0.957 -0.742492
0.958 -0.751892
0.959 -0.761342
0.96 -0.770841
0.961 -0.780388
0.962 -0.789982
0.963 -0.79962
0.964 -0.809304
0.965 -0.81903
0.966 -0.828799
0.967 -0.838609
0.968 -0.848459
0.969 -0.858348
0.97 -0.868275
0.971 -0.878238
0.972 -0.888237
0.973 -0.898271
0.974 -0.908338
0.975 -0.918438
0.976 -0.928569
0.977 -0.93873
0.978 -0.948921
0.979 -0.95914
0.98 -0.969386
0.981 -0.979658
0.982 -0.989955
0.983 -1.00028
0.984 -1.01062
0.985 -1.02099
0.986 -1.03137
0.987 -1.04178
0.988 -1.05221
0.989 -1.06265
0.99 -1.07311
0.991 -1.08359
0.992 -1.09409
0.993 -1.10459
0.994 -1.11511
0.995 -1.12564
0.996 -1.13619
0.997 -1.14674
0.998 -1.15731
0.999 -1.16788
1 -1.17846
1.001 -10
