0 5
0.001 3.2543
0.002 3.25148
0.003 3.24866
0.004 3.24585
0.005 3.24304
0.006 3.24023
0.007 3.23742
0.008 3.23462
0.009 3.23183
0.01 3.22904
0.011 3.22625
0.012 3.22347
0.013 3.22069
0.014 3.21792
0.015 3.21516
0.016 3.2124
0.017 3.20965
0.018 3.2069
0.019 3.20416
0.02 3.20143
0.021 3.19871
0.022 3.196
0.023 3.19329
0.024 3.19059
0.025 3.18791
0.026 3.18523
0.027 3.18256
0.028 3.1799
0.029 3.17725
0.03 3.17462
0.031 3.17199
0.032 3.16938
0.033 3.16677
0.034 3.16418
0.035 3.16161
0.036 3.15904
0.037 3.15649
0.038 3.15395
0.039 3.15142
0.04 3.14891
0.041 3.14642
0.042 3.14393
0.043 3.14147
0.044 3.13902
0.045 3.13658
0.046 3.13416
0.047 3.13176
0.048 3.12937
0.049 3.127
0.05 3.12465
0.051 3.12231
0.052 3.12
0.053 3.1177
0.054 3.11542
0.055 3.11316
0.056 3.11091
0.057 3.10869
0.058 3.10649
0.059 3.1043
0.06 3.10214
0.061 3.1
0.062 3.09788
0.063 3.09578
0.064 3.0937
0.065 3.09164
0.066 3.0896
0.067 3.08759
0.068 3.0856
0.069 3.08363
0.07 3.08168
0.071 3.07976
0.072 3.07786
0.073 3.07598
0.074 3.07413
0.075 3.0723
0.076 3.07049
0.077 3.06871
0.078 3.06696
0.079 3.06522
0.08 3.06352
0.081 3.06183
0.082 3.06018
0.083 3.05855
0.084 3.05694
0.085 3.05536
0.086 3.0538
0.087 3.05227
0.088 3.05077
0.089 3.04929
0.09 3.04784
0.091 3.04642
0.092 3.04502
0.093 3.04365
0.094 3.0423
0.095 3.04098
0.096 3.03969
0.097 3.03842
0.098 3.03718
0.099 3.03597
0.1 3.03479
0.101 3.03363
0.102 3.0325
0.103 3.03139
0.104 3.03031
0.105 3.02926
0.106 3.02824
0.107 3.02724
0.108 3.02627
0.109 3.02533
0.11 3.02441
0.111 3.02352
0.112 3.02266
0.113 3.02182
0.114 3.02101
0.115 3.02023
0.116 3.01947
0.117 3.01874
0.118 3.01803
0.119 3.01736
0.12 3.0167
0.121 3.01608
0.122 3.01548
0.123 3.0149
0.124 3.01435
0.125 3.01383
0.126 3.01333
0.127 3.01286
0.128 3.01241
0.129 3.01199
0.13 3.01159
0.131 3.01122
0.132 3.01087
0.133 3.01054
0.134 3.01024
0.135 3.00997
0.136 3.00971
0.137 3.00948
0.138 3.00928
0.139 3.0091
0.14 3.00894
0.141 3.0088
0.142 3.00869
0.143 3.00859
0.144 3.00852
0.145 3.00848
0.146 3.00845
0.147 3.00845
0.148 3.00846
0.149 3.0085
0.15 3.00856
0.151 3.00864
0.152 3.00874
0.153 3.00886
0.154 3.009
0.155 3.00916
0.156 3.00934
0.157 3.00954
0.158 3.00976
0.159 3.01
0.16 3.01025
0.161 3.01053
0.162 3.01082
0.163 3.01113
0.164 3.01146
0.165 3.0118
0.166 3.01216
0.167 3.01254
0.168 3.01293
0.169 3.01335
0.17 3.01377
0.171 3.01422
0.172 3.01468
0.173 3.01515
0.174 3.01564
0.175 3.01614
0.176 3.01666
0.177 3.0172
0.178 3.01774
0.179 3.0183
0.18 3.01888
0.181 3.01947
0.182 3.02007
0.183 3.02068
0.184 3.02131
0.185 3.02195
0.186 3.0226
0.187 3.02327
0.188 3.02394
0.189 3.02463
0.19 3.02533
0.191 3.02604
0.192 3.02676
0.193 3.02749
0.194 3.02823
0.195 3.02898
0.196 3.02974
0.197 3.03052
0.198 3.0313
0.199 3.03209
0.2 3.03289
0.201 3.0337
0.202 3.03451
0.203 3.03534
0.204 3.03617
0.205 3.03702
0.206 3.03787
0.207 3.03872
0.208 3.03959
0.209 3.04046
0.21 3.04134
0.211 3.04223
0.212 3.04313
0.213 3.04403
0.214 3.04493
0.215 3.04585
0.216 3.04677
0.217 3.04769
0.218 3.04863
0.219 3.04956
0.22 3.05051
0.221 3.05145
0.222 3.05241
0.223 3.05337
0.224 3.05433
0.225 3.0553
0.226 3.05627
0.227 3.05725
0.228 3.05823
0.229 3.05921
0.23 3.0602
0.231 3.0612
0.232 3.06219
0.233 3.06319
0.234 3.0642
0.235 3.06521
0.236 3.06622
0.237 3.06723
0.238 3.06825
0.239 3.06927
0.24 3.07029
0.241 3.07131
0.242 3.07234
0.243 3.07337
0.244 3.0744
0.245 3.07544
0.246 3.07647
0.247 3.07751
0.248 3.07855
0.249 3.07959
0.25 3.08064
0.251 3.08168
0.252 3.08273
0.253 3.08378
0.254 3.08483
0.255 3.08588
0.256 3.08693
0.257 3.08798
0.258 3.08903
0.259 3.09009
0.26 3.09114
0.261 3.0922
0.262 3.09325
0.263 3.09431
0.264 3.09537
0.265 3.09643
0.266 3.09748
0.267 3.09854
0.268 3.0996
0.269 3.10066
0.27 3.10172
0.271 3.10278
0.272 3.10383
0.273 3.10489
0.274 3.10595
0.275 3.10701
0.276 3.10807
0.277 3.10912
0.278 3.11018
0.279 3.11123
0.28 3.11229
0.281 3.11334
0.282 3.1144
0.283 3.11545
0.284 3.1165
0.285 3.11756
0.286 3.11861
0.287 3.11966
0.288 3.1207
0.289 3.12175
0.29 3.1228
0.291 3.12384
0.292 3.12489
0.293 3.12593
0.294 3.12697
0.295 3.12801
0.296 3.12905
0.297 3.13009
0.298 3.13113
0.299 3.13216
0.3 3.1332
0.301 3.13423
0.302 3.13526
0.303 3.13629
0.304 3.13732
0.305 3.13834
0.306 3.13936
0.307 3.14039
0.308 3.14141
0.309 3.14243
0.31 3.14344
0.311 3.14446
0.312 3.14547
0.313 3.14648
0.314 3.14749
0.315 3.1485
0.316 3.1495
0.317 3.15051
0.318 3.15151
0.319 3.15251
0.32 3.15351
0.321 3.1545
0.322 3.15549
0.323 3.15649
0.324 3.15747
0.325 3.15846
0.326 3.15945
0.327 3.16043
0.328 3.16141
0.329 3.16239
0.33 3.16336
0.331 3.16433
0.332 3.1653
0.333 3.16627
0.334 3.16724
0.335 3.1682
0.336 3.16917
0.337 3.17012
0.338 3.17108
0.339 3.17204
0.34 3.17299
0.341 3.17394
0.342 3.17488
0.343 3.17583
0.344 3.17677
0.345 3.17771
0.346 3.17865
0.347 3.17958
0.348 3.18051
0.349 3.18144
0.35 3.18237
0.351 3.1833
0.352 3.18422
0.353 3.18514
0.354 3.18605
0.355 3.18697
0.356 3.18788
0.357 3.18879
0.358 3.1897
0.359 3.1906
0.36 3.1915
0.361 3.1924
0.362 3.1933
0.363 3.19419
0.364 3.19508
0.365 3.19597
0.366 3.19686
0.367 3.19774
0.368 3.19862
0.369 3.1995
0.37 3.20037
0.371 3.20125
0.372 3.20212
0.373 3.20298
0.374 3.20385
0.375 3.20471
0.376 3.20557
0.377 3.20643
0.378 3.20728
0.379 3.20813
0.38 3.20898
0.381 3.20983
0.382 3.21067
0.383 3.21151
0.384 3.21235
0.385 3.21319
0.386 3.21402
0.387 3.21485
0.388 3.21568
0.389 3.2165
0.39 3.21733
0.391 3.21815
0.392 3.21896
0.393 3.21978
0.394 3.22059
0.395 3.2214
0.396 3.22221
0.397 3.22301
0.398 3.22381
0.399 3.22461
0.4 3.22541
0.401 3.2262
0.402 3.22699
0.403 3.22778
0.404 3.22857
0.405 3.22935
0.406 3.23013
0.407 3.23091
0.408 3.23168
0.409 3.23246
0.41 3.23323
0.411 3.234
0.412 3.23476
0.413 3.23553
0.414 3.23629
0.415 3.23704
0.416 3.2378
0.417 3.23855
0.418 3.2393
0.419 3.24005
0.42 3.2408
0.421 3.24154
0.422 3.24228
0.423 3.24302
0.424 3.24375
0.425 3.24449
0.426 3.24522
0.427 3.24595
0.428 3.24667
0.429 3.2474
0.43 3.24812
0.431 3.24884
0.432 3.24955
0.433 3.25027
0.434 3.25098
0.435 3.25169
0.436 3.25239
0.437 3.2531
0.438 3.2538
0.439 3.2545
0.44 3.2552
0.441 3.25589
0.442 3.25658
0.443 3.25727
0.444 3.25796
0.445 3.25865
0.446 3.25933
0.447 3.26001
0.448 3.26069
0.449 3.26137
0.45 3.26204
0.451 3.26271
0.452 3.26338
0.453 3.26405
0.454 3.26472
0.455 3.26538
0.456 3.26604
0.457 3.2667
0.458 3.26736
0.459 3.26801
0.46 3.26866
0.461 3.26931
0.462 3.26996
0.463 3.2706
0.464 3.27125
0.465 3.27189
0.466 3.27253
0.467 3.27317
0.468 3.2738
0.469 3.27443
0.47 3.27506
0.471 3.27569
0.472 3.27632
0.473 3.27694
0.474 3.27756
0.475 3.27818
0.476 3.2788
0.477 3.27942
0.478 3.28003
0.479 3.28064
0.48 3.28125
0.481 3.28186
0.482 3.28247
0.483 3.28307
0.484 3.28367
0.485 3.28427
0.486 3.28487
0.487 3.28547
0.488 3.28606
0.489 3.28665
0.49 3.28724
0.491 3.28783
0.492 3.28842
0.493 3.289
0.494 3.28958
0.495 3.29016
0.496 3.29074
0.497 3.29132
0.498 3.29189
0.499 3.29246
0.5 3.29303
0.501 3.2936
0.502 3.29417
0.503 3.29473
0.504 3.29529
0.505 3.29586
0.506 3.29641
0.507 3.29697
0.508 3.29753
0.509 3.29808
0.51 3.29863
0.511 3.29918
0.512 3.29973
0.513 3.30027
0.514 3.30082
0.515 3.30136
0.516 3.3019
0.517 3.30244
0.518 3.30298
0.519 3.30351
0.52 3.30404
0.521 3.30457
0.522 3.3051
0.523 3.30563
0.524 3.30616
0.525 3.30668
0.526 3.3072
0.527 3.30772
0.528 3.30824
0.529 3.30876
0.53 3.30927
0.531 3.30979
0.532 3.3103
0.533 3.31081
0.534 3.31132
0.535 3.31182
0.536 3.31233
0.537 3.31283
0.538 3.31333
0.539 3.31383
0.54 3.31432
0.541 3.31482
0.542 3.31531
0.543 3.31581
0.544 3.3163
0.545 3.31678
0.546 3.31727
0.547 3.31775
0.548 3.31824
0.549 3.31872
0.55 3.3192
0.551 3.31968
0.552 3.32015
0.553 3.32063
0.554 3.3211
0.555 3.32157
0.556 3.32204
0.557 3.32251
0.558 3.32297
0.559 3.32343
0.56 3.3239
0.561 3.32436
0.562 3.32482
0.563 3.32527
0.564 3.32573
0.565 3.32618
0.566 3.32663
0.567 3.32708
0.568 3.32753
0.569 3.32798
0.57 3.32842
0.571 3.32886
0.572 3.3293
0.573 3.32974
0.574 3.33018
0.575 3.33062
0.576 3.33105
0.577 3.33148
0.578 3.33191
0.579 3.33234
0.58 3.33277
0.581 3.33319
0.582 3.33361
0.583 3.33404
0.584 3.33446
0.585 3.33487
0.586 3.33529
0.587 3.3357
0.588 3.33612
0.589 3.33653
0.59 3.33694
0.591 3.33734
0.592 3.33775
0.593 3.33815
0.594 3.33855
0.595 3.33895
0.596 3.33935
0.597 3.33975
0.598 3.34014
0.599 3.34053
0.6 3.34092
0.601 3.34131
0.602 3.3417
0.603 3.34209
0.604 3.34247
0.605 3.34285
0.606 3.34323
0.607 3.34361
0.608 3.34398
0.609 3.34436
0.61 3.34473
0.611 3.3451
0.612 3.34547
0.613 3.34583
0.614 3.3462
0.615 3.34656
0.616 3.34692
0.617 3.34728
0.618 3.34764
0.619 3.34799
0.62 3.34835
0.621 3.3487
0.622 3.34905
0.623 3.34939
0.624 3.34974
0.625 3.35008
0.626 3.35043
0.627 3.35076
0.628 3.3511
0.629 3.35144
0.63 3.35177
0.631 3.3521
0.632 3.35243
0.633 3.35276
0.634 3.35309
0.635 3.35341
0.636 3.35373
0.637 3.35405
0.638 3.35437
0.639 3.35468
0.64 3.355
0.641 3.35531
0.642 3.35562
0.643 3.35593
0.644 3.35623
0.645 3.35654
0.646 3.35684
0.647 3.35714
0.648 3.35743
0.649 3.35773
0.65 3.35802
0.651 3.35831
0.652 3.3586
0.653 3.35889
0.654 3.35917
0.655 3.35945
0.656 3.35973
0.657 3.36001
0.658 3.36029
0.659 3.36056
0.66 3.36083
0.661 3.3611
0.662 3.36137
0.663 3.36163
0.664 3.36189
0.665 3.36215
0.666 3.36241
0.667 3.36267
0.668 3.36292
0.669 3.36317
0.67 3.36342
0.671 3.36367
0.672 3.36391
0.673 3.36415
0.674 3.36439
0.675 3.36463
0.676 3.36486
0.677 3.36509
0.678 3.36533
0.679 3.36555
0.68 3.36578
0.681 3.366
0.682 3.36622
0.683 3.36644
0.684 3.36665
0.685 3.36687
0.686 3.36708
0.687 3.36729
0.688 3.36749
0.689 3.3677
0.69 3.3679
0.691 3.36809
0.692 3.36829
0.693 3.36848
0.694 3.36867
0.695 3.36886
0.696 3.36905
0.697 3.36923
0.698 3.36941
0.699 3.36959
0.7 3.36976
0.701 3.36993
0.702 3.3701
0.703 3.37027
0.704 3.37043
0.705 3.37059
0.706 3.37075
0.707 3.37091
0.708 3.37106
0.709 3.37121
0.71 3.37136
0.711 3.3715
0.712 3.37164
0.713 3.37178
0.714 3.37192
0.715 3.37205
0.716 3.37218
0.717 3.3723
0.718 3.37243
0.719 3.37255
0.72 3.37267
0.721 3.37278
0.722 3.37289
0.723 3.373
0.724 3.3731
0.725 3.37321
0.726 3.3733
0.727 3.3734
0.728 3.37349
0.729 3.37358
0.73 3.37367
0.731 3.37375
0.732 3.37383
0.733 3.3739
0.734 3.37397
0.735 3.37404
0.736 3.3741
0.737 3.37416
0.738 3.37422
0.739 3.37428
0.74 3.37433
0.741 3.37437
0.742 3.37441
0.743 3.37445
0.744 3.37449
0.745 3.37452
0.746 3.37454
0.747 3.37457
0.748 3.37459
0.749 3.3746
0.75 3.37461
0.751 3.37462
0.752 3.37462
0.753 3.37462
0.754 3.37461
0.755 3.3746
0.756 3.37458
0.757 3.37456
0.758 3.37454
0.759 3.37451
0.76 3.37448
0.761 3.37444
0.762 3.3744
0.763 3.37435
0.764 3.37429
0.765 3.37424
0.766 3.37417
0.767 3.3741
0.768 3.37403
0.769 3.37395
0.77 3.37387
0.771 3.37378
0.772 3.37368
0.773 3.37358
0.774 3.37348
0.775 3.37336
0.776 3.37325
0.777 3.37312
0.778 3.37299
0.779 3.37286
0.78 3.37271
0.781 3.37257
0.782 3.37241
0.783 3.37225
0.784 3.37208
0.785 3.37191
0.786 3.37172
0.787 3.37154
0.788 3.37134
0.789 3.37114
0.79 3.37093
0.791 3.37071
0.792 3.37049
0.793 3.37026
0.794 3.37002
0.795 3.36977
0.796 3.36951
0.797 3.36925
0.798 3.36898
0.799 3.3687
0.8 3.36841
0.801 3.36812
0.802 3.36781
0.803 3.3675
0.804 3.36718
0.805 3.36684
0.806 3.3665
0.807 3.36615
0.808 3.36579
0.809 3.36543
0.81 3.36505
0.811 3.36466
0.812 3.36426
0.813 3.36385
0.814 3.36343
0.815 3.363
0.816 3.36256
0.817 3.36211
0.818 3.36165
0.819 3.36118
0.82 3.3607
0.821 3.3602
0.822 3.3597
0.823 3.35918
0.824 3.35865
0.825 3.35811
0.826 3.35755
0.827 3.35699
0.828 3.35641
0.829 3.35582
0.83 3.35522
0.831 3.3546
0.832 3.35397
0.833 3.35333
0.834 3.35268
0.835 3.35201
0.836 3.35133
0.837 3.35063
0.838 3.34992
0.839 3.3492
0.84 3.34846
0.841 3.34771
0.842 3.34694
0.843 3.34616
0.844 3.34536
0.845 3.34455
0.846 3.34373
0.847 3.34289
0.848 3.34203
0.849 3.34116
0.85 3.34028
0.851 3.33937
0.852 3.33846
0.853 3.33752
0.854 3.33657
0.855 3.33561
0.856 3.33463
0.857 3.33363
0.858 3.33262
0.859 3.33159
0.86 3.33054
0.861 3.32948
0.862 3.3284
0.863 3.3273
0.864 3.32619
0.865 3.32506
0.866 3.32391
0.867 3.32275
0.868 3.32157
0.869 3.32037
0.87 3.31915
0.871 3.31792
0.872 3.31668
0.873 3.31541
0.874 3.31413
0.875 3.31283
0.876 3.31151
0.877 3.31018
0.878 3.30883
0.879 3.30746
0.88 3.30608
0.881 3.30467
0.882 3.30326
0.883 3.30182
0.884 3.30037
0.885 3.2989
0.886 3.29742
0.887 3.29592
0.888 3.2944
0.889 3.29287
0.89 3.29132
0.891 3.28975
0.892 3.28817
0.893 3.28658
0.894 3.28496
0.895 3.28334
0.896 3.28169
0.897 3.28004
0.898 3.27836
0.899 3.27668
0.9 3.27498
0.901 3.27326
0.902 3.27153
0.903 3.26979
0.904 3.26803
0.905 3.26626
0.906 3.26448
0.907 3.26268
0.908 3.26088
0.909 3.25906
0.91 3.25722
0.911 3.25538
0.912 3.25352
0.913 3.25166
0.914 3.24978
0.915 3.24789
0.916 3.246
0.917 3.24409
0.918 3.24217
0.919 3.24024
0.92 3.23831
0.921 3.23637
0.922 3.23441
0.923 3.23245
0.924 3.23049
0.925 3.22851
0.926 3.22653
0.927 3.22455
0.928 3.22255
0.929 3.22055
0.93 3.21855
0.931 3.21654
0.932 3.21453
0.933 3.21251
0.934 3.21049
0.935 3.20847
0.936 3.20644
0.937 3.20441
0.938 3.20238
0.939 3.20035
0.94 3.19831
0.941 3.19628
0.942 3.19424
0.943 3.1922
0.944 3.19017
0.945 3.18813
0.946 3.1861
0.947 3.18407
0.948 3.18203
0.949 3.18001
0.95 3.17798
0.951 3.17596
0.952 3.17393
0.953 3.17192
0.954 3.1699
0.955 3.1679
0.956 3.16589
0.957 3.16389
0.958 3.1619
0.959 3.15991
0.96 3.15793
0.961 3.15596
0.962 3.15399
0.963 3.15203
0.964 3.15007
0.965 3.14812
0.966 3.14619
0.967 3.14426
0.968 3.14233
0.969 3.14042
0.97 3.13852
0.971 3.13662
0.972 3.13474
0.973 3.13286
0.974 3.131
0.975 3.12914
0.976 3.1273
0.977 3.12547
0.978 3.12365
0.979 3.12184
0.98 3.12004
0.981 3.11825
0.982 3.11647
0.983 3.11471
0.984 3.11296
0.985 3.11122
0.986 3.1095
0.987 3.10778
0.988 3.10608
0.989 3.10439
0.99 3.10272
0.991 3.10106
0.992 3.09941
0.993 3.09778
0.994 3.09616
0.995 3.09455
0.996 3.09296
0.997 3.09138
0.998 3.08982
0.999 3.08827
1 3.08673
1.001 5
