0 -10
0.001 -6.03937
0.002 -6.02578
0.003 -6.01217
0.004 -5.99855
0.005 -5.98491
0.006 -5.97125
0.007 -5.95757
0.008 -5.94388
0.009 -5.93018
0.01 -5.91646
0.011 -5.90273
0.012 -5.88899
0.013 -5.87523
0.014 -5.86146
0.015 -5.84769
0.016 -5.8339
0.017 -5.8201
0.018 -5.8063
0.019 -5.79249
0.02 -5.77867
0.021 -5.76485
0.022 -5.75102
0.023 -5.73719
0.024 -5.72336
0.025 -5.70952
0.026 -5.69568
0.027 -5.68184
0.028 -5.668
0.029 -5.65417
0.03 -5.64033
0.031 -5.62649
0.032 -5.61266
0.033 -5.59884
0.034 -5.58501
0.035 -5.5712
0.036 -5.55739
0.037 -5.54359
0.038 -5.52979
0.039 -5.51601
0.04 -5.50223
0.041 -5.48847
0.042 -5.47471
0.043 -5.46097
0.044 -5.44725
0.045 -5.43353
0.046 -5.41983
0.047 -5.40615
0.048 -5.39248
0.049 -5.37883
0.05 -5.3652
0.051 -5.35159
0.052 -5.338
0.053 -5.32442
0.054 -5.31087
0.055 -5.29734
0.056 -5.28383
0.057 -5.27035
0.058 -5.25689
0.059 -5.24345
0.06 -5.23004
0.061 -5.21666
0.062 -5.2033
0.063 -5.18997
0.064 -5.17667
0.065 -5.1634
0.066 -5.15015
0.067 -5.13694
0.068 -5.12376
0.069 -5.1106
0.07 -5.09749
0.071 -5.0844
0.072 -5.07135
0.073 -5.05833
0.074 -5.04534
0.075 -5.03239
0.076 -5.01948
0.077 -5.0066
0.078 -4.99375
0.079 -4.98095
0.08 -4.96818
0.081 -4.95545
0.082 -4.94276
0.083 -4.9301
0.084 -4.91749
0.085 -4.90491
0.086 -4.89238
0.087 -4.87989
0.088 -4.86743
0.089 -4.85502
0.09 -4.84265
0.091 -4.83032
0.092 -4.81803
0.093 -4.80579
0.094 -4.79358
0.095 -4.78142
0.096 -4.76931
0.097 -4.75723
0.098 -4.7452
0.099 -4.73322
0.1 -4.72128
0.101 -4.70938
0.102 -4.69753
0.103 -4.68572
0.104 -4.67396
0.105 -4.66224
0.106 -4.65056
0.107 -4.63893
0.108 -4.62735
0.109 -4.61581
0.11 -4.60432
0.111 -4.59288
0.112 -4.58147
0.113 -4.57012
0.114 -4.55881
0.115 -4.54755
0.116 -4.53633
0.117 -4.52515
0.118 -4.51403
0.119 -4.50295
0.12 -4.49191
0.121 -4.48092
0.122 -4.46998
0.123 -4.45908
0.124 -4.44823
0.125 -4.43742
0.126 -4.42666
0.127 -4.41594
0.128 -4.40527
0.129 -4.39465
0.13 -4.38407
0.131 -4.37353
0.132 -4.36304
0.133 -4.3526
0.134 -4.3422
0.135 -4.33184
0.136 -4.32153
0.137 -4.31127
0.138 -4.30104
0.139 -4.29087
0.14 -4.28073
0.141 -4.27064
0.142 -4.2606
0.143 -4.25059
0.144 -4.24063
0.145 -4.23072
0.146 -4.22084
0.147 -4.21101
0.148 -4.20123
0.149 -4.19148
0.15 -4.18178
0.151 -4.17212
0.152 -4.1625
0.153 -4.15293
0.154 -4.14339
0.155 -4.1339
0.156 -4.12445
0.157 -4.11504
0.158 -4.10567
0.159 -4.09634
0.16 -4.08705
0.161 -4.0778
0.162 -4.0686
0.163 -4.05943
0.164 -4.0503
0.165 -4.04122
0.166 -4.03217
0.167 -4.02316
0.168 -4.01419
0.169 -4.00526
0.17 -3.99637
0.171 -3.98751
0.172 -3.9787
0.173 -3.96992
0.174 -3.96118
0.175 -3.95248
0.176 -3.94381
0.177 -3.93519
0.178 -3.9266
0.179 -3.91804
0.18 -3.90953
0.181 -3.90105
0.182 -3.8926
0.183 -3.8842
0.184 -3.87583
0.185 -3.86749
0.186 -3.85919
0.187 -3.85092
0.188 -3.84269
0.189 -3.8345
0.19 -3.82634
0.191 -3.81821
0.192 -3.81012
0.193 -3.80206
0.194 -3.79404
0.195 -3.78605
0.196 -3.77809
0.197 -3.77017
0.198 -3.76228
0.199 -3.75442
0.2 -3.7466
0.201 -3.73881
0.202 -3.73105
0.203 -3.72332
0.204 -3.71563
0.205 -3.70796
0.206 -3.70033
0.207 -3.69273
0.208 -3.68516
0.209 -3.67763
0.21 -3.67012
0.211 -3.66264
0.212 -3.6552
0.213 -3.64778
0.214 -3.6404
0.215 -3.63304
0.216 -3.62572
0.217 -3.61842
0.218 -3.61115
0.219 -3.60391
0.22 -3.59671
0.221 -3.58953
0.222 -3.58237
0.223 -3.57525
0.224 -3.56816
0.225 -3.56109
0.226 -3.55405
0.227 -3.54704
0.228 -3.54006
0.229 -3.5331
0.23 -3.52617
0.231 -3.51927
0.232 -3.5124
0.233 -3.50555
0.234 -3.49873
0.235 -3.49193
0.236 -3.48516
0.237 -3.47842
0.238 -3.4717
0.239 -3.46501
0.24 -3.45835
0.241 -3.45171
0.242 -3.44509
0.243 -3.4385
0.244 -3.43194
0.245 -3.42539
0.246 -3.41888
0.247 -3.41239
0.248 -3.40592
0.249 -3.39947
0.25 -3.39305
0.251 -3.38666
0.252 -3.38029
0.253 -3.37394
0.254 -3.36761
0.255 -3.36131
0.256 -3.35503
0.257 -3.34877
0.258 -3.34254
0.259 -3.33632
0.26 -3.33013
0.261 -3.32397
0.262 -3.31782
0.263 -3.3117
0.264 -3.3056
0.265 -3.29952
0.266 -3.29346
0.267 -3.28742
0.268 -3.28141
0.269 -3.27541
0.27 -3.26944
0.271 -3.26348
0.272 -3.25755
0.273 -3.25164
0.274 -3.24575
0.275 -3.23988
0.276 -3.23402
0.277 -3.22819
0.278 -3.22238
0.279 -3.21659
0.28 -3.21082
0.281 -3.20507
0.282 -3.19933
0.283 -3.19362
0.284 -3.18792
0.285 -3.18225
0.286 -3.17659
0.287 -3.17095
0.288 -3.16533
0.289 -3.15973
0.29 -3.15415
0.291 -3.14859
0.292 -3.14304
0.293 -3.13751
0.294 -3.132
0.295 -3.12651
0.296 -3.12104
0.297 -3.11558
0.298 -3.11014
0.299 -3.10472
0.3 -3.09931
0.301 -3.09392
0.302 -3.08855
0.303 -3.0832
0.304 -3.07786
0.305 -3.07254
0.306 -3.06724
0.307 -3.06195
0.308 -3.05668
0.309 -3.05143
0.31 -3.04619
0.311 -3.04097
0.312 -3.03576
0.313 -3.03057
0.314 -3.0254
0.315 -3.02024
0.316 -3.0151
0.317 -3.00997
0.318 -3.00486
0.319 -2.99976
0.32 -2.99468
0.321 -2.98962
0.322 -2.98457
0.323 -2.97953
0.324 -2.97451
0.325 -2.9695
0.326 -2.96451
0.327 -2.95954
0.328 -2.95457
0.329 -2.94963
0.33 -2.94469
0.331 -2.93977
0.332 -2.93487
0.333 -2.92998
0.334 -2.9251
0.335 -2.92024
0.336 -2.91539
0.337 -2.91055
0.338 -2.90573
0.339 -2.90092
0.34 -2.89613
0.341 -2.89135
0.342 -2.88658
0.343 -2.88183
0.344 -2.87708
0.345 -2.87236
0.346 -2.86764
0.347 -2.86294
0.348 -2.85825
0.349 -2.85357
0.35 -2.8489
0.351 -2.84425
0.352 -2.83961
0.353 -2.83499
0.354 -2.83037
0.355 -2.82577
0.356 -2.82118
0.357 -2.8166
0.358 -2.81203
0.359 -2.80748
0.36 -2.80294
0.361 -2.7984
0.362 -2.79389
0.363 -2.78938
0.364 -2.78488
0.365 -2.7804
0.366 -2.77592
0.367 -2.77146
0.368 -2.76701
0.369 -2.76257
0.37 -2.75814
0.371 -2.75372
0.372 -2.74931
0.373 -2.74492
0.374 -2.74053
0.375 -2.73616
0.376 -2.73179
0.377 -2.72744
0.378 -2.72309
0.379 -2.71876
0.38 -2.71444
0.381 -2.71012
0.382 -2.70582
0.383 -2.70153
0.384 -2.69724
0.385 -2.69297
0.386 -2.68871
0.387 -2.68445
0.388 -2.68021
0.389 -2.67597
0.39 -2.67174
0.391 -2.66753
0.392 -2.66332
0.393 -2.65912
0.394 -2.65493
0.395 -2.65075
0.396 -2.64658
0.397 -2.64242
0.398 -2.63827
0.399 -2.63412
0.4 -2.62998
0.401 -2.62586
0.402 -2.62174
0.403 -2.61763
0.404 -2.61352
0.405 -2.60943
0.406 -2.60534
0.407 -2.60126
0.408 -2.59719
0.409 -2.59313
0.41 -2.58907
0.411 -2.58503
0.412 -2.58099
0.413 -2.57696
0.414 -2.57293
0.415 -2.56891
0.416 -2.5649
0.417 -2.5609
0.418 -2.5569
0.419 -2.55292
0.42 -2.54893
0.421 -2.54496
0.422 -2.54099
0.423 -2.53703
0.424 -2.53307
0.425 -2.52913
0.426 -2.52518
0.427 -2.52125
0.428 -2.51732
0.429 -2.5134
0.43 -2.50948
0.431 -2.50557
0.432 -2.50166
0.433 -2.49776
0.434 -2.49387
0.435 -2.48998
0.436 -2.4861
0.437 -2.48223
0.438 -2.47836
0.439 -2.47449
0.44 -2.47063
0.441 -2.46677
0.442 -2.46293
0.443 -2.45908
0.444 -2.45524
0.445 -2.45141
0.446 -2.44758
0.447 -2.44375
0.448 -2.43993
0.449 -2.43611
0.45 -2.4323
0.451 -2.42849
0.452 -2.42469
0.453 -2.42089
0.454 -2.4171
0.455 -2.41331
0.456 -2.40952
0.457 -2.40574
0.458 -2.40196
0.459 -2.39818
0.46 -2.39441
0.461 -2.39064
0.462 -2.38688
0.463 -2.38312
0.464 -2.37936
0.465 -2.3756
0.466 -2.37185
0.467 -2.3681
0.468 -2.36436
0.469 -2.36062
0.47 -2.35688
0.471 -2.35314
0.472 -2.3494
0.473 -2.34567
0.474 -2.34194
0.475 -2.33821
0.476 -2.33449
0.477 -2.33077
0.478 -2.32705
0.479 -2.32333
0.48 -2.31961
0.481 -2.3159
0.482 -2.31218
0.483 -2.30847
0.484 -2.30476
0.485 -2.30105
0.486 -2.29735
0.487 -2.29364
0.488 -2.28994
0.489 -2.28623
0.49 -2.28253
0.491 -2.27883
0.492 -2.27513
0.493 -2.27143
0.494 -2.26773
0.495 -2.26403
0.496 -2.26034
0.497 -2.25664
0.498 -2.25294
0.499 -2.24925
0.5 -2.24555
0.501 -2.24186
0.502 -2.23816
0.503 -2.23447
0.504 -2.23077
0.505 -2.22707
0.506 -2.22338
0.507 -2.21968
0.508 -2.21599
0.509 -2.21229
0.51 -2.20859
0.511 -2.20489
0.512 -2.20119
0.513 -2.19749
0.514 -2.19379
0.515 -2.19009
0.516 -2.18638
0.517 -2.18268
0.518 -2.17897
0.519 -2.17527
0.52 -2.17156
0.521 -2.16785
0.522 -2.16414
0.523 -2.16042
0.524 -2.15671
0.525 -2.15299
0.526 -2.14927
0.527 -2.14555
0.528 -2.14182
0.529 -2.1381
0.53 -2.13437
0.531 -2.13064
0.532 -2.12691
0.533 -2.12317
0.534 -2.11943
0.535 -2.11569
0.536 -2.11195
0.537 -2.1082
0.538 -2.10445
0.539 -2.10069
0.54 -2.09694
0.541 -2.09318
0.542 -2.08941
0.543 -2.08565
0.544 -2.08188
0.545 -2.0781
0.546 -2.07432
0.547 -2.07054
0.548 -2.06676
0.549 -2.06297
0.55 -2.05917
0.551 -2.05537
0.552 -2.05157
0.553 -2.04777
0.554 -2.04395
0.555 -2.04014
0.556 -2.03632
0.557 -2.03249
0.558 -2.02866
0.559 -2.02483
0.56 -2.02098
0.561 -2.01714
0.562 -2.01329
0.563 -2.00943
0.564 -2.00557
0.565 -2.0017
0.566 -1.99783
0.567 -1.99395
0.568 -1.99007
0.569 -1.98618
0.57 -1.98228
0.571 -1.97838
0.572 -1.97447
0.573 -1.97055
0.574 -1.96663
0.575 -1.9627
0.576 -1.95877
0.577 -1.95483
0.578 -1.95088
0.579 -1.94693
0.58 -1.94296
0.581 -1.939
0.582 -1.93502
0.583 -1.93104
0.584 -1.92705
0.585 -1.92305
0.586 -1.91904
0.587 -1.91503
0.588 -1.91101
0.589 -1.90698
0.59 -1.90294
0.591 -1.89889
0.592 -1.89484
0.593 -1.89078
0.594 -1.88671
0.595 -1.88263
0.596 -1.87854
0.597 -1.87445
0.598 -1.87034
0.599 -1.86623
0.6 -1.8621
0.601 -1.85797
0.602 -1.85383
0.603 -1.84968
0.604 -1.84552
0.605 -1.84135
0.606 -1.83717
0.607 -1.83298
0.608 -1.82878
0.609 -1.82457
0.61 -1.82035
0.611 -1.81612
0.612 -1.81188
0.613 -1.80763
0.614 -1.80337
0.615 -1.7991
0.616 -1.79482
0.617 -1.79052
0.618 -1.78622
0.619 -1.7819
0.62 -1.77758
0.621 -1.77324
0.622 -1.76889
0.623 -1.76453
0.624 -1.76016
0.625 -1.75577
0.626 -1.75137
0.627 -1.74697
0.628 -1.74254
0.629 -1.73811
0.63 -1.73367
0.631 -1.72921
0.632 -1.72474
0.633 -1.72025
0.634 -1.71576
0.635 -1.71125
0.636 -1.70673
0.637 -1.70219
0.638 -1.69764
0.639 -1.69308
0.64 -1.6885
0.641 -1.68391
0.642 -1.67931
0.643 -1.67469
0.644 -1.67006
0.645 -1.66542
0.646 -1.66076
0.647 -1.65608
0.648 -1.65139
0.649 -1.64669
0.65 -1.64197
0.651 -1.63724
0.652 -1.63249
0.653 -1.62773
0.654 -1.62295
0.655 -1.61815
0.656 -1.61334
0.657 -1.60852
0.658 -1.60368
0.659 -1.59882
0.66 -1.59395
0.661 -1.58906
0.662 -1.58415
0.663 -1.57923
0.664 -1.57429
0.665 -1.56934
0.666 -1.56437
0.667 -1.55938
0.668 -1.55437
0.669 -1.54935
0.67 -1.54431
0.671 -1.53925
0.672 -1.53418
0.673 -1.52909
0.674 -1.52398
0.675 -1.51885
0.676 -1.51371
0.677 -1.50854
0.678 -1.50336
0.679 -1.49816
0.68 -1.49294
0.681 -1.4877
0.682 -1.48245
0.683 -1.47717
0.684 -1.47188
0.685 -1.46657
0.686 -1.46124
0.687 -1.45589
0.688 -1.45052
0.689 -1.44513
0.69 -1.43972
0.691 -1.43429
0.692 -1.42884
0.693 -1.42338
0.694 -1.41789
0.695 -1.41238
0.696 -1.40685
0.697 -1.4013
0.698 -1.39574
0.699 -1.39015
0.7 -1.38454
0.701 -1.37891
0.702 -1.37326
0.703 -1.36759
0.704 -1.36189
0.705 -1.35618
0.706 -1.35045
0.707 -1.34469
0.708 -1.33891
0.709 -1.33312
0.71 -1.3273
0.711 -1.32146
0.712 -1.31559
0.713 -1.30971
0.714 -1.30381
0.715 -1.29788
0.716 -1.29193
0.717 -1.28596
0.718 -1.27997
0.719 -1.27396
0.72 -1.26792
0.721 -1.26186
0.722 -1.25578
0.723 -1.24968
0.724 -1.24356
0.725 -1.23741
0.726 -1.23125
0.727 -1.22506
0.728 -1.21885
0.729 -1.21261
0.73 -1.20636
0.731 -1.20008
0.732 -1.19378
0.733 -1.18746
0.734 -1.18111
0.735 -1.17475
0.736 -1.16836
0.737 -1.16195
0.738 -1.15552
0.739 -1.14907
0.74 -1.14259
0.741 -1.13609
0.742 -1.12957
0.743 -1.12303
0.744 -1.11647
0.745 -1.10989
0.746 -1.10328
0.747 -1.09666
0.748 -1.09001
0.749 -1.08334
0.75 -1.07666
0.751 -1.06995
0.752 -1.06322
0.753 -1.05646
0.754 -1.04969
0.755 -1.0429
0.756 -1.03609
0.757 -1.02926
0.758 -1.02241
0.759 -1.01554
0.76 -1.00865
0.761 -1.00174
0.762 -0.994811
0.763 -0.987865
0.764 -0.980901
0.765 -0.973918
0.766 -0.966917
0.767 -0.959899
0.768 -0.952864
0.769 -0.945811
0.77 -0.938742
0.771 -0.931657
0.772 -0.924555
0.773 -0.917438
0.774 -0.910305
0.775 -0.903157
0.776 -0.895995
0.777 -0.888819
0.778 -0.881628
0.779 -0.874424
0.78 -0.867207
0.781 -0.859978
0.782 -0.852736
0.783 -0.845483
0.784 -0.838218
0.785 -0.830943
0.786 -0.823657
0.787 -0.816362
0.788 -0.809057
0.789 -0.801744
0.79 -0.794423
0.791 -0.787095
0.792 -0.779759
0.793 -0.772417
0.794 -0.765069
0.795 -0.757717
0.796 -0.750359
0.797 -0.742998
0.798 -0.735634
0.799 -0.728268
0.8 -0.720899
0.801 -0.71353
0.802 -0.70616
0.803 -0.698791
0.804 -0.691423
0.805 -0.684058
0.806 -0.676695
0.807 -0.669335
0.808 -0.66198
0.809 -0.65463
0.81 -0.647287
0.811 -0.63995
0.812 -0.632622
0.813 -0.625302
0.814 -0.617992
0.815 -0.610692
0.816 -0.603404
0.817 -0.596129
0.818 -0.588868
0.819 -0.58162
0.82 -0.574389
0.821 -0.567174
0.822 -0.559976
0.823 -0.552798
0.824 -0.545639
0.825 -0.538501
0.826 -0.531384
0.827 -0.524291
0.828 -0.517222
0.829 -0.510179
0.83 -0.503161
0.831 -0.496172
0.832 -0.489211
0.833 -0.48228
0.834 -0.475381
0.835 -0.468513
0.836 -0.46168
0.837 -0.454881
0.838 -0.448119
0.839 -0.441394
0.84 -0.434707
0.841 -0.428061
0.842 -0.421455
0.843 -0.414893
0.844 -0.408374
0.845 -0.4019
0.846 -0.395473
0.847 -0.389093
0.848 -0.382763
0.849 -0.376483
0.85 -0.370256
0.851 -0.364081
0.852 -0.357961
0.853 -0.351897
0.854 -0.34589
0.855 -0.339942
0.856 -0.334054
0.857 -0.328228
0.858 -0.322464
0.859 -0.316765
0.86 -0.311131
0.861 -0.305565
0.862 -0.300066
0.863 -0.294638
0.864 -0.289281
0.865 -0.283996
0.866 -0.278786
0.867 -0.27365
0.868 -0.268592
0.869 -0.263611
0.87 -0.25871
0.871 -0.25389
0.872 -0.249152
0.873 -0.244497
0.874 -0.239927
0.875 -0.235444
0.876 -0.231047
0.877 -0.22674
0.878 -0.222523
0.879 -0.218397
0.88 -0.214364
0.881 -0.210425
0.882 -0.206581
0.883 -0.202833
0.884 -0.199183
0.885 -0.195632
0.886 -0.192181
0.887 -0.188831
0.888 -0.185584
0.889 -0.18244
0.89 -0.179401
0.891 -0.176467
0.892 -0.17364
0.893 -0.170922
0.894 -0.168312
0.895 -0.165813
0.896 -0.163424
0.897 -0.161147
0.898 -0.158984
0.899 -0.156934
0.9 -0.154999
0.901 -0.15318
0.902 -0.151477
0.903 -0.149892
0.904 -0.148426
0.905 -0.147078
0.906 -0.14585
0.907 -0.144742
0.908 -0.143756
0.909 -0.142892
0.91 -0.142151
0.911 -0.141533
0.912 -0.141038
0.913 -0.140668
0.914 -0.140423
0.915 -0.140304
0.916 -0.140311
0.917 -0.140444
0.918 -0.140704
0.919 -0.141091
0.92 -0.141606
0.921 -0.142249
0.922 -0.14302
0.923 -0.14392
0.924 -0.144949
0.925 -0.146107
0.926 -0.147394
0.927 -0.14881
0.928 -0.150356
0.929 -0.152032
0.93 -0.153837
0.931 -0.155772
0.932 -0.157836
0.933 -0.16003
0.934 -0.162354
0.935 -0.164808
0.936 -0.16739
0.937 -0.170102
0.938 -0.172943
0.939 -0.175913
0.94 -0.179012
0.941 -0.182238
0.942 -0.185593
0.943 -0.189075
0.944 -0.192684
0.945 -0.196421
0.946 -0.200284
0.947 -0.204272
0.948 -0.208386
0.949 -0.212626
0.95 -0.216989
0.951 -0.221476
0.952 -0.226087
0.953 -0.23082
0.954 -0.235675
0.955 -0.240652
0.956 -0.245749
0.957 -0.250966
0.958 -0.256301
0.959 -0.261755
0.96 -0.267327
0.961 -0.273015
0.962 -0.278819
0.963 -0.284738
0.964 -0.29077
0.965 -0.296916
0.966 -0.303174
0.967 -0.309543
0.968 -0.316021
0.969 -0.322609
0.97 -0.329305
0.971 -0.336108
0.972 -0.343017
0.973 -0.350031
0.974 -0.357148
0.975 -0.364368
0.976 -0.371689
0.977 -0.379111
0.978 -0.386631
0.979 -0.394249
0.98 -0.401964
0.981 -0.409775
0.982 -0.417679
0.983 -0.425676
0.984 -0.433765
0.985 -0.441944
0.986 -0.450212
0.987 -0.458568
0.988 -0.467011
0.989 -0.475538
0.99 -0.484149
0.991 -0.492842
0.992 -0.501617
0.993 -0.510471
0.994 -0.519403
0.995 -0.528413
0.996 -0.537497
0.997 -0.546656
0.998 -0.555888
0.999 -0.565191
1 -0.574564
1.001 -10
