0 0
0.001 0.618509
0.002 0.624242
0.003 0.629979
0.004 0.635722
0.005 0.641469
0.006 0.64722
0.007 0.652975
0.008 0.658734
0.009 0.664496
0.01 0.67026
0.011 0.676028
0.012 0.681797
0.013 0.687568
0.014 0.69334
0.015 0.699113
0.016 0.704887
0.017 0.710662
0.018 0.716435
0.019 0.722209
0.02 0.727981
0.021 0.733753
0.022 0.739522
0.023 0.74529
0.024 0.751055
0.025 0.756817
0.026 0.762576
0.027 0.768331
0.028 0.774082
0.029 0.779829
0.03 0.785571
0.031 0.791308
0.032 0.797039
0.033 0.802764
0.034 0.808483
0.035 0.814195
0.036 0.819901
0.037 0.825598
0.038 0.831288
0.039 0.836969
0.04 0.842642
0.041 0.848306
0.042 0.853961
0.043 0.859606
0.044 0.86524
0.045 0.870865
0.046 0.876478
0.047 0.88208
0.048 0.887671
0.049 0.89325
0.05 0.898817
0.051 0.904372
0.052 0.909913
0.053 0.915442
0.054 0.920956
0.055 0.926458
0.056 0.931945
0.057 0.937417
0.058 0.942875
0.059 0.948318
0.06 0.953746
0.061 0.959158
0.062 0.964555
0.063 0.969935
0.064 0.975299
0.065 0.980646
0.066 0.985977
0.067 0.991291
0.068 0.996587
0.069 1.00187
0.07 1.00713
0.071 1.01237
0.072 1.0176
0.073 1.0228
0.074 1.02799
0.075 1.03316
0.076 1.03831
0.077 1.04344
0.078 1.04855
0.079 1.05365
0.08 1.05872
0.081 1.06378
0.082 1.06881
0.083 1.07383
0.084 1.07882
0.085 1.0838
0.086 1.08875
0.087 1.09369
0.088 1.0986
0.089 1.10349
0.09 1.10837
0.091 1.11322
0.092 1.11805
0.093 1.12287
0.094 1.12766
0.095 1.13243
0.096 1.13718
0.097 1.14191
0.098 1.14662
0.099 1.15131
0.1 1.15598
0.101 1.16062
0.102 1.16525
0.103 1.16986
0.104 1.17444
0.105 1.17901
0.106 1.18356
0.107 1.18808
0.108 1.19259
0.109 1.19707
0.11 1.20153
0.111 1.20598
0.112 1.2104
0.113 1.21481
0.114 1.21919
0.115 1.22356
0.116 1.2279
0.117 1.23223
0.118 1.23653
0.119 1.24082
0.12 1.24509
0.121 1.24934
0.122 1.25357
0.123 1.25778
0.124 1.26197
0.125 1.26614
0.126 1.2703
0.127 1.27444
0.128 1.27856
0.129 1.28266
0.13 1.28674
0.131 1.2908
0.132 1.29485
0.133 1.29888
0.134 1.30289
0.135 1.30689
0.136 1.31087
0.137 1.31483
0.138 1.31877
0.139 1.3227
0.14 1.32662
0.141 1.33051
0.142 1.33439
0.143 1.33825
0.144 1.3421
0.145 1.34594
0.146 1.34975
0.147 1.35356
0.148 1.35734
0.149 1.36111
0.15 1.36487
0.151 1.36861
0.152 1.37234
0.153 1.37606
0.154 1.37976
0.155 1.38344
0.156 1.38712
0.157 1.39077
0.158 1.39442
0.159 1.39805
0.16 1.40167
0.161 1.40528
0.162 1.40887
0.163 1.41245
0.164 1.41602
0.165 1.41957
0.166 1.42312
0.167 1.42665
0.168 1.43017
0.169 1.43368
0.17 1.43717
0.171 1.44066
0.172 1.44413
0.173 1.44759
0.174 1.45104
0.175 1.45448
0.176 1.45791
0.177 1.46133
0.178 1.46474
0.179 1.46814
0.18 1.47153
0.181 1.47491
0.182 1.47828
0.183 1.48163
0.184 1.48498
0.185 1.48832
0.186 1.49165
0.187 1.49498
0.188 1.49829
0.189 1.50159
0.19 1.50488
0.191 1.50817
0.192 1.51145
0.193 1.51472
0.194 1.51798
0.195 1.52123
0.196 1.52447
0.197 1.52771
0.198 1.53094
0.199 1.53416
0.2 1.53737
0.201 1.54057
0.202 1.54377
0.203 1.54696
0.204 1.55014
0.205 1.55332
0.206 1.55649
0.207 1.55965
0.208 1.56281
0.209 1.56596
0.21 1.5691
0.211 1.57223
0.212 1.57536
0.213 1.57849
0.214 1.5816
0.215 1.58471
0.216 1.58782
0.217 1.59092
0.218 1.59401
0.219 1.5971
0.22 1.60018
0.221 1.60325
0.222 1.60633
0.223 1.60939
0.224 1.61245
0.225 1.61551
0.226 1.61855
0.227 1.6216
0.228 1.62464
0.229 1.62767
0.23 1.6307
0.231 1.63373
0.232 1.63675
0.233 1.63976
0.234 1.64278
0.235 1.64578
0.236 1.64879
0.237 1.65178
0.238 1.65478
0.239 1.65777
0.24 1.66076
0.241 1.66374
0.242 1.66672
0.243 1.66969
0.244 1.67266
0.245 1.67563
0.246 1.67859
0.247 1.68155
0.248 1.68451
0.249 1.68746
0.25 1.69041
0.251 1.69335
0.252 1.6963
0.253 1.69924
0.254 1.70217
0.255 1.70511
0.256 1.70804
0.257 1.71096
0.258 1.71389
0.259 1.71681
0.26 1.71973
0.261 1.72264
0.262 1.72556
0.263 1.72847
0.264 1.73137
0.265 1.73428
0.266 1.73718
0.267 1.74008
0.268 1.74298
0.269 1.74588
0.27 1.74877
0.271 1.75166
0.272 1.75455
0.273 1.75743
0.274 1.76032
0.275 1.7632
0.276 1.76608
0.277 1.76896
0.278 1.77184
0.279 1.77471
0.28 1.77758
0.281 1.78045
0.282 1.78332
0.283 1.78619
0.284 1.78906
0.285 1.79192
0.286 1.79478
0.287 1.79764
0.288 1.8005
0.289 1.80336
0.29 1.80622
0.291 1.80907
0.292 1.81192
0.293 1.81478
0.294 1.81763
0.295 1.82047
0.296 1.82332
0.297 1.82617
0.298 1.82901
0.299 1.83186
0.3 1.8347
0.301 1.83754
0.302 1.84039
0.303 1.84323
0.304 1.84606
0.305 1.8489
0.306 1.85174
0.307 1.85457
0.308 1.85741
0.309 1.86024
0.31 1.86308
0.311 1.86591
0.312 1.86874
0.313 1.87157
0.314 1.8744
0.315 1.87723
0.316 1.88006
0.317 1.88289
0.318 1.88572
0.319 1.88854
0.32 1.89137
0.321 1.8942
0.322 1.89702
0.323 1.89985
0.324 1.90267
0.325 1.90549
0.326 1.90832
0.327 1.91114
0.328 1.91396
0.329 1.91679
0.33 1.91961
0.331 1.92243
0.332 1.92525
0.333 1.92807
0.334 1.93089
0.335 1.93371
0.336 1.93653
0.337 1.93935
0.338 1.94217
0.339 1.94499
0.34 1.94781
0.341 1.95063
0.342 1.95345
0.343 1.95627
0.344 1.95909
0.345 1.96191
0.346 1.96473
0.347 1.96755
0.348 1.97037
0.349 1.97319
0.35 1.97601
0.351 1.97883
0.352 1.98166
0.353 1.98448
0.354 1.9873
0.355 1.99012
0.356 1.99294
0.357 1.99576
0.358 1.99859
0.359 2.00141
0.36 2.00423
0.361 2.00706
0.362 2.00988
0.363 2.0127
0.364 2.01553
0.365 2.01835
0.366 2.02118
0.367 2.02401
0.368 2.02683
0.369 2.02966
0.37 2.03249
0.371 2.03532
0.372 2.03815
0.373 2.04098
0.374 2.04381
0.375 2.04665
0.376 2.04948
0.377 2.05231
0.378 2.05515
0.379 2.05798
0.38 2.06082
0.381 2.06366
0.382 2.0665
0.383 2.06934
0.384 2.07218
0.385 2.07502
0.386 2.07786
0.387 2.08071
0.388 2.08355
0.389 2.0864
0.39 2.08925
0.391 2.0921
0.392 2.09495
0.393 2.0978
0.394 2.10065
0.395 2.10351
0.396 2.10636
0.397 2.10922
0.398 2.11208
0.399 2.11494
0.4 2.11781
0.401 2.12067
0.402 2.12354
0.403 2.1264
0.404 2.12927
0.405 2.13214
0.406 2.13502
0.407 2.13789
0.408 2.14077
0.409 2.14365
0.41 2.14653
0.411 2.14941
0.412 2.1523
0.413 2.15519
0.414 2.15808
0.415 2.16097
0.416 2.16386
0.417 2.16676
0.418 2.16966
0.419 2.17256
0.42 2.17546
0.421 2.17837
0.422 2.18128
0.423 2.18419
0.424 2.1871
0.425 2.19002
0.426 2.19294
0.427 2.19586
0.428 2.19878
0.429 2.20171
0.43 2.20464
0.431 2.20758
0.432 2.21051
0.433 2.21345
0.434 2.2164
0.435 2.21934
0.436 2.22229
0.437 2.22524
0.438 2.2282
0.439 2.23116
0.44 2.23412
0.441 2.23709
0.442 2.24006
0.443 2.24303
0.444 2.24601
0.445 2.24899
0.446 2.25198
0.447 2.25497
0.448 2.25796
0.449 2.26096
0.45 2.26396
0.451 2.26696
0.452 2.26997
0.453 2.27299
0.454 2.276
0.455 2.27903
0.456 2.28205
0.457 2.28508
0.458 2.28812
0.459 2.29116
0.46 2.2942
0.461 2.29725
0.462 2.30031
0.463 2.30337
0.464 2.30643
0.465 2.3095
0.466 2.31258
0.467 2.31566
0.468 2.31874
0.469 2.32183
0.47 2.32493
0.471 2.32803
0.472 2.33113
0.473 2.33425
0.474 2.33736
0.475 2.34049
0.476 2.34362
0.477 2.34675
0.478 2.34989
0.479 2.35304
0.48 2.35619
0.481 2.35935
0.482 2.36252
0.483 2.36569
0.484 2.36887
0.485 2.37206
0.486 2.37525
0.487 2.37845
0.488 2.38165
0.489 2.38486
0.49 2.38808
0.491 2.39131
0.492 2.39454
0.493 2.39778
0.494 2.40103
0.495 2.40428
0.496 2.40755
0.497 2.41082
0.498 2.41409
0.499 2.41738
0.5 2.42067
0.501 2.42397
0.502 2.42728
0.503 2.4306
0.504 2.43392
0.505 2.43725
0.506 2.4406
0.507 2.44395
0.508 2.4473
0.509 2.45067
0.51 2.45405
0.511 2.45743
0.512 2.46083
0.513 2.46423
0.514 2.46764
0.515 2.47106
0.516 2.47449
0.517 2.47793
0.518 2.48138
0.519 2.48484
0.52 2.48831
0.521 2.49179
0.522 2.49527
0.523 2.49877
0.524 2.50228
0.525 2.5058
0.526 2.50933
0.527 2.51287
0.528 2.51642
0.529 2.51998
0.53 2.52355
0.531 2.52713
0.532 2.53072
0.533 2.53433
0.534 2.53795
0.535 2.54157
0.536 2.54521
0.537 2.54886
0.538 2.55252
0.539 2.5562
0.54 2.55988
0.541 2.56358
0.542 2.56729
0.543 2.57101
0.544 2.57475
0.545 2.5785
0.546 2.58226
0.547 2.58603
0.548 2.58981
0.549 2.59361
0.55 2.59743
0.551 2.60125
0.552 2.60509
0.553 2.60894
0.554 2.61281
0.555 2.61669
0.556 2.62058
0.557 2.62449
0.558 2.62841
0.559 2.63235
0.56 2.6363
0.561 2.64027
0.562 2.64425
0.563 2.64824
0.564 2.65225
0.565 2.65628
0.566 2.66032
0.567 2.66438
0.568 2.66845
0.569 2.67254
0.57 2.67665
0.571 2.68077
0.572 2.6849
0.573 2.68906
0.574 2.69323
0.575 2.69741
0.576 2.70162
0.577 2.70584
0.578 2.71008
0.579 2.71433
0.58 2.7186
0.581 2.72289
0.582 2.7272
0.583 2.73153
0.584 2.73587
0.585 2.74024
0.586 2.74462
0.587 2.74902
0.588 2.75344
0.589 2.75788
0.59 2.76233
0.591 2.76681
0.592 2.77131
0.593 2.77582
0.594 2.78036
0.595 2.78492
0.596 2.78949
0.597 2.79409
0.598 2.79871
0.599 2.80335
0.6 2.80801
0.601 2.81269
0.602 2.81739
0.603 2.82211
0.604 2.82686
0.605 2.83163
0.606 2.83641
0.607 2.84123
0.608 2.84606
0.609 2.85092
0.61 2.8558
0.611 2.8607
0.612 2.86563
0.613 2.87058
0.614 2.87556
0.615 2.88055
0.616 2.88558
0.617 2.89062
0.618 2.8957
0.619 2.90079
0.62 2.90592
0.621 2.91106
0.622 2.91624
0.623 2.92143
0.624 2.92666
0.625 2.93191
0.626 2.93719
0.627 2.94249
0.628 2.94782
0.629 2.95318
0.63 2.95857
0.631 2.96398
0.632 2.96942
0.633 2.97489
0.634 2.98039
0.635 2.98591
0.636 2.99147
0.637 2.99705
0.638 3.00266
0.639 3.00831
0.64 3.01398
0.641 3.01968
0.642 3.02541
0.643 3.03118
0.644 3.03697
0.645 3.0428
0.646 3.04865
0.647 3.05454
0.648 3.06046
0.649 3.06641
0.65 3.0724
0.651 3.07842
0.652 3.08447
0.653 3.09055
0.654 3.09667
0.655 3.10282
0.656 3.10901
0.657 3.11523
0.658 3.12148
0.659 3.12777
0.66 3.13409
0.661 3.14045
0.662 3.14685
0.663 3.15328
0.664 3.15975
0.665 3.16626
0.666 3.1728
0.667 3.17938
0.668 3.186
0.669 3.19265
0.67 3.19934
0.671 3.20608
0.672 3.21285
0.673 3.21966
0.674 3.22651
0.675 3.23339
0.676 3.24032
0.677 3.24729
0.678 3.2543
0.679 3.26136
0.68 3.26845
0.681 3.27558
0.682 3.28276
0.683 3.28998
0.684 3.29724
0.685 3.30454
0.686 3.31189
0.687 3.31928
0.688 3.32672
0.689 3.3342
0.69 3.34172
0.691 3.34929
0.692 3.35691
0.693 3.36457
0.694 3.37227
0.695 3.38002
0.696 3.38782
0.697 3.39567
0.698 3.40356
0.699 3.4115
0.7 3.41949
0.701 3.42753
0.702 3.43562
0.703 3.44375
0.704 3.45194
0.705 3.46017
0.706 3.46846
0.707 3.47679
0.708 3.48518
0.709 3.49362
0.71 3.50211
0.711 3.51065
0.712 3.51924
0.713 3.52789
0.714 3.53658
0.715 3.54533
0.716 3.55414
0.717 3.563
0.718 3.57191
0.719 3.58088
0.72 3.5899
0.721 3.59898
0.722 3.60812
0.723 3.61731
0.724 3.62655
0.725 3.63585
0.726 3.64521
0.727 3.65463
0.728 3.66411
0.729 3.67364
0.73 3.68323
0.731 3.69288
0.732 3.70259
0.733 3.71236
0.734 3.72218
0.735 3.73207
0.736 3.74202
0.737 3.75203
0.738 3.7621
0.739 3.77223
0.74 3.78242
0.741 3.79267
0.742 3.80299
0.743 3.81337
0.744 3.82381
0.745 3.83431
0.746 3.84488
0.747 3.85551
0.748 3.8662
0.749 3.87696
0.75 3.88778
0.751 3.89867
0.752 3.90962
0.753 3.92064
0.754 3.93172
0.755 3.94287
0.756 3.95408
0.757 3.96536
0.758 3.9767
0.759 3.98811
0.76 3.99959
0.761 4.01114
0.762 4.02275
0.763 4.03443
0.764 4.04617
0.765 4.05799
0.766 4.06987
0.767 4.08181
0.768 4.09383
0.769 4.10591
0.77 4.11807
0.771 4.13029
0.772 4.14257
0.773 4.15493
0.774 4.16736
0.775 4.17985
0.776 4.19241
0.777 4.20504
0.778 4.21774
0.779 4.23051
0.78 4.24334
0.781 4.25625
0.782 4.26922
0.783 4.28226
0.784 4.29537
0.785 4.30855
0.786 4.3218
0.787 4.33511
0.788 4.34849
0.789 4.36194
0.79 4.37546
0.791 4.38905
0.792 4.4027
0.793 4.41642
0.794 4.43021
0.795 4.44407
0.796 4.45799
0.797 4.47198
0.798 4.48603
0.799 4.50015
0.8 4.51434
0.801 4.52859
0.802 4.5429
0.803 4.55729
0.804 4.57173
0.805 4.58624
0.806 4.60081
0.807 4.61545
0.808 4.63015
0.809 4.64491
0.81 4.65973
0.811 4.67461
0.812 4.68956
0.813 4.70456
0.814 4.71963
0.815 4.73475
0.816 4.74993
0.817 4.76517
0.818 4.78047
0.819 4.79582
0.82 4.81123
0.821 4.8267
0.822 4.84222
0.823 4.85779
0.824 4.87342
0.825 4.8891
0.826 4.90483
0.827 4.92061
0.828 4.93644
0.829 4.95232
0.83 4.96825
0.831 4.98422
0.832 5.00024
0.833 5.01631
0.834 5.03242
0.835 5.04858
0.836 5.06477
0.837 5.08101
0.838 5.09729
0.839 5.11361
0.84 5.12997
0.841 5.14636
0.842 5.16279
0.843 5.17926
0.844 5.19576
0.845 5.21229
0.846 5.22885
0.847 5.24544
0.848 5.26207
0.849 5.27872
0.85 5.29539
0.851 5.31209
0.852 5.32882
0.853 5.34557
0.854 5.36234
0.855 5.37913
0.856 5.39594
0.857 5.41276
0.858 5.4296
0.859 5.44646
0.86 5.46333
0.861 5.48021
0.862 5.4971
0.863 5.514
0.864 5.5309
0.865 5.54781
0.866 5.56473
0.867 5.58165
0.868 5.59857
0.869 5.61549
0.87 5.63241
0.871 5.64932
0.872 5.66623
0.873 5.68314
0.874 5.70003
0.875 5.71692
0.876 5.73379
0.877 5.75065
0.878 5.7675
0.879 5.78433
0.88 5.80115
0.881 5.81794
0.882 5.83472
0.883 5.85147
0.884 5.8682
0.885 5.8849
0.886 5.90157
0.887 5.91822
0.888 5.93484
0.889 5.95142
0.89 5.96797
0.891 5.98448
0.892 6.00096
0.893 6.0174
0.894 6.0338
0.895 6.05016
0.896 6.06648
0.897 6.08275
0.898 6.09897
0.899 6.11515
0.9 6.13127
0.901 6.14735
0.902 6.16337
0.903 6.17934
0.904 6.19525
0.905 6.21111
0.906 6.22691
0.907 6.24264
0.908 6.25832
0.909 6.27393
0.91 6.28948
0.911 6.30496
0.912 6.32038
0.913 6.33573
0.914 6.351
0.915 6.36621
0.916 6.38134
0.917 6.3964
0.918 6.41138
0.919 6.42629
0.92 6.44111
0.921 6.45586
0.922 6.47053
0.923 6.48512
0.924 6.49962
0.925 6.51404
0.926 6.52837
0.927 6.54262
0.928 6.55678
0.929 6.57085
0.93 6.58484
0.931 6.59873
0.932 6.61253
0.933 6.62623
0.934 6.63985
0.935 6.65337
0.936 6.66679
0.937 6.68012
0.938 6.69334
0.939 6.70648
0.94 6.71951
0.941 6.73244
0.942 6.74527
0.943 6.758
0.944 6.77063
0.945 6.78316
0.946 6.79558
0.947 6.8079
0.948 6.82012
0.949 6.83223
0.95 6.84423
0.951 6.85613
0.952 6.86792
0.953 6.87961
0.954 6.89118
0.955 6.90265
0.956 6.91401
0.957 6.92527
0.958 6.93641
0.959 6.94745
0.96 6.95837
0.961 6.96919
0.962 6.97989
0.963 6.99049
0.964 7.00097
0.965 7.01135
0.966 7.02162
0.967 7.03177
0.968 7.04182
0.969 7.05175
0.97 7.06157
0.971 7.07129
0.972 7.08089
0.973 7.09038
0.974 7.09977
0.975 7.10904
0.976 7.1182
0.977 7.12725
0.978 7.1362
0.979 7.14503
0.98 7.15376
0.981 7.16238
0.982 7.17089
0.983 7.17929
0.984 7.18758
0.985 7.19577
0.986 7.20385
0.987 7.21182
0.988 7.21969
0.989 7.22745
0.99 7.23511
0.991 7.24266
0.992 7.25011
0.993 7.25745
0.994 7.26469
0.995 7.27183
0.996 7.27887
0.997 7.28581
0.998 7.29264
0.999 7.29938
1 7.30601
1.001 0
