0 -10
0.001 -5.9798
0.002 -5.96376
0.003 -5.94769
0.004 -5.93161
0.005 -5.91551
0.006 -5.8994
0.007 -5.88326
0.008 -5.86712
0.009 -5.85096
0.01 -5.83478
0.011 -5.8186
0.012 -5.8024
0.013 -5.7862
0.014 -5.76999
0.015 -5.75377
0.016 -5.73755
0.017 -5.72132
0.018 -5.70509
0.019 -5.68886
0.02 -5.67263
0.021 -5.6564
0.022 -5.64017
0.023 -5.62395
0.024 -5.60773
0.025 -5.59151
0.026 -5.5753
0.027 -5.5591
0.028 -5.54291
0.029 -5.52674
0.03 -5.51057
0.031 -5.49442
0.032 -5.47828
0.033 -5.46216
0.034 -5.44605
0.035 -5.42996
0.036 -5.41389
0.037 -5.39785
0.038 -5.38182
0.039 -5.36582
0.04 -5.34984
0.041 -5.33389
0.042 -5.31796
0.043 -5.30206
0.044 -5.28619
0.045 -5.27035
0.046 -5.25454
0.047 -5.23877
0.048 -5.22302
0.049 -5.20731
0.05 -5.19164
0.051 -5.176
0.052 -5.1604
0.053 -5.14483
0.054 -5.12931
0.055 -5.11383
0.056 -5.09838
0.057 -5.08298
0.058 -5.06762
0.059 -5.05231
0.06 -5.03704
0.061 -5.02181
0.062 -5.00663
0.063 -4.9915
0.064 -4.97642
0.065 -4.96138
0.066 -4.94639
0.067 -4.93145
0.068 -4.91656
0.069 -4.90173
0.07 -4.88694
0.071 -4.87221
0.072 -4.85753
0.073 -4.8429
0.074 -4.82832
0.075 -4.8138
0.076 -4.79934
0.077 -4.78492
0.078 -4.77057
0.079 -4.75627
0.08 -4.74202
0.081 -4.72784
0.082 -4.71371
0.083 -4.69963
0.084 -4.68561
0.085 -4.67166
0.086 -4.65775
0.087 -4.64391
0.088 -4.63013
0.089 -4.6164
0.09 -4.60273
0.091 -4.58912
0.092 -4.57557
0.093 -4.56208
0.094 -4.54864
0.095 -4.53527
0.096 -4.52195
0.097 -4.5087
0.098 -4.4955
0.099 -4.48236
0.1 -4.46928
0.101 -4.45626
0.102 -4.4433
0.103 -4.4304
0.104 -4.41756
0.105 -4.40477
0.106 -4.39204
0.107 -4.37938
0.108 -4.36677
0.109 -4.35422
0.11 -4.34173
0.111 -4.32929
0.112 -4.31691
0.113 -4.3046
0.114 -4.29233
0.115 -4.28013
0.116 -4.26798
0.117 -4.25589
0.118 -4.24386
0.119 -4.23189
0.12 -4.21997
0.121 -4.2081
0.122 -4.1963
0.123 -4.18454
0.124 -4.17285
0.125 -4.16121
0.126 -4.14962
0.127 -4.13809
0.128 -4.12662
0.129 -4.1152
0.13 -4.10383
0.131 -4.09252
0.132 -4.08126
0.133 -4.07006
0.134 -4.0589
0.135 -4.04781
0.136 -4.03676
0.137 -4.02577
0.138 -4.01483
0.139 -4.00394
0.14 -3.9931
0.141 -3.98232
0.142 -3.97159
0.143 -3.96091
0.144 -3.95028
0.145 -3.9397
0.146 -3.92917
0.147 -3.91869
0.148 -3.90826
0.149 -3.89788
0.15 -3.88756
0.151 -3.87728
0.152 -3.86705
0.153 -3.85687
0.154 -3.84674
0.155 -3.83665
0.156 -3.82662
0.157 -3.81663
0.158 -3.8067
0.159 -3.79681
0.16 -3.78696
0.161 -3.77717
0.162 -3.76742
0.163 -3.75772
0.164 -3.74806
0.165 -3.73846
0.166 -3.72889
0.167 -3.71938
0.168 -3.70991
0.169 -3.70048
0.17 -3.69111
0.171 -3.68177
0.172 -3.67248
0.173 -3.66324
0.174 -3.65404
0.175 -3.64489
0.176 -3.63578
0.177 -3.62671
0.178 -3.61769
0.179 -3.60871
0.18 -3.59977
0.181 -3.59088
0.182 -3.58203
0.183 -3.57322
0.184 -3.56446
0.185 -3.55573
0.186 -3.54705
0.187 -3.53841
0.188 -3.52982
0.189 -3.52126
0.19 -3.51275
0.191 -3.50427
0.192 -3.49584
0.193 -3.48744
0.194 -3.47909
0.195 -3.47078
0.196 -3.46251
0.197 -3.45427
0.198 -3.44608
0.199 -3.43792
0.2 -3.42981
0.201 -3.42173
0.202 -3.41369
0.203 -3.40569
0.204 -3.39773
0.205 -3.3898
0.206 -3.38192
0.207 -3.37407
0.208 -3.36625
0.209 -3.35848
0.21 -3.35074
0.211 -3.34303
0.212 -3.33536
0.213 -3.32773
0.214 -3.32014
0.215 -3.31258
0.216 -3.30505
0.217 -3.29756
0.218 -3.2901
0.219 -3.28268
0.22 -3.2753
0.221 -3.26794
0.222 -3.26062
0.223 -3.25334
0.224 -3.24609
0.225 -3.23887
0.226 -3.23168
0.227 -3.22453
0.228 -3.2174
0.229 -3.21031
0.23 -3.20326
0.231 -3.19623
0.232 -3.18924
0.233 -3.18227
0.234 -3.17534
0.235 -3.16844
0.236 -3.16157
0.237 -3.15473
0.238 -3.14791
0.239 -3.14113
0.24 -3.13438
0.241 -3.12766
0.242 -3.12097
0.243 -3.1143
0.244 -3.10767
0.245 -3.10106
0.246 -3.09448
0.247 -3.08793
0.248 -3.08141
0.249 -3.07491
0.25 -3.06845
0.251 -3.06201
0.252 -3.05559
0.253 -3.0492
0.254 -3.04284
0.255 -3.03651
0.256 -3.0302
0.257 -3.02392
0.258 -3.01766
0.259 -3.01143
0.26 -3.00523
0.261 -2.99905
0.262 -2.99289
0.263 -2.98676
0.264 -2.98066
0.265 -2.97457
0.266 -2.96852
0.267 -2.96248
0.268 -2.95647
0.269 -2.95049
0.27 -2.94452
0.271 -2.93858
0.272 -2.93267
0.273 -2.92677
0.274 -2.9209
0.275 -2.91505
0.276 -2.90923
0.277 -2.90342
0.278 -2.89764
0.279 -2.89188
0.28 -2.88614
0.281 -2.88042
0.282 -2.87472
0.283 -2.86905
0.284 -2.86339
0.285 -2.85776
0.286 -2.85214
0.287 -2.84655
0.288 -2.84098
0.289 -2.83542
0.29 -2.82989
0.291 -2.82438
0.292 -2.81888
0.293 -2.81341
0.294 -2.80795
0.295 -2.80252
0.296 -2.7971
0.297 -2.7917
0.298 -2.78632
0.299 -2.78096
0.3 -2.77562
0.301 -2.77029
0.302 -2.76498
0.303 -2.7597
0.304 -2.75442
0.305 -2.74917
0.306 -2.74394
0.307 -2.73872
0.308 -2.73352
0.309 -2.72833
0.31 -2.72316
0.311 -2.71801
0.312 -2.71288
0.313 -2.70776
0.314 -2.70266
0.315 -2.69758
0.316 -2.69251
0.317 -2.68746
0.318 -2.68242
0.319 -2.6774
0.32 -2.6724
0.321 -2.66741
0.322 -2.66243
0.323 -2.65747
0.324 -2.65253
0.325 -2.6476
0.326 -2.64269
0.327 -2.63779
0.328 -2.63291
0.329 -2.62804
0.33 -2.62318
0.331 -2.61834
0.332 -2.61352
0.333 -2.6087
0.334 -2.6039
0.335 -2.59912
0.336 -2.59435
0.337 -2.58959
0.338 -2.58485
0.339 -2.58012
0.34 -2.5754
0.341 -2.5707
0.342 -2.56601
0.343 -2.56133
0.344 -2.55667
0.345 -2.55201
0.346 -2.54737
0.347 -2.54275
0.348 -2.53813
0.349 -2.53353
0.35 -2.52894
0.351 -2.52436
0.352 -2.5198
0.353 -2.51524
0.354 -2.5107
0.355 -2.50617
0.356 -2.50165
0.357 -2.49715
0.358 -2.49265
0.359 -2.48817
0.36 -2.48369
0.361 -2.47923
0.362 -2.47478
0.363 -2.47034
0.364 -2.46591
0.365 -2.46149
0.366 -2.45708
0.367 -2.45268
0.368 -2.4483
0.369 -2.44392
0.37 -2.43955
0.371 -2.43519
0.372 -2.43085
0.373 -2.42651
0.374 -2.42218
0.375 -2.41786
0.376 -2.41356
0.377 -2.40926
0.378 -2.40497
0.379 -2.40069
0.38 -2.39642
0.381 -2.39216
0.382 -2.3879
0.383 -2.38366
0.384 -2.37942
0.385 -2.3752
0.386 -2.37098
0.387 -2.36677
0.388 -2.36257
0.389 -2.35838
0.39 -2.35419
0.391 -2.35001
0.392 -2.34585
0.393 -2.34169
0.394 -2.33753
0.395 -2.33339
0.396 -2.32925
0.397 -2.32512
0.398 -2.321
0.399 -2.31688
0.4 -2.31278
0.401 -2.30867
0.402 -2.30458
0.403 -2.30049
0.404 -2.29641
0.405 -2.29234
0.406 -2.28828
0.407 -2.28422
0.408 -2.28016
0.409 -2.27611
0.41 -2.27207
0.411 -2.26804
0.412 -2.26401
0.413 -2.25999
0.414 -2.25597
0.415 -2.25196
0.416 -2.24796
0.417 -2.24396
0.418 -2.23996
0.419 -2.23597
0.42 -2.23199
0.421 -2.22801
0.422 -2.22404
0.423 -2.22007
0.424 -2.21611
0.425 -2.21215
0.426 -2.2082
0.427 -2.20425
0.428 -2.2003
0.429 -2.19636
0.43 -2.19243
0.431 -2.1885
0.432 -2.18457
0.433 -2.18065
0.434 -2.17673
0.435 -2.17281
0.436 -2.1689
0.437 -2.16499
0.438 -2.16109
0.439 -2.15719
0.44 -2.15329
0.441 -2.1494
0.442 -2.14551
0.443 -2.14162
0.444 -2.13773
0.445 -2.13385
0.446 -2.12997
0.447 -2.1261
0.448 -2.12222
0.449 -2.11835
0.45 -2.11448
0.451 -2.11062
0.452 -2.10675
0.453 -2.10289
0.454 -2.09903
0.455 -2.09517
0.456 -2.09132
0.457 -2.08746
0.458 -2.08361
0.459 -2.07976
0.46 -2.07591
0.461 -2.07206
0.462 -2.06821
0.463 -2.06437
0.464 -2.06052
0.465 -2.05668
0.466 -2.05284
0.467 -2.04899
0.468 -2.04515
0.469 -2.04131
0.47 -2.03747
0.471 -2.03363
0.472 -2.02979
0.473 -2.02595
0.474 -2.02211
0.475 -2.01827
0.476 -2.01443
0.477 -2.01059
0.478 -2.00675
0.479 -2.00291
0.48 -1.99907
0.481 -1.99523
0.482 -1.99138
0.483 -1.98754
0.484 -1.98369
0.485 -1.97985
0.486 -1.976
0.487 -1.97215
0.488 -1.96831
0.489 -1.96446
0.49 -1.9606
0.491 -1.95675
0.492 -1.95289
0.493 -1.94904
0.494 -1.94518
0.495 -1.94132
0.496 -1.93745
0.497 -1.93359
0.498 -1.92972
0.499 -1.92585
0.5 -1.92198
0.501 -1.9181
0.502 -1.91423
0.503 -1.91035
0.504 -1.90646
0.505 -1.90257
0.506 -1.89869
0.507 -1.89479
0.508 -1.8909
0.509 -1.887
0.51 -1.88309
0.511 -1.87919
0.512 -1.87528
0.513 -1.87136
0.514 -1.86744
0.515 -1.86352
0.516 -1.85959
0.517 -1.85566
0.518 -1.85173
0.519 -1.84779
0.52 -1.84384
0.521 -1.83989
0.522 -1.83594
0.523 -1.83198
0.524 -1.82802
0.525 -1.82405
0.526 -1.82008
0.527 -1.8161
0.528 -1.81211
0.529 -1.80812
0.53 -1.80413
0.531 -1.80013
0.532 -1.79612
0.533 -1.79211
0.534 -1.78809
0.535 -1.78406
0.536 -1.78003
0.537 -1.77599
0.538 -1.77195
0.539 -1.7679
0.54 -1.76384
0.541 -1.75977
0.542 -1.7557
0.543 -1.75163
0.544 -1.74754
0.545 -1.74345
0.546 -1.73935
0.547 -1.73524
0.548 -1.73113
0.549 -1.727
0.55 -1.72287
0.551 -1.71873
0.552 -1.71459
0.553 -1.71043
0.554 -1.70627
0.555 -1.7021
0.556 -1.69792
0.557 -1.69374
0.558 -1.68954
0.559 -1.68533
0.56 -1.68112
0.561 -1.6769
0.562 -1.67267
0.563 -1.66843
0.564 -1.66418
0.565 -1.65992
0.566 -1.65565
0.567 -1.65137
0.568 -1.64708
0.569 -1.64278
0.57 -1.63847
0.571 -1.63415
0.572 -1.62983
0.573 -1.62549
0.574 -1.62114
0.575 -1.61678
0.576 -1.61241
0.577 -1.60803
0.578 -1.60364
0.579 -1.59923
0.58 -1.59482
0.581 -1.59039
0.582 -1.58596
0.583 -1.58151
0.584 -1.57705
0.585 -1.57258
0.586 -1.5681
0.587 -1.5636
0.588 -1.5591
0.589 -1.55458
0.59 -1.55005
0.591 -1.54551
0.592 -1.54095
0.593 -1.53639
0.594 -1.53181
0.595 -1.52721
0.596 -1.52261
0.597 -1.51799
0.598 -1.51336
0.599 -1.50871
0.6 -1.50406
0.601 -1.49938
0.602 -1.4947
0.603 -1.49
0.604 -1.48529
0.605 -1.48056
0.606 -1.47582
0.607 -1.47107
0.608 -1.4663
0.609 -1.46152
0.61 -1.45673
0.611 -1.45192
0.612 -1.44709
0.613 -1.44225
0.614 -1.4374
0.615 -1.43253
0.616 -1.42765
0.617 -1.42275
0.618 -1.41784
0.619 -1.41291
0.62 -1.40796
0.621 -1.403
0.622 -1.39803
0.623 -1.39304
0.624 -1.38803
0.625 -1.38301
0.626 -1.37797
0.627 -1.37292
0.628 -1.36785
0.629 -1.36277
0.63 -1.35767
0.631 -1.35255
0.632 -1.34742
0.633 -1.34227
0.634 -1.3371
0.635 -1.33192
0.636 -1.32672
0.637 -1.3215
0.638 -1.31627
0.639 -1.31102
0.64 -1.30576
0.641 -1.30047
0.642 -1.29517
0.643 -1.28986
0.644 -1.28452
0.645 -1.27917
0.646 -1.2738
0.647 -1.26842
0.648 -1.26302
0.649 -1.2576
0.65 -1.25216
0.651 -1.2467
0.652 -1.24123
0.653 -1.23574
0.654 -1.23024
0.655 -1.22471
0.656 -1.21917
0.657 -1.21361
0.658 -1.20804
0.659 -1.20244
0.66 -1.19683
0.661 -1.1912
0.662 -1.18556
0.663 -1.17989
0.664 -1.17421
0.665 -1.16851
0.666 -1.1628
0.667 -1.15706
0.668 -1.15131
0.669 -1.14554
0.67 -1.13976
0.671 -1.13396
0.672 -1.12814
0.673 -1.1223
0.674 -1.11644
0.675 -1.11057
0.676 -1.10468
0.677 -1.09878
0.678 -1.09286
0.679 -1.08692
0.68 -1.08096
0.681 -1.07499
0.682 -1.069
0.683 -1.063
0.684 -1.05698
0.685 -1.05094
0.686 -1.04489
0.687 -1.03882
0.688 -1.03273
0.689 -1.02663
0.69 -1.02052
0.691 -1.01439
0.692 -1.00824
0.693 -1.00208
0.694 -0.995905
0.695 -0.989715
0.696 -0.983512
0.697 -0.977294
0.698 -0.971063
0.699 -0.964818
0.7 -0.95856
0.701 -0.952289
0.702 -0.946005
0.703 -0.939709
0.704 -0.9334
0.705 -0.92708
0.706 -0.920748
0.707 -0.914404
0.708 -0.90805
0.709 -0.901685
0.71 -0.89531
0.711 -0.888925
0.712 -0.88253
0.713 -0.876126
0.714 -0.869713
0.715 -0.863292
0.716 -0.856863
0.717 -0.850427
0.718 -0.843983
0.719 -0.837533
0.72 -0.831076
0.721 -0.824614
0.722 -0.818146
0.723 -0.811674
0.724 -0.805198
0.725 -0.798717
0.726 -0.792234
0.727 -0.785748
0.728 -0.77926
0.729 -0.772771
0.73 -0.76628
0.731 -0.75979
0.732 -0.753299
0.733 -0.74681
0.734 -0.740322
0.735 -0.733837
0.736 -0.727355
0.737 -0.720876
0.738 -0.714401
0.739 -0.707932
0.74 -0.701469
0.741 -0.695012
0.742 -0.688562
0.743 -0.682121
0.744 -0.675688
0.745 -0.669265
0.746 -0.662853
0.747 -0.656452
0.748 -0.650063
0.749 -0.643688
0.75 -0.637326
0.751 -0.630979
0.752 -0.624648
0.753 -0.618334
0.754 -0.612037
0.755 -0.605759
0.756 -0.599501
0.757 -0.593263
0.758 -0.587047
0.759 -0.580853
0.76 -0.574683
0.761 -0.568538
0.762 -0.562418
0.763 -0.556325
0.764 -0.55026
0.765 -0.544224
0.766 -0.538218
0.767 -0.532243
0.768 -0.526301
0.769 -0.520392
0.77 -0.514518
0.771 -0.50868
0.772 -0.502878
0.773 -0.497115
0.774 -0.491392
0.775 -0.485709
0.776 -0.480068
0.777 -0.47447
0.778 -0.468917
0.779 -0.46341
0.78 -0.457949
0.781 -0.452537
0.782 -0.447174
0.783 -0.441862
0.784 -0.436602
0.785 -0.431396
0.786 -0.426245
0.787 -0.42115
0.788 -0.416112
0.789 -0.411133
0.79 -0.406214
0.791 -0.401357
0.792 -0.396563
0.793 -0.391834
0.794 -0.38717
0.795 -0.382573
0.796 -0.378044
0.797 -0.373585
0.798 -0.369198
0.799 -0.364883
0.8 -0.360642
0.801 -0.356476
0.802 -0.352387
0.803 -0.348376
0.804 -0.344445
0.805 -0.340595
0.806 -0.336826
0.807 -0.333142
0.808 -0.329542
0.809 -0.326029
0.81 -0.322603
0.811 -0.319267
0.812 -0.316021
0.813 -0.312866
0.814 -0.309805
0.815 -0.306838
0.816 -0.303967
0.817 -0.301192
0.818 -0.298516
0.819 -0.295939
0.82 -0.293463
0.821 -0.29109
0.822 -0.288819
0.823 -0.286653
0.824 -0.284592
0.825 -0.282639
0.826 -0.280793
0.827 -0.279057
0.828 -0.277431
0.829 -0.275916
0.83 -0.274514
0.831 -0.273226
0.832 -0.272052
0.833 -0.270994
0.834 -0.270053
0.835 -0.26923
0.836 -0.268525
0.837 -0.26794
0.838 -0.267476
0.839 -0.267133
0.84 -0.266913
0.841 -0.266815
0.842 -0.266842
0.843 -0.266994
0.844 -0.267271
0.845 -0.267675
0.846 -0.268206
0.847 -0.268865
0.848 -0.269652
0.849 -0.270569
0.85 -0.271615
0.851 -0.272791
0.852 -0.274098
0.853 -0.275537
0.854 -0.277107
0.855 -0.27881
0.856 -0.280645
0.857 -0.282614
0.858 -0.284716
0.859 -0.286952
0.86 -0.289322
0.861 -0.291826
0.862 -0.294464
0.863 -0.297238
0.864 -0.300146
0.865 -0.303189
0.866 -0.306368
0.867 -0.309682
0.868 -0.31313
0.869 -0.316714
0.87 -0.320433
0.871 -0.324287
0.872 -0.328277
0.873 -0.3324
0.874 -0.336659
0.875 -0.341051
0.876 -0.345578
0.877 -0.350239
0.878 -0.355033
0.879 -0.359961
0.88 -0.365021
0.881 -0.370213
0.882 -0.375537
0.883 -0.380993
0.884 -0.38658
0.885 -0.392296
0.886 -0.398143
0.887 -0.404118
0.888 -0.410222
0.889 -0.416454
0.89 -0.422813
0.891 -0.429298
0.892 -0.435908
0.893 -0.442644
0.894 -0.449503
0.895 -0.456485
0.896 -0.463589
0.897 -0.470814
0.898 -0.478159
0.899 -0.485623
0.9 -0.493206
0.901 -0.500906
0.902 -0.508721
0.903 -0.516652
0.904 -0.524696
0.905 -0.532853
0.906 -0.541122
0.907 -0.549501
0.908 -0.557989
0.909 -0.566585
0.91 -0.575287
0.911 -0.584095
0.912 -0.593007
0.913 -0.602021
0.914 -0.611137
0.915 -0.620352
0.916 -0.629666
0.917 -0.639077
0.918 -0.648584
0.919 -0.658186
0.92 -0.66788
0.921 -0.677665
0.922 -0.68754
0.923 -0.697504
0.924 -0.707555
0.925 -0.717691
0.926 -0.72791
0.927 -0.738212
0.928 -0.748595
0.929 -0.759057
0.93 -0.769597
0.931 -0.780212
0.932 -0.790902
0.933 -0.801665
0.934 -0.812499
0.935 -0.823402
0.936 -0.834374
0.937 -0.845411
0.938 -0.856514
0.939 -0.86768
0.94 -0.878907
0.941 -0.890194
0.942 -0.90154
0.943 -0.912942
0.944 -0.924399
0.945 -0.93591
0.946 -0.947472
0.947 -0.959084
0.948 -0.970745
0.949 -0.982453
0.95 -0.994207
0.951 -1.006
0.952 -1.01784
0.953 -1.02972
0.954 -1.04164
0.955 -1.0536
0.956 -1.06559
0.957 -1.07761
0.958 -1.08967
0.959 -1.10176
0.96 -1.11388
0.961 -1.12603
0.962 -1.1382
0.963 -1.1504
0.964 -1.16263
0.965 -1.17487
0.966 -1.18714
0.967 -1.19942
0.968 -1.21172
0.969 -1.22404
0.97 -1.23638
0.971 -1.24873
0.972 -1.26109
0.973 -1.27346
0.974 -1.28584
0.975 -1.29822
0.976 -1.31062
0.977 -1.32302
0.978 -1.33542
0.979 -1.34783
0.98 -1.36024
0.981 -1.37265
0.982 -1.38506
0.983 -1.39747
0.984 -1.40987
0.985 -1.42227
0.986 -1.43467
0.987 -1.44706
0.988 -1.45944
0.989 -1.47181
0.99 -1.48417
0.991 -1.49652
0.992 -1.50886
0.993 -1.52118
0.994 -1.5335
0.995 -1.54579
0.996 -1.55807
0.997 -1.57034
0.998 -1.58259
0.999 -1.59481
1 -1.60702
1.001 -10
