0 0
0.001 0.676147
0.002 0.683617
0.003 0.691093
0.004 0.698576
0.005 0.706065
0.006 0.713559
0.007 0.721057
0.008 0.728559
0.009 0.736065
0.01 0.743574
0.011 0.751084
0.012 0.758596
0.013 0.766109
0.014 0.773622
0.015 0.781135
0.016 0.788646
0.017 0.796156
0.018 0.803663
0.019 0.811168
0.02 0.818669
0.021 0.826165
0.022 0.833656
0.023 0.841142
0.024 0.848622
0.025 0.856095
0.026 0.86356
0.027 0.871017
0.028 0.878465
0.029 0.885904
0.03 0.893333
0.031 0.900752
0.032 0.908159
0.033 0.915554
0.034 0.922936
0.035 0.930306
0.036 0.937662
0.037 0.945003
0.038 0.95233
0.039 0.959642
0.04 0.966937
0.041 0.974216
0.042 0.981478
0.043 0.988723
0.044 0.995949
0.045 1.00316
0.046 1.01034
0.047 1.01751
0.048 1.02466
0.049 1.03179
0.05 1.0389
0.051 1.04598
0.052 1.05305
0.053 1.06009
0.054 1.06711
0.055 1.0741
0.056 1.08108
0.057 1.08803
0.058 1.09495
0.059 1.10185
0.06 1.10872
0.061 1.11557
0.062 1.1224
0.063 1.1292
0.064 1.13597
0.065 1.14271
0.066 1.14943
0.067 1.15613
0.068 1.16279
0.069 1.16943
0.07 1.17604
0.071 1.18263
0.072 1.18918
0.073 1.19571
0.074 1.20221
0.075 1.20868
0.076 1.21513
0.077 1.22154
0.078 1.22793
0.079 1.23429
0.08 1.24062
0.081 1.24692
0.082 1.2532
0.083 1.25944
0.084 1.26566
0.085 1.27185
0.086 1.27801
0.087 1.28414
0.088 1.29025
0.089 1.29632
0.09 1.30237
0.091 1.30839
0.092 1.31438
0.093 1.32034
0.094 1.32628
0.095 1.33218
0.096 1.33806
0.097 1.34392
0.098 1.34974
0.099 1.35554
0.1 1.36131
0.101 1.36706
0.102 1.37278
0.103 1.37847
0.104 1.38413
0.105 1.38977
0.106 1.39539
0.107 1.40098
0.108 1.40654
0.109 1.41208
0.11 1.41759
0.111 1.42308
0.112 1.42854
0.113 1.43398
0.114 1.43939
0.115 1.44478
0.116 1.45015
0.117 1.45549
0.118 1.46081
0.119 1.46611
0.12 1.47139
0.121 1.47664
0.122 1.48187
0.123 1.48708
0.124 1.49226
0.125 1.49743
0.126 1.50257
0.127 1.50769
0.128 1.5128
0.129 1.51788
0.13 1.52294
0.131 1.52798
0.132 1.533
0.133 1.538
0.134 1.54298
0.135 1.54795
0.136 1.55289
0.137 1.55782
0.138 1.56272
0.139 1.56761
0.14 1.57248
0.141 1.57733
0.142 1.58217
0.143 1.58699
0.144 1.59179
0.145 1.59657
0.146 1.60134
0.147 1.60609
0.148 1.61082
0.149 1.61554
0.15 1.62024
0.151 1.62493
0.152 1.6296
0.153 1.63425
0.154 1.63889
0.155 1.64352
0.156 1.64813
0.157 1.65273
0.158 1.65731
0.159 1.66187
0.16 1.66643
0.161 1.67097
0.162 1.67549
0.163 1.68
0.164 1.6845
0.165 1.68899
0.166 1.69346
0.167 1.69792
0.168 1.70236
0.169 1.7068
0.17 1.71122
0.171 1.71562
0.172 1.72002
0.173 1.7244
0.174 1.72878
0.175 1.73314
0.176 1.73749
0.177 1.74182
0.178 1.74615
0.179 1.75046
0.18 1.75477
0.181 1.75906
0.182 1.76334
0.183 1.76761
0.184 1.77187
0.185 1.77612
0.186 1.78036
0.187 1.78459
0.188 1.78881
0.189 1.79302
0.19 1.79722
0.191 1.80141
0.192 1.80559
0.193 1.80976
0.194 1.81392
0.195 1.81807
0.196 1.82221
0.197 1.82634
0.198 1.83047
0.199 1.83458
0.2 1.83869
0.201 1.84278
0.202 1.84687
0.203 1.85095
0.204 1.85503
0.205 1.85909
0.206 1.86314
0.207 1.86719
0.208 1.87123
0.209 1.87526
0.21 1.87929
0.211 1.8833
0.212 1.88731
0.213 1.89131
0.214 1.8953
0.215 1.89929
0.216 1.90327
0.217 1.90724
0.218 1.9112
0.219 1.91516
0.22 1.91911
0.221 1.92306
0.222 1.92699
0.223 1.93092
0.224 1.93485
0.225 1.93876
0.226 1.94267
0.227 1.94658
0.228 1.95048
0.229 1.95437
0.23 1.95826
0.231 1.96214
0.232 1.96601
0.233 1.96988
0.234 1.97374
0.235 1.9776
0.236 1.98145
0.237 1.9853
0.238 1.98914
0.239 1.99298
0.24 1.99681
0.241 2.00063
0.242 2.00445
0.243 2.00827
0.244 2.01208
0.245 2.01588
0.246 2.01968
0.247 2.02348
0.248 2.02727
0.249 2.03106
0.25 2.03484
0.251 2.03862
0.252 2.04239
0.253 2.04616
0.254 2.04993
0.255 2.05369
0.256 2.05744
0.257 2.0612
0.258 2.06495
0.259 2.06869
0.26 2.07243
0.261 2.07617
0.262 2.0799
0.263 2.08363
0.264 2.08736
0.265 2.09108
0.266 2.0948
0.267 2.09852
0.268 2.10223
0.269 2.10594
0.27 2.10965
0.271 2.11335
0.272 2.11705
0.273 2.12075
0.274 2.12445
0.275 2.12814
0.276 2.13183
0.277 2.13551
0.278 2.1392
0.279 2.14288
0.28 2.14655
0.281 2.15023
0.282 2.1539
0.283 2.15757
0.284 2.16124
0.285 2.16491
0.286 2.16857
0.287 2.17223
0.288 2.17589
0.289 2.17955
0.29 2.1832
0.291 2.18686
0.292 2.19051
0.293 2.19416
0.294 2.1978
0.295 2.20145
0.296 2.20509
0.297 2.20874
0.298 2.21238
0.299 2.21601
0.3 2.21965
0.301 2.22329
0.302 2.22692
0.303 2.23055
0.304 2.23418
0.305 2.23781
0.306 2.24144
0.307 2.24507
0.308 2.24869
0.309 2.25232
0.31 2.25594
0.311 2.25956
0.312 2.26319
0.313 2.26681
0.314 2.27042
0.315 2.27404
0.316 2.27766
0.317 2.28128
0.318 2.28489
0.319 2.28851
0.32 2.29212
0.321 2.29573
0.322 2.29935
0.323 2.30296
0.324 2.30657
0.325 2.31018
0.326 2.31379
0.327 2.3174
0.328 2.32101
0.329 2.32462
0.33 2.32823
0.331 2.33184
0.332 2.33545
0.333 2.33906
0.334 2.34266
0.335 2.34627
0.336 2.34988
0.337 2.35349
0.338 2.3571
0.339 2.3607
0.34 2.36431
0.341 2.36792
0.342 2.37153
0.343 2.37513
0.344 2.37874
0.345 2.38235
0.346 2.38596
0.347 2.38957
0.348 2.39318
0.349 2.39679
0.35 2.4004
0.351 2.40401
0.352 2.40763
0.353 2.41124
0.354 2.41485
0.355 2.41846
0.356 2.42208
0.357 2.42569
0.358 2.42931
0.359 2.43293
0.36 2.43655
0.361 2.44017
0.362 2.44379
0.363 2.44741
0.364 2.45103
0.365 2.45465
0.366 2.45828
0.367 2.4619
0.368 2.46553
0.369 2.46916
0.37 2.47279
0.371 2.47642
0.372 2.48005
0.373 2.48368
0.374 2.48732
0.375 2.49096
0.376 2.4946
0.377 2.49824
0.378 2.50188
0.379 2.50552
0.38 2.50917
0.381 2.51282
0.382 2.51647
0.383 2.52012
0.384 2.52378
0.385 2.52743
0.386 2.53109
0.387 2.53475
0.388 2.53841
0.389 2.54208
0.39 2.54575
0.391 2.54942
0.392 2.55309
0.393 2.55677
0.394 2.56045
0.395 2.56413
0.396 2.56781
0.397 2.5715
0.398 2.57519
0.399 2.57888
0.4 2.58257
0.401 2.58627
0.402 2.58997
0.403 2.59368
0.404 2.59739
0.405 2.6011
0.406 2.60481
0.407 2.60853
0.408 2.61226
0.409 2.61598
0.41 2.61971
0.411 2.62344
0.412 2.62718
0.413 2.63092
0.414 2.63467
0.415 2.63841
0.416 2.64217
0.417 2.64592
0.418 2.64969
0.419 2.65345
0.42 2.65722
0.421 2.661
0.422 2.66478
0.423 2.66856
0.424 2.67235
0.425 2.67614
0.426 2.67994
0.427 2.68374
0.428 2.68755
0.429 2.69136
0.43 2.69518
0.431 2.69901
0.432 2.70283
0.433 2.70667
0.434 2.71051
0.435 2.71435
0.436 2.71821
0.437 2.72206
0.438 2.72593
0.439 2.72979
0.44 2.73367
0.441 2.73755
0.442 2.74144
0.443 2.74533
0.444 2.74923
0.445 2.75314
0.446 2.75705
0.447 2.76097
0.448 2.7649
0.449 2.76883
0.45 2.77277
0.451 2.77672
0.452 2.78067
0.453 2.78463
0.454 2.7886
0.455 2.79258
0.456 2.79657
0.457 2.80056
0.458 2.80456
0.459 2.80856
0.46 2.81258
0.461 2.8166
0.462 2.82064
0.463 2.82468
0.464 2.82872
0.465 2.83278
0.466 2.83685
0.467 2.84092
0.468 2.84501
0.469 2.8491
0.47 2.8532
0.471 2.85731
0.472 2.86143
0.473 2.86556
0.474 2.8697
0.475 2.87385
0.476 2.87801
0.477 2.88217
0.478 2.88635
0.479 2.89054
0.48 2.89474
0.481 2.89895
0.482 2.90317
0.483 2.9074
0.484 2.91164
0.485 2.91589
0.486 2.92015
0.487 2.92443
0.488 2.92871
0.489 2.93301
0.49 2.93732
0.491 2.94164
0.492 2.94597
0.493 2.95031
0.494 2.95467
0.495 2.95904
0.496 2.96342
0.497 2.96781
0.498 2.97222
0.499 2.97663
0.5 2.98107
0.501 2.98551
0.502 2.98997
0.503 2.99444
0.504 2.99892
0.505 3.00342
0.506 3.00793
0.507 3.01246
0.508 3.017
0.509 3.02155
0.51 3.02612
0.511 3.0307
0.512 3.0353
0.513 3.03991
0.514 3.04454
0.515 3.04918
0.516 3.05384
0.517 3.05851
0.518 3.0632
0.519 3.0679
0.52 3.07262
0.521 3.07736
0.522 3.08211
0.523 3.08688
0.524 3.09167
0.525 3.09647
0.526 3.10129
0.527 3.10613
0.528 3.11099
0.529 3.11586
0.53 3.12075
0.531 3.12565
0.532 3.13058
0.533 3.13552
0.534 3.14049
0.535 3.14547
0.536 3.15047
0.537 3.15548
0.538 3.16052
0.539 3.16558
0.54 3.17066
0.541 3.17575
0.542 3.18087
0.543 3.186
0.544 3.19116
0.545 3.19634
0.546 3.20153
0.547 3.20675
0.548 3.21199
0.549 3.21725
0.55 3.22254
0.551 3.22784
0.552 3.23316
0.553 3.23851
0.554 3.24388
0.555 3.24928
0.556 3.25469
0.557 3.26013
0.558 3.26559
0.559 3.27108
0.56 3.27658
0.561 3.28212
0.562 3.28767
0.563 3.29325
0.564 3.29886
0.565 3.30449
0.566 3.31014
0.567 3.31582
0.568 3.32153
0.569 3.32726
0.57 3.33302
0.571 3.3388
0.572 3.34461
0.573 3.35044
0.574 3.35631
0.575 3.36219
0.576 3.36811
0.577 3.37406
0.578 3.38003
0.579 3.38603
0.58 3.39206
0.581 3.39811
0.582 3.4042
0.583 3.41031
0.584 3.41646
0.585 3.42263
0.586 3.42883
0.587 3.43506
0.588 3.44133
0.589 3.44762
0.59 3.45395
0.591 3.4603
0.592 3.46669
0.593 3.47311
0.594 3.47956
0.595 3.48604
0.596 3.49256
0.597 3.4991
0.598 3.50568
0.599 3.5123
0.6 3.51895
0.601 3.52563
0.602 3.53234
0.603 3.53909
0.604 3.54588
0.605 3.5527
0.606 3.55955
0.607 3.56644
0.608 3.57337
0.609 3.58033
0.61 3.58733
0.611 3.59436
0.612 3.60143
0.613 3.60854
0.614 3.61569
0.615 3.62288
0.616 3.6301
0.617 3.63736
0.618 3.64466
0.619 3.652
0.62 3.65938
0.621 3.6668
0.622 3.67425
0.623 3.68175
0.624 3.68929
0.625 3.69687
0.626 3.70449
0.627 3.71216
0.628 3.71986
0.629 3.72761
0.63 3.7354
0.631 3.74323
0.632 3.7511
0.633 3.75902
0.634 3.76699
0.635 3.77499
0.636 3.78304
0.637 3.79114
0.638 3.79928
0.639 3.80746
0.64 3.8157
0.641 3.82397
0.642 3.8323
0.643 3.84067
0.644 3.84908
0.645 3.85755
0.646 3.86606
0.647 3.87462
0.648 3.88323
0.649 3.89189
0.65 3.90059
0.651 3.90935
0.652 3.91815
0.653 3.92701
0.654 3.93591
0.655 3.94486
0.656 3.95387
0.657 3.96293
0.658 3.97203
0.659 3.98119
0.66 3.9904
0.661 3.99967
0.662 4.00898
0.663 4.01835
0.664 4.02778
0.665 4.03725
0.666 4.04678
0.667 4.05637
0.668 4.066
0.669 4.0757
0.67 4.08545
0.671 4.09525
0.672 4.10511
0.673 4.11502
0.674 4.12499
0.675 4.13502
0.676 4.14511
0.677 4.15525
0.678 4.16545
0.679 4.1757
0.68 4.18601
0.681 4.19639
0.682 4.20682
0.683 4.2173
0.684 4.22785
0.685 4.23846
0.686 4.24912
0.687 4.25985
0.688 4.27063
0.689 4.28148
0.69 4.29238
0.691 4.30335
0.692 4.31437
0.693 4.32546
0.694 4.33661
0.695 4.34781
0.696 4.35908
0.697 4.37041
0.698 4.38181
0.699 4.39326
0.7 4.40478
0.701 4.41635
0.702 4.42799
0.703 4.4397
0.704 4.45146
0.705 4.46329
0.706 4.47518
0.707 4.48713
0.708 4.49915
0.709 4.51123
0.71 4.52337
0.711 4.53557
0.712 4.54784
0.713 4.56017
0.714 4.57256
0.715 4.58502
0.716 4.59754
0.717 4.61012
0.718 4.62276
0.719 4.63547
0.72 4.64824
0.721 4.66107
0.722 4.67397
0.723 4.68693
0.724 4.69995
0.725 4.71304
0.726 4.72618
0.727 4.73939
0.728 4.75266
0.729 4.76599
0.73 4.77939
0.731 4.79284
0.732 4.80636
0.733 4.81993
0.734 4.83357
0.735 4.84727
0.736 4.86103
0.737 4.87485
0.738 4.88873
0.739 4.90266
0.74 4.91666
0.741 4.93071
0.742 4.94483
0.743 4.959
0.744 4.97322
0.745 4.98751
0.746 5.00185
0.747 5.01625
0.748 5.0307
0.749 5.04521
0.75 5.05977
0.751 5.07438
0.752 5.08905
0.753 5.10378
0.754 5.11855
0.755 5.13337
0.756 5.14825
0.757 5.16318
0.758 5.17815
0.759 5.19318
0.76 5.20825
0.761 5.22337
0.762 5.23854
0.763 5.25375
0.764 5.26901
0.765 5.28431
0.766 5.29965
0.767 5.31504
0.768 5.33047
0.769 5.34594
0.77 5.36145
0.771 5.377
0.772 5.39258
0.773 5.40821
0.774 5.42386
0.775 5.43956
0.776 5.45529
0.777 5.47105
0.778 5.48684
0.779 5.50266
0.78 5.51851
0.781 5.53439
0.782 5.5503
0.783 5.56623
0.784 5.58219
0.785 5.59817
0.786 5.61417
0.787 5.6302
0.788 5.64624
0.789 5.66231
0.79 5.67839
0.791 5.69448
0.792 5.71059
0.793 5.72671
0.794 5.74285
0.795 5.759
0.796 5.77515
0.797 5.79131
0.798 5.80748
0.799 5.82366
0.8 5.83983
0.801 5.85601
0.802 5.87219
0.803 5.88837
0.804 5.90454
0.805 5.92072
0.806 5.93688
0.807 5.95304
0.808 5.96919
0.809 5.98533
0.81 6.00146
0.811 6.01757
0.812 6.03367
0.813 6.04975
0.814 6.06582
0.815 6.08186
0.816 6.09789
0.817 6.11389
0.818 6.12987
0.819 6.14582
0.82 6.16174
0.821 6.17763
0.822 6.19349
0.823 6.20932
0.824 6.22512
0.825 6.24088
0.826 6.2566
0.827 6.27229
0.828 6.28793
0.829 6.30353
0.83 6.31909
0.831 6.3346
0.832 6.35006
0.833 6.36548
0.834 6.38085
0.835 6.39616
0.836 6.41142
0.837 6.42663
0.838 6.44178
0.839 6.45687
0.84 6.47191
0.841 6.48688
0.842 6.50179
0.843 6.51663
0.844 6.53141
0.845 6.54613
0.846 6.56077
0.847 6.57535
0.848 6.58985
0.849 6.60429
0.85 6.61865
0.851 6.63293
0.852 6.64714
0.853 6.66126
0.854 6.67531
0.855 6.68928
0.856 6.70317
0.857 6.71698
0.858 6.7307
0.859 6.74433
0.86 6.75788
0.861 6.77134
0.862 6.78472
0.863 6.798
0.864 6.81119
0.865 6.82429
0.866 6.8373
0.867 6.85021
0.868 6.86303
0.869 6.87575
0.87 6.88837
0.871 6.9009
0.872 6.91333
0.873 6.92565
0.874 6.93788
0.875 6.95001
0.876 6.96203
0.877 6.97396
0.878 6.98578
0.879 6.99749
0.88 7.0091
0.881 7.02061
0.882 7.03201
0.883 7.0433
0.884 7.05449
0.885 7.06557
0.886 7.07654
0.887 7.0874
0.888 7.09816
0.889 7.1088
0.89 7.11934
0.891 7.12977
0.892 7.14008
0.893 7.15029
0.894 7.16039
0.895 7.17037
0.896 7.18025
0.897 7.19001
0.898 7.19967
0.899 7.20921
0.9 7.21864
0.901 7.22796
0.902 7.23717
0.903 7.24627
0.904 7.25526
0.905 7.26413
0.906 7.2729
0.907 7.28156
0.908 7.2901
0.909 7.29854
0.91 7.30686
0.911 7.31508
0.912 7.32319
0.913 7.33119
0.914 7.33907
0.915 7.34686
0.916 7.35453
0.917 7.36209
0.918 7.36955
0.919 7.3769
0.92 7.38415
0.921 7.39129
0.922 7.39833
0.923 7.40526
0.924 7.41208
0.925 7.41881
0.926 7.42543
0.927 7.43194
0.928 7.43836
0.929 7.44467
0.93 7.45089
0.931 7.457
0.932 7.46302
0.933 7.46894
0.934 7.47476
0.935 7.48048
0.936 7.48611
0.937 7.49164
0.938 7.49708
0.939 7.50242
0.94 7.50768
0.941 7.51283
0.942 7.5179
0.943 7.52288
0.944 7.52777
0.945 7.53256
0.946 7.53727
0.947 7.5419
0.948 7.54643
0.949 7.55089
0.95 7.55525
0.951 7.55953
0.952 7.56374
0.953 7.56785
0.954 7.57189
0.955 7.57585
0.956 7.57973
0.957 7.58352
0.958 7.58725
0.959 7.59089
0.96 7.59446
0.961 7.59796
0.962 7.60138
0.963 7.60472
0.964 7.608
0.965 7.61121
0.966 7.61434
0.967 7.6174
0.968 7.6204
0.969 7.62333
0.97 7.62619
0.971 7.62899
0.972 7.63172
0.973 7.63439
0.974 7.63699
0.975 7.63953
0.976 7.64201
0.977 7.64443
0.978 7.64679
0.979 7.64909
0.98 7.65133
0.981 7.65352
0.982 7.65565
0.983 7.65772
0.984 7.65974
0.985 7.6617
0.986 7.66361
0.987 7.66547
0.988 7.66728
0.989 7.66904
0.99 7.67074
0.991 7.6724
0.992 7.67401
0.993 7.67557
0.994 7.67709
0.995 7.67855
0.996 7.67998
0.997 7.68135
0.998 7.68269
0.999 7.68398
1 7.68523
1.001 0
