0 5
0.001 3.17248
0.002 3.16912
0.003 3.16577
0.004 3.16242
0.005 3.15908
0.006 3.15574
0.007 3.15242
0.008 3.1491
0.009 3.14579
0.01 3.14248
0.011 3.13919
0.012 3.13591
0.013 3.13263
0.014 3.12937
0.015 3.12612
0.016 3.12287
0.017 3.11965
0.018 3.11643
0.019 3.11323
0.02 3.11004
0.021 3.10686
0.022 3.1037
0.023 3.10055
0.024 3.09742
0.025 3.09431
0.026 3.09121
0.027 3.08813
0.028 3.08507
0.029 3.08203
0.03 3.079
0.031 3.07599
0.032 3.07301
0.033 3.07004
0.034 3.0671
0.035 3.06417
0.036 3.06127
0.037 3.05839
0.038 3.05553
0.039 3.0527
0.04 3.04989
0.041 3.0471
0.042 3.04434
0.043 3.0416
0.044 3.03889
0.045 3.03621
0.046 3.03355
0.047 3.03092
0.048 3.02832
0.049 3.02574
0.05 3.0232
0.051 3.02068
0.052 3.01819
0.053 3.01573
0.054 3.0133
0.055 3.0109
0.056 3.00853
0.057 3.0062
0.058 3.00389
0.059 3.00162
0.06 2.99938
0.061 2.99717
0.062 2.99499
0.063 2.99285
0.064 2.99074
0.065 2.98866
0.066 2.98662
0.067 2.98462
0.068 2.98264
0.069 2.98071
0.07 2.9788
0.071 2.97694
0.072 2.97511
0.073 2.97331
0.074 2.97155
0.075 2.96983
0.076 2.96814
0.077 2.96649
0.078 2.96487
0.079 2.9633
0.08 2.96176
0.081 2.96025
0.082 2.95879
0.083 2.95736
0.084 2.95596
0.085 2.95461
0.086 2.95329
0.087 2.95201
0.088 2.95077
0.089 2.94956
0.09 2.94839
0.091 2.94726
0.092 2.94617
0.093 2.94511
0.094 2.9441
0.095 2.94311
0.096 2.94217
0.097 2.94126
0.098 2.94039
0.099 2.93956
0.1 2.93876
0.101 2.938
0.102 2.93727
0.103 2.93658
0.104 2.93593
0.105 2.93531
0.106 2.93473
0.107 2.93419
0.108 2.93368
0.109 2.9332
0.11 2.93276
0.111 2.93236
0.112 2.93199
0.113 2.93165
0.114 2.93134
0.115 2.93107
0.116 2.93084
0.117 2.93063
0.118 2.93046
0.119 2.93032
0.12 2.93022
0.121 2.93014
0.122 2.9301
0.123 2.93009
0.124 2.93011
0.125 2.93016
0.126 2.93023
0.127 2.93034
0.128 2.93048
0.129 2.93065
0.13 2.93084
0.131 2.93107
0.132 2.93132
0.133 2.9316
0.134 2.93191
0.135 2.93224
0.136 2.9326
0.137 2.93298
0.138 2.9334
0.139 2.93383
0.14 2.93429
0.141 2.93478
0.142 2.93529
0.143 2.93582
0.144 2.93638
0.145 2.93696
0.146 2.93756
0.147 2.93818
0.148 2.93882
0.149 2.93949
0.15 2.94018
0.151 2.94088
0.152 2.94161
0.153 2.94236
0.154 2.94312
0.155 2.94391
0.156 2.94471
0.157 2.94553
0.158 2.94637
0.159 2.94722
0.16 2.94809
0.161 2.94898
0.162 2.94988
0.163 2.9508
0.164 2.95174
0.165 2.95269
0.166 2.95365
0.167 2.95463
0.168 2.95562
0.169 2.95663
0.17 2.95764
0.171 2.95867
0.172 2.95972
0.173 2.96077
0.174 2.96184
0.175 2.96292
0.176 2.964
0.177 2.9651
0.178 2.96621
0.179 2.96733
0.18 2.96846
0.181 2.9696
0.182 2.97075
0.183 2.9719
0.184 2.97307
0.185 2.97424
0.186 2.97542
0.187 2.9766
0.188 2.9778
0.189 2.979
0.19 2.98021
0.191 2.98142
0.192 2.98264
0.193 2.98387
0.194 2.9851
0.195 2.98634
0.196 2.98758
0.197 2.98883
0.198 2.99008
0.199 2.99134
0.2 2.9926
0.201 2.99387
0.202 2.99514
0.203 2.99641
0.204 2.99768
0.205 2.99896
0.206 3.00024
0.207 3.00153
0.208 3.00282
0.209 3.0041
0.21 3.0054
0.211 3.00669
0.212 3.00798
0.213 3.00928
0.214 3.01058
0.215 3.01188
0.216 3.01318
0.217 3.01448
0.218 3.01579
0.219 3.01709
0.22 3.01839
0.221 3.0197
0.222 3.021
0.223 3.02231
0.224 3.02361
0.225 3.02492
0.226 3.02622
0.227 3.02753
0.228 3.02883
0.229 3.03014
0.23 3.03144
0.231 3.03274
0.232 3.03404
0.233 3.03534
0.234 3.03664
0.235 3.03794
0.236 3.03924
0.237 3.04053
0.238 3.04183
0.239 3.04312
0.24 3.04441
0.241 3.0457
0.242 3.04699
0.243 3.04827
0.244 3.04956
0.245 3.05084
0.246 3.05212
0.247 3.0534
0.248 3.05467
0.249 3.05595
0.25 3.05722
0.251 3.05849
0.252 3.05975
0.253 3.06102
0.254 3.06228
0.255 3.06354
0.256 3.06479
0.257 3.06605
0.258 3.0673
0.259 3.06855
0.26 3.06979
0.261 3.07103
0.262 3.07227
0.263 3.07351
0.264 3.07474
0.265 3.07597
0.266 3.0772
0.267 3.07843
0.268 3.07965
0.269 3.08087
0.27 3.08208
0.271 3.08329
0.272 3.0845
0.273 3.08571
0.274 3.08691
0.275 3.08811
0.276 3.08931
0.277 3.0905
0.278 3.09169
0.279 3.09287
0.28 3.09405
0.281 3.09523
0.282 3.09641
0.283 3.09758
0.284 3.09875
0.285 3.09991
0.286 3.10108
0.287 3.10223
0.288 3.10339
0.289 3.10454
0.29 3.10569
0.291 3.10683
0.292 3.10797
0.293 3.10911
0.294 3.11024
0.295 3.11137
0.296 3.1125
0.297 3.11362
0.298 3.11474
0.299 3.11585
0.3 3.11696
0.301 3.11807
0.302 3.11918
0.303 3.12028
0.304 3.12137
0.305 3.12247
0.306 3.12356
0.307 3.12464
0.308 3.12572
0.309 3.1268
0.31 3.12788
0.311 3.12895
0.312 3.13002
0.313 3.13108
0.314 3.13214
0.315 3.1332
0.316 3.13425
0.317 3.1353
0.318 3.13634
0.319 3.13739
0.32 3.13842
0.321 3.13946
0.322 3.14049
0.323 3.14152
0.324 3.14254
0.325 3.14356
0.326 3.14458
0.327 3.14559
0.328 3.1466
0.329 3.1476
0.33 3.1486
0.331 3.1496
0.332 3.15059
0.333 3.15158
0.334 3.15257
0.335 3.15355
0.336 3.15453
0.337 3.15551
0.338 3.15648
0.339 3.15745
0.34 3.15842
0.341 3.15938
0.342 3.16034
0.343 3.16129
0.344 3.16224
0.345 3.16319
0.346 3.16413
0.347 3.16507
0.348 3.16601
0.349 3.16694
0.35 3.16787
0.351 3.1688
0.352 3.16972
0.353 3.17064
0.354 3.17156
0.355 3.17247
0.356 3.17338
0.357 3.17428
0.358 3.17519
0.359 3.17608
0.36 3.17698
0.361 3.17787
0.362 3.17876
0.363 3.17964
0.364 3.18053
0.365 3.1814
0.366 3.18228
0.367 3.18315
0.368 3.18402
0.369 3.18488
0.37 3.18574
0.371 3.1866
0.372 3.18746
0.373 3.18831
0.374 3.18916
0.375 3.19
0.376 3.19084
0.377 3.19168
0.378 3.19252
0.379 3.19335
0.38 3.19418
0.381 3.195
0.382 3.19583
0.383 3.19665
0.384 3.19746
0.385 3.19828
0.386 3.19909
0.387 3.19989
0.388 3.2007
0.389 3.2015
0.39 3.20229
0.391 3.20309
0.392 3.20388
0.393 3.20467
0.394 3.20545
0.395 3.20624
0.396 3.20702
0.397 3.20779
0.398 3.20856
0.399 3.20934
0.4 3.2101
0.401 3.21087
0.402 3.21163
0.403 3.21239
0.404 3.21314
0.405 3.2139
0.406 3.21465
0.407 3.21539
0.408 3.21614
0.409 3.21688
0.41 3.21762
0.411 3.21835
0.412 3.21909
0.413 3.21982
0.414 3.22055
0.415 3.22127
0.416 3.22199
0.417 3.22271
0.418 3.22343
0.419 3.22414
0.42 3.22485
0.421 3.22556
0.422 3.22627
0.423 3.22697
0.424 3.22767
0.425 3.22837
0.426 3.22907
0.427 3.22976
0.428 3.23045
0.429 3.23114
0.43 3.23182
0.431 3.2325
0.432 3.23318
0.433 3.23386
0.434 3.23454
0.435 3.23521
0.436 3.23588
0.437 3.23655
0.438 3.23721
0.439 3.23788
0.44 3.23854
0.441 3.23919
0.442 3.23985
0.443 3.2405
0.444 3.24115
0.445 3.2418
0.446 3.24245
0.447 3.24309
0.448 3.24373
0.449 3.24437
0.45 3.24501
0.451 3.24564
0.452 3.24628
0.453 3.2469
0.454 3.24753
0.455 3.24816
0.456 3.24878
0.457 3.2494
0.458 3.25002
0.459 3.25064
0.46 3.25125
0.461 3.25186
0.462 3.25247
0.463 3.25308
0.464 3.25369
0.465 3.25429
0.466 3.25489
0.467 3.25549
0.468 3.25609
0.469 3.25668
0.47 3.25728
0.471 3.25787
0.472 3.25846
0.473 3.25904
0.474 3.25963
0.475 3.26021
0.476 3.26079
0.477 3.26137
0.478 3.26195
0.479 3.26252
0.48 3.2631
0.481 3.26367
0.482 3.26424
0.483 3.2648
0.484 3.26537
0.485 3.26593
0.486 3.26649
0.487 3.26705
0.488 3.26761
0.489 3.26816
0.49 3.26872
0.491 3.26927
0.492 3.26982
0.493 3.27037
0.494 3.27091
0.495 3.27146
0.496 3.272
0.497 3.27254
0.498 3.27308
0.499 3.27362
0.5 3.27415
0.501 3.27468
0.502 3.27522
0.503 3.27575
0.504 3.27627
0.505 3.2768
0.506 3.27732
0.507 3.27785
0.508 3.27837
0.509 3.27889
0.51 3.2794
0.511 3.27992
0.512 3.28043
0.513 3.28095
0.514 3.28146
0.515 3.28197
0.516 3.28247
0.517 3.28298
0.518 3.28348
0.519 3.28398
0.52 3.28449
0.521 3.28498
0.522 3.28548
0.523 3.28598
0.524 3.28647
0.525 3.28696
0.526 3.28745
0.527 3.28794
0.528 3.28843
0.529 3.28891
0.53 3.2894
0.531 3.28988
0.532 3.29036
0.533 3.29084
0.534 3.29132
0.535 3.29179
0.536 3.29227
0.537 3.29274
0.538 3.29321
0.539 3.29368
0.54 3.29415
0.541 3.29461
0.542 3.29508
0.543 3.29554
0.544 3.296
0.545 3.29646
0.546 3.29692
0.547 3.29738
0.548 3.29783
0.549 3.29829
0.55 3.29874
0.551 3.29919
0.552 3.29964
0.553 3.30008
0.554 3.30053
0.555 3.30097
0.556 3.30142
0.557 3.30186
0.558 3.3023
0.559 3.30274
0.56 3.30317
0.561 3.30361
0.562 3.30404
0.563 3.30447
0.564 3.3049
0.565 3.30533
0.566 3.30576
0.567 3.30618
0.568 3.30661
0.569 3.30703
0.57 3.30745
0.571 3.30787
0.572 3.30829
0.573 3.3087
0.574 3.30912
0.575 3.30953
0.576 3.30994
0.577 3.31035
0.578 3.31076
0.579 3.31117
0.58 3.31157
0.581 3.31197
0.582 3.31238
0.583 3.31278
0.584 3.31318
0.585 3.31357
0.586 3.31397
0.587 3.31436
0.588 3.31475
0.589 3.31514
0.59 3.31553
0.591 3.31592
0.592 3.31631
0.593 3.31669
0.594 3.31707
0.595 3.31746
0.596 3.31783
0.597 3.31821
0.598 3.31859
0.599 3.31896
0.6 3.31934
0.601 3.31971
0.602 3.32008
0.603 3.32044
0.604 3.32081
0.605 3.32117
0.606 3.32154
0.607 3.3219
0.608 3.32226
0.609 3.32262
0.61 3.32297
0.611 3.32333
0.612 3.32368
0.613 3.32403
0.614 3.32438
0.615 3.32472
0.616 3.32507
0.617 3.32541
0.618 3.32575
0.619 3.32609
0.62 3.32643
0.621 3.32677
0.622 3.3271
0.623 3.32744
0.624 3.32777
0.625 3.3281
0.626 3.32842
0.627 3.32875
0.628 3.32907
0.629 3.32939
0.63 3.32971
0.631 3.33003
0.632 3.33034
0.633 3.33066
0.634 3.33097
0.635 3.33128
0.636 3.33158
0.637 3.33189
0.638 3.33219
0.639 3.33249
0.64 3.33279
0.641 3.33309
0.642 3.33338
0.643 3.33368
0.644 3.33397
0.645 3.33425
0.646 3.33454
0.647 3.33482
0.648 3.3351
0.649 3.33538
0.65 3.33566
0.651 3.33593
0.652 3.33621
0.653 3.33647
0.654 3.33674
0.655 3.33701
0.656 3.33727
0.657 3.33753
0.658 3.33779
0.659 3.33804
0.66 3.33829
0.661 3.33854
0.662 3.33879
0.663 3.33903
0.664 3.33927
0.665 3.33951
0.666 3.33975
0.667 3.33998
0.668 3.34021
0.669 3.34044
0.67 3.34066
0.671 3.34088
0.672 3.3411
0.673 3.34132
0.674 3.34153
0.675 3.34174
0.676 3.34195
0.677 3.34215
0.678 3.34235
0.679 3.34254
0.68 3.34274
0.681 3.34293
0.682 3.34311
0.683 3.3433
0.684 3.34347
0.685 3.34365
0.686 3.34382
0.687 3.34399
0.688 3.34416
0.689 3.34432
0.69 3.34447
0.691 3.34463
0.692 3.34477
0.693 3.34492
0.694 3.34506
0.695 3.3452
0.696 3.34533
0.697 3.34546
0.698 3.34558
0.699 3.3457
0.7 3.34582
0.701 3.34593
0.702 3.34603
0.703 3.34613
0.704 3.34623
0.705 3.34632
0.706 3.34641
0.707 3.34649
0.708 3.34657
0.709 3.34664
0.71 3.3467
0.711 3.34676
0.712 3.34682
0.713 3.34687
0.714 3.34691
0.715 3.34695
0.716 3.34699
0.717 3.34701
0.718 3.34703
0.719 3.34705
0.72 3.34706
0.721 3.34706
0.722 3.34706
0.723 3.34705
0.724 3.34703
0.725 3.347
0.726 3.34697
0.727 3.34694
0.728 3.34689
0.729 3.34684
0.73 3.34678
0.731 3.34672
0.732 3.34664
0.733 3.34656
0.734 3.34647
0.735 3.34638
0.736 3.34627
0.737 3.34616
0.738 3.34604
0.739 3.34591
0.74 3.34577
0.741 3.34563
0.742 3.34547
0.743 3.34531
0.744 3.34514
0.745 3.34496
0.746 3.34477
0.747 3.34457
0.748 3.34436
0.749 3.34414
0.75 3.34391
0.751 3.34367
0.752 3.34342
0.753 3.34317
0.754 3.3429
0.755 3.34262
0.756 3.34233
0.757 3.34203
0.758 3.34172
0.759 3.34139
0.76 3.34106
0.761 3.34072
0.762 3.34036
0.763 3.33999
0.764 3.33961
0.765 3.33922
0.766 3.33882
0.767 3.3384
0.768 3.33798
0.769 3.33754
0.77 3.33709
0.771 3.33662
0.772 3.33614
0.773 3.33565
0.774 3.33515
0.775 3.33463
0.776 3.3341
0.777 3.33356
0.778 3.333
0.779 3.33243
0.78 3.33185
0.781 3.33125
0.782 3.33064
0.783 3.33001
0.784 3.32937
0.785 3.32872
0.786 3.32805
0.787 3.32736
0.788 3.32666
0.789 3.32595
0.79 3.32522
0.791 3.32448
0.792 3.32372
0.793 3.32295
0.794 3.32216
0.795 3.32136
0.796 3.32054
0.797 3.3197
0.798 3.31885
0.799 3.31799
0.8 3.31711
0.801 3.31621
0.802 3.3153
0.803 3.31438
0.804 3.31343
0.805 3.31247
0.806 3.3115
0.807 3.31051
0.808 3.30951
0.809 3.30848
0.81 3.30745
0.811 3.3064
0.812 3.30533
0.813 3.30425
0.814 3.30315
0.815 3.30203
0.816 3.3009
0.817 3.29976
0.818 3.2986
0.819 3.29742
0.82 3.29623
0.821 3.29503
0.822 3.29381
0.823 3.29257
0.824 3.29132
0.825 3.29006
0.826 3.28878
0.827 3.28748
0.828 3.28617
0.829 3.28485
0.83 3.28352
0.831 3.28217
0.832 3.2808
0.833 3.27943
0.834 3.27804
0.835 3.27664
0.836 3.27522
0.837 3.27379
0.838 3.27235
0.839 3.2709
0.84 3.26944
0.841 3.26796
0.842 3.26647
0.843 3.26497
0.844 3.26346
0.845 3.26194
0.846 3.26041
0.847 3.25887
0.848 3.25732
0.849 3.25576
0.85 3.25419
0.851 3.25261
0.852 3.25102
0.853 3.24943
0.854 3.24782
0.855 3.24621
0.856 3.24459
0.857 3.24297
0.858 3.24133
0.859 3.2397
0.86 3.23805
0.861 3.2364
0.862 3.23474
0.863 3.23308
0.864 3.23141
0.865 3.22974
0.866 3.22807
0.867 3.22639
0.868 3.22471
0.869 3.22302
0.87 3.22134
0.871 3.21965
0.872 3.21796
0.873 3.21626
0.874 3.21457
0.875 3.21287
0.876 3.21118
0.877 3.20948
0.878 3.20779
0.879 3.20609
0.88 3.2044
0.881 3.2027
0.882 3.20101
0.883 3.19932
0.884 3.19764
0.885 3.19595
0.886 3.19427
0.887 3.19259
0.888 3.19092
0.889 3.18925
0.89 3.18758
0.891 3.18592
0.892 3.18427
0.893 3.18261
0.894 3.18097
0.895 3.17933
0.896 3.17769
0.897 3.17607
0.898 3.17445
0.899 3.17283
0.9 3.17123
0.901 3.16963
0.902 3.16804
0.903 3.16645
0.904 3.16488
0.905 3.16331
0.906 3.16175
0.907 3.1602
0.908 3.15866
0.909 3.15713
0.91 3.15561
0.911 3.1541
0.912 3.1526
0.913 3.15111
0.914 3.14963
0.915 3.14816
0.916 3.1467
0.917 3.14525
0.918 3.14381
0.919 3.14238
0.92 3.14097
0.921 3.13956
0.922 3.13817
0.923 3.13679
0.924 3.13542
0.925 3.13406
0.926 3.13271
0.927 3.13138
0.928 3.13006
0.929 3.12875
0.93 3.12745
0.931 3.12617
0.932 3.12489
0.933 3.12363
0.934 3.12239
0.935 3.12115
0.936 3.11993
0.937 3.11872
0.938 3.11752
0.939 3.11634
0.94 3.11516
0.941 3.114
0.942 3.11286
0.943 3.11172
0.944 3.1106
0.945 3.10949
0.946 3.1084
0.947 3.10731
0.948 3.10624
0.949 3.10518
0.95 3.10414
0.951 3.1031
0.952 3.10208
0.953 3.10108
0.954 3.10008
0.955 3.0991
0.956 3.09812
0.957 3.09717
0.958 3.09622
0.959 3.09528
0.96 3.09436
0.961 3.09345
0.962 3.09255
0.963 3.09166
0.964 3.09079
0.965 3.08993
0.966 3.08907
0.967 3.08823
0.968 3.0874
0.969 3.08659
0.97 3.08578
0.971 3.08499
0.972 3.0842
0.973 3.08343
0.974 3.08267
0.975 3.08192
0.976 3.08118
0.977 3.08045
0.978 3.07973
0.979 3.07902
0.98 3.07832
0.981 3.07763
0.982 3.07696
0.983 3.07629
0.984 3.07563
0.985 3.07498
0.986 3.07435
0.987 3.07372
0.988 3.0731
0.989 3.07249
0.99 3.07189
0.991 3.0713
0.992 3.07072
0.993 3.07015
0.994 3.06958
0.995 3.06903
0.996 3.06849
0.997 3.06795
0.998 3.06742
0.999 3.0669
1 3.06639
1.001 5
