0 0
0.001 0.723095
0.002 0.728991
0.003 0.734879
0.004 0.740758
0.005 0.746629
0.006 0.75249
0.007 0.758342
0.008 0.764184
0.009 0.770017
0.01 0.77584
0.011 0.781652
0.012 0.787454
0.013 0.793246
0.014 0.799026
0.015 0.804796
0.016 0.810554
0.017 0.816301
0.018 0.822037
0.019 0.827761
0.02 0.833472
0.021 0.839172
0.022 0.84486
0.023 0.850535
0.024 0.856197
0.025 0.861847
0.026 0.867484
0.027 0.873108
0.028 0.878719
0.029 0.884316
0.03 0.8899
0.031 0.895471
0.032 0.901028
0.033 0.906571
0.034 0.9121
0.035 0.917615
0.036 0.923116
0.037 0.928602
0.038 0.934074
0.039 0.939532
0.04 0.944976
0.041 0.950404
0.042 0.955819
0.043 0.961218
0.044 0.966602
0.045 0.971972
0.046 0.977327
0.047 0.982666
0.048 0.987991
0.049 0.9933
0.05 0.998595
0.051 1.00387
0.052 1.00914
0.053 1.01439
0.054 1.01962
0.055 1.02484
0.056 1.03004
0.057 1.03523
0.058 1.0404
0.059 1.04556
0.06 1.0507
0.061 1.05583
0.062 1.06094
0.063 1.06603
0.064 1.07111
0.065 1.07618
0.066 1.08123
0.067 1.08627
0.068 1.09129
0.069 1.09629
0.07 1.10128
0.071 1.10625
0.072 1.11121
0.073 1.11616
0.074 1.12109
0.075 1.126
0.076 1.1309
0.077 1.13579
0.078 1.14066
0.079 1.14552
0.08 1.15036
0.081 1.15519
0.082 1.16
0.083 1.1648
0.084 1.16958
0.085 1.17435
0.086 1.17911
0.087 1.18385
0.088 1.18858
0.089 1.19329
0.09 1.198
0.091 1.20268
0.092 1.20736
0.093 1.21202
0.094 1.21667
0.095 1.2213
0.096 1.22592
0.097 1.23053
0.098 1.23512
0.099 1.23971
0.1 1.24428
0.101 1.24883
0.102 1.25338
0.103 1.25791
0.104 1.26243
0.105 1.26694
0.106 1.27143
0.107 1.27592
0.108 1.28039
0.109 1.28485
0.11 1.2893
0.111 1.29374
0.112 1.29816
0.113 1.30258
0.114 1.30698
0.115 1.31138
0.116 1.31576
0.117 1.32013
0.118 1.32449
0.119 1.32884
0.12 1.33318
0.121 1.33751
0.122 1.34183
0.123 1.34614
0.124 1.35044
0.125 1.35473
0.126 1.35901
0.127 1.36328
0.128 1.36754
0.129 1.37179
0.13 1.37603
0.131 1.38026
0.132 1.38449
0.133 1.3887
0.134 1.39291
0.135 1.39711
0.136 1.40129
0.137 1.40547
0.138 1.40965
0.139 1.41381
0.14 1.41797
0.141 1.42211
0.142 1.42625
0.143 1.43038
0.144 1.43451
0.145 1.43862
0.146 1.44273
0.147 1.44683
0.148 1.45093
0.149 1.45502
0.15 1.4591
0.151 1.46317
0.152 1.46723
0.153 1.47129
0.154 1.47535
0.155 1.47939
0.156 1.48343
0.157 1.48746
0.158 1.49149
0.159 1.49551
0.16 1.49953
0.161 1.50354
0.162 1.50754
0.163 1.51154
0.164 1.51553
0.165 1.51951
0.166 1.52349
0.167 1.52747
0.168 1.53144
0.169 1.5354
0.17 1.53936
0.171 1.54332
0.172 1.54727
0.173 1.55121
0.174 1.55515
0.175 1.55908
0.176 1.56302
0.177 1.56694
0.178 1.57086
0.179 1.57478
0.18 1.57869
0.181 1.5826
0.182 1.58651
0.183 1.59041
0.184 1.59431
0.185 1.5982
0.186 1.60209
0.187 1.60598
0.188 1.60986
0.189 1.61374
0.19 1.61762
0.191 1.62149
0.192 1.62536
0.193 1.62923
0.194 1.63309
0.195 1.63696
0.196 1.64081
0.197 1.64467
0.198 1.64852
0.199 1.65237
0.2 1.65622
0.201 1.66007
0.202 1.66391
0.203 1.66775
0.204 1.67159
0.205 1.67543
0.206 1.67926
0.207 1.6831
0.208 1.68693
0.209 1.69076
0.21 1.69458
0.211 1.69841
0.212 1.70224
0.213 1.70606
0.214 1.70988
0.215 1.7137
0.216 1.71752
0.217 1.72134
0.218 1.72516
0.219 1.72897
0.22 1.73279
0.221 1.7366
0.222 1.74042
0.223 1.74423
0.224 1.74804
0.225 1.75186
0.226 1.75567
0.227 1.75948
0.228 1.76329
0.229 1.7671
0.23 1.77091
0.231 1.77472
0.232 1.77853
0.233 1.78234
0.234 1.78615
0.235 1.78996
0.236 1.79377
0.237 1.79758
0.238 1.80139
0.239 1.8052
0.24 1.80901
0.241 1.81283
0.242 1.81664
0.243 1.82045
0.244 1.82427
0.245 1.82808
0.246 1.8319
0.247 1.83571
0.248 1.83953
0.249 1.84335
0.25 1.84717
0.251 1.85099
0.252 1.85481
0.253 1.85864
0.254 1.86246
0.255 1.86629
0.256 1.87011
0.257 1.87394
0.258 1.87777
0.259 1.8816
0.26 1.88544
0.261 1.88927
0.262 1.89311
0.263 1.89694
0.264 1.90078
0.265 1.90463
0.266 1.90847
0.267 1.91232
0.268 1.91616
0.269 1.92001
0.27 1.92386
0.271 1.92772
0.272 1.93157
0.273 1.93543
0.274 1.93929
0.275 1.94315
0.276 1.94702
0.277 1.95088
0.278 1.95475
0.279 1.95863
0.28 1.9625
0.281 1.96638
0.282 1.97026
0.283 1.97414
0.284 1.97802
0.285 1.98191
0.286 1.9858
0.287 1.98969
0.288 1.99359
0.289 1.99749
0.29 2.00139
0.291 2.00529
0.292 2.0092
0.293 2.01311
0.294 2.01702
0.295 2.02093
0.296 2.02485
0.297 2.02877
0.298 2.0327
0.299 2.03663
0.3 2.04056
0.301 2.04449
0.302 2.04843
0.303 2.05237
0.304 2.05631
0.305 2.06026
0.306 2.06421
0.307 2.06816
0.308 2.07212
0.309 2.07608
0.31 2.08004
0.311 2.08401
0.312 2.08798
0.313 2.09195
0.314 2.09593
0.315 2.09991
0.316 2.10389
0.317 2.10788
0.318 2.11187
0.319 2.11587
0.32 2.11986
0.321 2.12387
0.322 2.12787
0.323 2.13188
0.324 2.13589
0.325 2.13991
0.326 2.14393
0.327 2.14796
0.328 2.15198
0.329 2.15601
0.33 2.16005
0.331 2.16409
0.332 2.16813
0.333 2.17218
0.334 2.17623
0.335 2.18029
0.336 2.18435
0.337 2.18841
0.338 2.19248
0.339 2.19655
0.34 2.20062
0.341 2.2047
0.342 2.20878
0.343 2.21287
0.344 2.21696
0.345 2.22106
0.346 2.22516
0.347 2.22926
0.348 2.23337
0.349 2.23748
0.35 2.2416
0.351 2.24572
0.352 2.24985
0.353 2.25398
0.354 2.25811
0.355 2.26225
0.356 2.26639
0.357 2.27054
0.358 2.27469
0.359 2.27885
0.36 2.28301
0.361 2.28717
0.362 2.29134
0.363 2.29552
0.364 2.2997
0.365 2.30388
0.366 2.30807
0.367 2.31226
0.368 2.31646
0.369 2.32067
0.37 2.32487
0.371 2.32909
0.372 2.3333
0.373 2.33753
0.374 2.34176
0.375 2.34599
0.376 2.35023
0.377 2.35447
0.378 2.35872
0.379 2.36297
0.38 2.36723
0.381 2.37149
0.382 2.37576
0.383 2.38004
0.384 2.38432
0.385 2.3886
0.386 2.39289
0.387 2.39719
0.388 2.40149
0.389 2.4058
0.39 2.41011
0.391 2.41443
0.392 2.41876
0.393 2.42309
0.394 2.42742
0.395 2.43177
0.396 2.43612
0.397 2.44047
0.398 2.44483
0.399 2.4492
0.4 2.45357
0.401 2.45795
0.402 2.46234
0.403 2.46673
0.404 2.47113
0.405 2.47553
0.406 2.47994
0.407 2.48436
0.408 2.48879
0.409 2.49322
0.41 2.49766
0.411 2.5021
0.412 2.50655
0.413 2.51101
0.414 2.51548
0.415 2.51995
0.416 2.52443
0.417 2.52892
0.418 2.53342
0.419 2.53792
0.42 2.54243
0.421 2.54695
0.422 2.55148
0.423 2.55601
0.424 2.56055
0.425 2.5651
0.426 2.56966
0.427 2.57423
0.428 2.5788
0.429 2.58338
0.43 2.58797
0.431 2.59257
0.432 2.59718
0.433 2.6018
0.434 2.60642
0.435 2.61106
0.436 2.6157
0.437 2.62035
0.438 2.62501
0.439 2.62968
0.44 2.63436
0.441 2.63905
0.442 2.64375
0.443 2.64846
0.444 2.65318
0.445 2.65791
0.446 2.66265
0.447 2.6674
0.448 2.67215
0.449 2.67692
0.45 2.6817
0.451 2.68649
0.452 2.69129
0.453 2.69611
0.454 2.70093
0.455 2.70576
0.456 2.71061
0.457 2.71546
0.458 2.72033
0.459 2.72521
0.46 2.7301
0.461 2.735
0.462 2.73992
0.463 2.74484
0.464 2.74978
0.465 2.75473
0.466 2.75969
0.467 2.76467
0.468 2.76966
0.469 2.77466
0.47 2.77967
0.471 2.7847
0.472 2.78974
0.473 2.7948
0.474 2.79986
0.475 2.80495
0.476 2.81004
0.477 2.81515
0.478 2.82028
0.479 2.82541
0.48 2.83057
0.481 2.83573
0.482 2.84092
0.483 2.84611
0.484 2.85132
0.485 2.85655
0.486 2.8618
0.487 2.86705
0.488 2.87233
0.489 2.87762
0.49 2.88293
0.491 2.88825
0.492 2.89359
0.493 2.89894
0.494 2.90432
0.495 2.90971
0.496 2.91512
0.497 2.92054
0.498 2.92598
0.499 2.93144
0.5 2.93692
0.501 2.94242
0.502 2.94793
0.503 2.95346
0.504 2.95902
0.505 2.96459
0.506 2.97018
0.507 2.97579
0.508 2.98142
0.509 2.98706
0.51 2.99273
0.511 2.99842
0.512 3.00413
0.513 3.00986
0.514 3.01561
0.515 3.02138
0.516 3.02718
0.517 3.03299
0.518 3.03883
0.519 3.04468
0.52 3.05056
0.521 3.05646
0.522 3.06239
0.523 3.06834
0.524 3.07431
0.525 3.0803
0.526 3.08632
0.527 3.09236
0.528 3.09843
0.529 3.10451
0.53 3.11063
0.531 3.11677
0.532 3.12293
0.533 3.12912
0.534 3.13533
0.535 3.14157
0.536 3.14784
0.537 3.15413
0.538 3.16045
0.539 3.16679
0.54 3.17316
0.541 3.17956
0.542 3.18599
0.543 3.19245
0.544 3.19893
0.545 3.20544
0.546 3.21198
0.547 3.21855
0.548 3.22514
0.549 3.23177
0.55 3.23843
0.551 3.24512
0.552 3.25183
0.553 3.25858
0.554 3.26536
0.555 3.27217
0.556 3.27901
0.557 3.28588
0.558 3.29279
0.559 3.29972
0.56 3.30669
0.561 3.3137
0.562 3.32073
0.563 3.3278
0.564 3.33491
0.565 3.34204
0.566 3.34922
0.567 3.35642
0.568 3.36366
0.569 3.37094
0.57 3.37825
0.571 3.3856
0.572 3.39299
0.573 3.40041
0.574 3.40787
0.575 3.41537
0.576 3.4229
0.577 3.43048
0.578 3.43809
0.579 3.44574
0.58 3.45343
0.581 3.46115
0.582 3.46892
0.583 3.47673
0.584 3.48458
0.585 3.49247
0.586 3.5004
0.587 3.50837
0.588 3.51638
0.589 3.52444
0.59 3.53254
0.591 3.54068
0.592 3.54886
0.593 3.55709
0.594 3.56536
0.595 3.57368
0.596 3.58204
0.597 3.59045
0.598 3.5989
0.599 3.6074
0.6 3.61594
0.601 3.62453
0.602 3.63317
0.603 3.64185
0.604 3.65058
0.605 3.65936
0.606 3.66819
0.607 3.67706
0.608 3.68599
0.609 3.69497
0.61 3.70399
0.611 3.71306
0.612 3.72219
0.613 3.73137
0.614 3.74059
0.615 3.74987
0.616 3.75921
0.617 3.76859
0.618 3.77803
0.619 3.78752
0.62 3.79706
0.621 3.80666
0.622 3.81631
0.623 3.82601
0.624 3.83577
0.625 3.84559
0.626 3.85546
0.627 3.86539
0.628 3.87538
0.629 3.88542
0.63 3.89551
0.631 3.90567
0.632 3.91588
0.633 3.92616
0.634 3.93649
0.635 3.94688
0.636 3.95732
0.637 3.96783
0.638 3.9784
0.639 3.98903
0.64 3.99972
0.641 4.01047
0.642 4.02128
0.643 4.03215
0.644 4.04309
0.645 4.05408
0.646 4.06514
0.647 4.07626
0.648 4.08745
0.649 4.0987
0.65 4.11001
0.651 4.12138
0.652 4.13282
0.653 4.14433
0.654 4.1559
0.655 4.16753
0.656 4.17923
0.657 4.19099
0.658 4.20283
0.659 4.21472
0.66 4.22668
0.661 4.23871
0.662 4.25081
0.663 4.26297
0.664 4.2752
0.665 4.2875
0.666 4.29986
0.667 4.31229
0.668 4.32479
0.669 4.33736
0.67 4.34999
0.671 4.3627
0.672 4.37547
0.673 4.38831
0.674 4.40122
0.675 4.41419
0.676 4.42724
0.677 4.44035
0.678 4.45353
0.679 4.46678
0.68 4.4801
0.681 4.49349
0.682 4.50695
0.683 4.52047
0.684 4.53407
0.685 4.54773
0.686 4.56146
0.687 4.57526
0.688 4.58913
0.689 4.60307
0.69 4.61707
0.691 4.63114
0.692 4.64528
0.693 4.65949
0.694 4.67377
0.695 4.68811
0.696 4.70252
0.697 4.717
0.698 4.73154
0.699 4.74615
0.7 4.76082
0.701 4.77557
0.702 4.79037
0.703 4.80524
0.704 4.82018
0.705 4.83518
0.706 4.85024
0.707 4.86537
0.708 4.88056
0.709 4.89582
0.71 4.91113
0.711 4.92651
0.712 4.94194
0.713 4.95744
0.714 4.973
0.715 4.98862
0.716 5.00429
0.717 5.02002
0.718 5.03582
0.719 5.05166
0.72 5.06757
0.721 5.08352
0.722 5.09954
0.723 5.1156
0.724 5.13172
0.725 5.14789
0.726 5.16412
0.727 5.18039
0.728 5.19671
0.729 5.21308
0.73 5.2295
0.731 5.24596
0.732 5.26247
0.733 5.27903
0.734 5.29563
0.735 5.31227
0.736 5.32895
0.737 5.34567
0.738 5.36244
0.739 5.37924
0.74 5.39607
0.741 5.41295
0.742 5.42985
0.743 5.4468
0.744 5.46377
0.745 5.48077
0.746 5.49781
0.747 5.51487
0.748 5.53196
0.749 5.54907
0.75 5.56621
0.751 5.58337
0.752 5.60055
0.753 5.61776
0.754 5.63498
0.755 5.65222
0.756 5.66947
0.757 5.68674
0.758 5.70402
0.759 5.72131
0.76 5.73861
0.761 5.75592
0.762 5.77324
0.763 5.79056
0.764 5.80788
0.765 5.8252
0.766 5.84253
0.767 5.85985
0.768 5.87717
0.769 5.89448
0.77 5.91179
0.771 5.92909
0.772 5.94638
0.773 5.96366
0.774 5.98092
0.775 5.99817
0.776 6.0154
0.777 6.03261
0.778 6.0498
0.779 6.06697
0.78 6.08412
0.781 6.10123
0.782 6.11833
0.783 6.13539
0.784 6.15242
0.785 6.16942
0.786 6.18638
0.787 6.20331
0.788 6.2202
0.789 6.23704
0.79 6.25385
0.791 6.27061
0.792 6.28733
0.793 6.304
0.794 6.32063
0.795 6.3372
0.796 6.35372
0.797 6.37018
0.798 6.38659
0.799 6.40294
0.8 6.41923
0.801 6.43547
0.802 6.45164
0.803 6.46774
0.804 6.48378
0.805 6.49975
0.806 6.51565
0.807 6.53148
0.808 6.54724
0.809 6.56293
0.81 6.57854
0.811 6.59407
0.812 6.60952
0.813 6.6249
0.814 6.64019
0.815 6.6554
0.816 6.67052
0.817 6.68556
0.818 6.70051
0.819 6.71537
0.82 6.73014
0.821 6.74482
0.822 6.7594
0.823 6.7739
0.824 6.78829
0.825 6.80259
0.826 6.81679
0.827 6.8309
0.828 6.8449
0.829 6.8588
0.83 6.8726
0.831 6.88629
0.832 6.89988
0.833 6.91336
0.834 6.92674
0.835 6.94001
0.836 6.95317
0.837 6.96622
0.838 6.97916
0.839 6.99199
0.84 7.00471
0.841 7.01731
0.842 7.0298
0.843 7.04218
0.844 7.05444
0.845 7.06659
0.846 7.07862
0.847 7.09053
0.848 7.10232
0.849 7.114
0.85 7.12556
0.851 7.137
0.852 7.14832
0.853 7.15953
0.854 7.17061
0.855 7.18157
0.856 7.19241
0.857 7.20313
0.858 7.21373
0.859 7.22421
0.86 7.23457
0.861 7.2448
0.862 7.25492
0.863 7.26491
0.864 7.27479
0.865 7.28454
0.866 7.29417
0.867 7.30368
0.868 7.31306
0.869 7.32233
0.87 7.33148
0.871 7.3405
0.872 7.34941
0.873 7.35819
0.874 7.36686
0.875 7.3754
0.876 7.38383
0.877 7.39214
0.878 7.40033
0.879 7.4084
0.88 7.41635
0.881 7.42419
0.882 7.43191
0.883 7.43952
0.884 7.44701
0.885 7.45438
0.886 7.46164
0.887 7.46879
0.888 7.47583
0.889 7.48275
0.89 7.48956
0.891 7.49626
0.892 7.50285
0.893 7.50933
0.894 7.51571
0.895 7.52197
0.896 7.52813
0.897 7.53418
0.898 7.54013
0.899 7.54597
0.9 7.55171
0.901 7.55734
0.902 7.56287
0.903 7.56831
0.904 7.57364
0.905 7.57887
0.906 7.58401
0.907 7.58904
0.908 7.59398
0.909 7.59883
0.91 7.60358
0.911 7.60824
0.912 7.6128
0.913 7.61727
0.914 7.62166
0.915 7.62595
0.916 7.63015
0.917 7.63427
0.918 7.6383
0.919 7.64224
0.92 7.6461
0.921 7.64987
0.922 7.65356
0.923 7.65717
0.924 7.6607
0.925 7.66415
0.926 7.66752
0.927 7.67082
0.928 7.67403
0.929 7.67717
0.93 7.68024
0.931 7.68323
0.932 7.68615
0.933 7.68899
0.934 7.69177
0.935 7.69448
0.936 7.69711
0.937 7.69968
0.938 7.70218
0.939 7.70462
0.94 7.70699
0.941 7.7093
0.942 7.71154
0.943 7.71372
0.944 7.71584
0.945 7.7179
0.946 7.7199
0.947 7.72184
0.948 7.72373
0.949 7.72556
0.95 7.72733
0.951 7.72904
0.952 7.7307
0.953 7.73231
0.954 7.73387
0.955 7.73537
0.956 7.73683
0.957 7.73823
0.958 7.73959
0.959 7.74089
0.96 7.74215
0.961 7.74336
0.962 7.74453
0.963 7.74565
0.964 7.74673
0.965 7.74776
0.966 7.74875
0.967 7.7497
0.968 7.75061
0.969 7.75148
0.97 7.7523
0.971 7.75309
0.972 7.75384
0.973 7.75455
0.974 7.75522
0.975 7.75586
0.976 7.75646
0.977 7.75703
0.978 7.75756
0.979 7.75806
0.98 7.75852
0.981 7.75895
0.982 7.75935
0.983 7.75972
0.984 7.76006
0.985 7.76037
0.986 7.76065
0.987 7.76089
0.988 7.76111
0.989 7.76131
0.99 7.76147
0.991 7.76161
0.992 7.76172
0.993 7.76181
0.994 7.76187
0.995 7.7619
0.996 7.76191
0.997 7.7619
0.998 7.76186
0.999 7.7618
1 7.76172
1.001 0
