0 -10
0.001 -5.46677
0.002 -5.4541
0.003 -5.44145
0.004 -5.42881
0.005 -5.41618
0.006 -5.40356
0.007 -5.39096
0.008 -5.37838
0.009 -5.36581
0.01 -5.35325
0.011 -5.34071
0.012 -5.32819
0.013 -5.31568
0.014 -5.30319
0.015 -5.29072
0.016 -5.27827
0.017 -5.26583
0.018 -5.25342
0.019 -5.24102
0.02 -5.22864
0.021 -5.21628
0.022 -5.20395
0.023 -5.19163
0.024 -5.17933
0.025 -5.16706
0.026 -5.15481
0.027 -5.14258
0.028 -5.13037
0.029 -5.11819
0.03 -5.10603
0.031 -5.09389
0.032 -5.08177
0.033 -5.06968
0.034 -5.05762
0.035 -5.04558
0.036 -5.03356
0.037 -5.02157
0.038 -5.00961
0.039 -4.99767
0.04 -4.98576
0.041 -4.97387
0.042 -4.96202
0.043 -4.95018
0.044 -4.93838
0.045 -4.9266
0.046 -4.91485
0.047 -4.90313
0.048 -4.89144
0.049 -4.87977
0.05 -4.86814
0.051 -4.85653
0.052 -4.84495
0.053 -4.8334
0.054 -4.82188
0.055 -4.81039
0.056 -4.79893
0.057 -4.78749
0.058 -4.77609
0.059 -4.76472
0.06 -4.75338
0.061 -4.74207
0.062 -4.73078
0.063 -4.71953
0.064 -4.70831
0.065 -4.69712
0.066 -4.68597
0.067 -4.67484
0.068 -4.66374
0.069 -4.65268
0.07 -4.64164
0.071 -4.63064
0.072 -4.61967
0.073 -4.60873
0.074 -4.59782
0.075 -4.58694
0.076 -4.5761
0.077 -4.56528
0.078 -4.5545
0.079 -4.54375
0.08 -4.53303
0.081 -4.52234
0.082 -4.51169
0.083 -4.50106
0.084 -4.49047
0.085 -4.47991
0.086 -4.46938
0.087 -4.45889
0.088 -4.44842
0.089 -4.43799
0.09 -4.42759
0.091 -4.41722
0.092 -4.40688
0.093 -4.39658
0.094 -4.3863
0.095 -4.37606
0.096 -4.36585
0.097 -4.35567
0.098 -4.34552
0.099 -4.33541
0.1 -4.32532
0.101 -4.31527
0.102 -4.30525
0.103 -4.29526
0.104 -4.2853
0.105 -4.27537
0.106 -4.26548
0.107 -4.25561
0.108 -4.24578
0.109 -4.23598
0.11 -4.22621
0.111 -4.21647
0.112 -4.20676
0.113 -4.19708
0.114 -4.18743
0.115 -4.17782
0.116 -4.16823
0.117 -4.15868
0.118 -4.14916
0.119 -4.13966
0.12 -4.1302
0.121 -4.12077
0.122 -4.11137
0.123 -4.102
0.124 -4.09265
0.125 -4.08334
0.126 -4.07406
0.127 -4.06481
0.128 -4.05559
0.129 -4.0464
0.13 -4.03724
0.131 -4.02811
0.132 -4.01901
0.133 -4.00994
0.134 -4.00089
0.135 -3.99188
0.136 -3.9829
0.137 -3.97394
0.138 -3.96502
0.139 -3.95612
0.14 -3.94726
0.141 -3.93842
0.142 -3.92961
0.143 -3.92083
0.144 -3.91208
0.145 -3.90336
0.146 -3.89466
0.147 -3.886
0.148 -3.87736
0.149 -3.86875
0.15 -3.86017
0.151 -3.85162
0.152 -3.8431
0.153 -3.8346
0.154 -3.82613
0.155 -3.81769
0.156 -3.80928
0.157 -3.80089
0.158 -3.79254
0.159 -3.78421
0.16 -3.7759
0.161 -3.76763
0.162 -3.75938
0.163 -3.75116
0.164 -3.74296
0.165 -3.73479
0.166 -3.72665
0.167 -3.71854
0.168 -3.71045
0.169 -3.70239
0.17 -3.69435
0.171 -3.68634
0.172 -3.67836
0.173 -3.6704
0.174 -3.66247
0.175 -3.65456
0.176 -3.64668
0.177 -3.63883
0.178 -3.631
0.179 -3.62319
0.18 -3.61541
0.181 -3.60766
0.182 -3.59993
0.183 -3.59222
0.184 -3.58454
0.185 -3.57689
0.186 -3.56926
0.187 -3.56165
0.188 -3.55407
0.189 -3.54651
0.19 -3.53897
0.191 -3.53146
0.192 -3.52398
0.193 -3.51651
0.194 -3.50907
0.195 -3.50166
0.196 -3.49426
0.197 -3.48689
0.198 -3.47954
0.199 -3.47222
0.2 -3.46492
0.201 -3.45764
0.202 -3.45038
0.203 -3.44315
0.204 -3.43593
0.205 -3.42874
0.206 -3.42158
0.207 -3.41443
0.208 -3.4073
0.209 -3.4002
0.21 -3.39312
0.211 -3.38606
0.212 -3.37902
0.213 -3.372
0.214 -3.365
0.215 -3.35803
0.216 -3.35107
0.217 -3.34413
0.218 -3.33722
0.219 -3.33032
0.22 -3.32345
0.221 -3.31659
0.222 -3.30976
0.223 -3.30294
0.224 -3.29615
0.225 -3.28937
0.226 -3.28261
0.227 -3.27588
0.228 -3.26916
0.229 -3.26246
0.23 -3.25578
0.231 -3.24912
0.232 -3.24248
0.233 -3.23585
0.234 -3.22924
0.235 -3.22266
0.236 -3.21609
0.237 -3.20954
0.238 -3.203
0.239 -3.19649
0.24 -3.18999
0.241 -3.18351
0.242 -3.17704
0.243 -3.1706
0.244 -3.16417
0.245 -3.15776
0.246 -3.15136
0.247 -3.14499
0.248 -3.13863
0.249 -3.13228
0.25 -3.12596
0.251 -3.11964
0.252 -3.11335
0.253 -3.10707
0.254 -3.10081
0.255 -3.09456
0.256 -3.08833
0.257 -3.08212
0.258 -3.07592
0.259 -3.06974
0.26 -3.06357
0.261 -3.05742
0.262 -3.05128
0.263 -3.04516
0.264 -3.03905
0.265 -3.03296
0.266 -3.02689
0.267 -3.02083
0.268 -3.01478
0.269 -3.00875
0.27 -3.00273
0.271 -2.99673
0.272 -2.99074
0.273 -2.98477
0.274 -2.97881
0.275 -2.97286
0.276 -2.96693
0.277 -2.96101
0.278 -2.95511
0.279 -2.94922
0.28 -2.94335
0.281 -2.93748
0.282 -2.93164
0.283 -2.9258
0.284 -2.91998
0.285 -2.91417
0.286 -2.90838
0.287 -2.9026
0.288 -2.89683
0.289 -2.89107
0.29 -2.88533
0.291 -2.8796
0.292 -2.87389
0.293 -2.86818
0.294 -2.86249
0.295 -2.85682
0.296 -2.85115
0.297 -2.8455
0.298 -2.83986
0.299 -2.83423
0.3 -2.82862
0.301 -2.82301
0.302 -2.81742
0.303 -2.81185
0.304 -2.80628
0.305 -2.80073
0.306 -2.79518
0.307 -2.78965
0.308 -2.78414
0.309 -2.77863
0.31 -2.77313
0.311 -2.76765
0.312 -2.76218
0.313 -2.75672
0.314 -2.75127
0.315 -2.74584
0.316 -2.74041
0.317 -2.735
0.318 -2.7296
0.319 -2.7242
0.32 -2.71883
0.321 -2.71346
0.322 -2.7081
0.323 -2.70275
0.324 -2.69742
0.325 -2.69209
0.326 -2.68678
0.327 -2.68148
0.328 -2.67618
0.329 -2.6709
0.33 -2.66563
0.331 -2.66037
0.332 -2.65512
0.333 -2.64988
0.334 -2.64466
0.335 -2.63944
0.336 -2.63423
0.337 -2.62903
0.338 -2.62385
0.339 -2.61867
0.34 -2.6135
0.341 -2.60835
0.342 -2.6032
0.343 -2.59806
0.344 -2.59294
0.345 -2.58782
0.346 -2.58271
0.347 -2.57762
0.348 -2.57253
0.349 -2.56745
0.35 -2.56238
0.351 -2.55733
0.352 -2.55228
0.353 -2.54724
0.354 -2.54221
0.355 -2.53719
0.356 -2.53218
0.357 -2.52717
0.358 -2.52218
0.359 -2.5172
0.36 -2.51222
0.361 -2.50726
0.362 -2.5023
0.363 -2.49735
0.364 -2.49241
0.365 -2.48748
0.366 -2.48256
0.367 -2.47765
0.368 -2.47274
0.369 -2.46785
0.37 -2.46296
0.371 -2.45808
0.372 -2.45321
0.373 -2.44835
0.374 -2.44349
0.375 -2.43865
0.376 -2.43381
0.377 -2.42898
0.378 -2.42416
0.379 -2.41934
0.38 -2.41454
0.381 -2.40974
0.382 -2.40495
0.383 -2.40016
0.384 -2.39539
0.385 -2.39062
0.386 -2.38586
0.387 -2.3811
0.388 -2.37636
0.389 -2.37162
0.39 -2.36689
0.391 -2.36216
0.392 -2.35744
0.393 -2.35273
0.394 -2.34803
0.395 -2.34333
0.396 -2.33864
0.397 -2.33396
0.398 -2.32928
0.399 -2.32461
0.4 -2.31994
0.401 -2.31529
0.402 -2.31063
0.403 -2.30599
0.404 -2.30135
0.405 -2.29671
0.406 -2.29209
0.407 -2.28746
0.408 -2.28285
0.409 -2.27824
0.41 -2.27363
0.411 -2.26903
0.412 -2.26444
0.413 -2.25985
0.414 -2.25527
0.415 -2.25069
0.416 -2.24612
0.417 -2.24155
0.418 -2.23698
0.419 -2.23243
0.42 -2.22787
0.421 -2.22332
0.422 -2.21878
0.423 -2.21424
0.424 -2.2097
0.425 -2.20517
0.426 -2.20065
0.427 -2.19612
0.428 -2.1916
0.429 -2.18709
0.43 -2.18258
0.431 -2.17807
0.432 -2.17357
0.433 -2.16907
0.434 -2.16457
0.435 -2.16008
0.436 -2.15559
0.437 -2.1511
0.438 -2.14662
0.439 -2.14214
0.44 -2.13766
0.441 -2.13319
0.442 -2.12871
0.443 -2.12424
0.444 -2.11978
0.445 -2.11531
0.446 -2.11085
0.447 -2.10639
0.448 -2.10193
0.449 -2.09748
0.45 -2.09302
0.451 -2.08857
0.452 -2.08412
0.453 -2.07967
0.454 -2.07522
0.455 -2.07078
0.456 -2.06633
0.457 -2.06189
0.458 -2.05745
0.459 -2.05301
0.46 -2.04857
0.461 -2.04413
0.462 -2.03969
0.463 -2.03525
0.464 -2.03081
0.465 -2.02637
0.466 -2.02193
0.467 -2.0175
0.468 -2.01306
0.469 -2.00862
0.47 -2.00419
0.471 -1.99975
0.472 -1.99531
0.473 -1.99087
0.474 -1.98643
0.475 -1.98199
0.476 -1.97755
0.477 -1.97311
0.478 -1.96866
0.479 -1.96422
0.48 -1.95977
0.481 -1.95533
0.482 -1.95088
0.483 -1.94643
0.484 -1.94197
0.485 -1.93752
0.486 -1.93306
0.487 -1.92861
0.488 -1.92415
0.489 -1.91968
0.49 -1.91522
0.491 -1.91075
0.492 -1.90628
0.493 -1.9018
0.494 -1.89733
0.495 -1.89285
0.496 -1.88837
0.497 -1.88388
0.498 -1.87939
0.499 -1.8749
0.5 -1.8704
0.501 -1.8659
0.502 -1.86139
0.503 -1.85689
0.504 -1.85237
0.505 -1.84786
0.506 -1.84333
0.507 -1.83881
0.508 -1.83428
0.509 -1.82974
0.51 -1.8252
0.511 -1.82066
0.512 -1.81611
0.513 -1.81155
0.514 -1.80699
0.515 -1.80242
0.516 -1.79785
0.517 -1.79327
0.518 -1.78869
0.519 -1.7841
0.52 -1.7795
0.521 -1.7749
0.522 -1.77029
0.523 -1.76567
0.524 -1.76105
0.525 -1.75642
0.526 -1.75178
0.527 -1.74714
0.528 -1.74249
0.529 -1.73783
0.53 -1.73317
0.531 -1.7285
0.532 -1.72381
0.533 -1.71913
0.534 -1.71443
0.535 -1.70973
0.536 -1.70501
0.537 -1.70029
0.538 -1.69556
0.539 -1.69082
0.54 -1.68608
0.541 -1.68132
0.542 -1.67656
0.543 -1.67178
0.544 -1.667
0.545 -1.66221
0.546 -1.65741
0.547 -1.65259
0.548 -1.64777
0.549 -1.64294
0.55 -1.6381
0.551 -1.63325
0.552 -1.62839
0.553 -1.62351
0.554 -1.61863
0.555 -1.61374
0.556 -1.60883
0.557 -1.60392
0.558 -1.59899
0.559 -1.59405
0.56 -1.5891
0.561 -1.58414
0.562 -1.57917
0.563 -1.57418
0.564 -1.56919
0.565 -1.56418
0.566 -1.55916
0.567 -1.55413
0.568 -1.54908
0.569 -1.54403
0.57 -1.53896
0.571 -1.53387
0.572 -1.52878
0.573 -1.52367
0.574 -1.51855
0.575 -1.51341
0.576 -1.50826
0.577 -1.5031
0.578 -1.49793
0.579 -1.49274
0.58 -1.48754
0.581 -1.48232
0.582 -1.47709
0.583 -1.47184
0.584 -1.46658
0.585 -1.46131
0.586 -1.45602
0.587 -1.45072
0.588 -1.4454
0.589 -1.44007
0.59 -1.43472
0.591 -1.42936
0.592 -1.42398
0.593 -1.41859
0.594 -1.41318
0.595 -1.40775
0.596 -1.40231
0.597 -1.39686
0.598 -1.39139
0.599 -1.3859
0.6 -1.3804
0.601 -1.37488
0.602 -1.36934
0.603 -1.36379
0.604 -1.35822
0.605 -1.35264
0.606 -1.34704
0.607 -1.34142
0.608 -1.33579
0.609 -1.33014
0.61 -1.32447
0.611 -1.31879
0.612 -1.31309
0.613 -1.30737
0.614 -1.30164
0.615 -1.29589
0.616 -1.29012
0.617 -1.28433
0.618 -1.27853
0.619 -1.27271
0.62 -1.26687
0.621 -1.26102
0.622 -1.25515
0.623 -1.24926
0.624 -1.24335
0.625 -1.23743
0.626 -1.23149
0.627 -1.22553
0.628 -1.21956
0.629 -1.21356
0.63 -1.20755
0.631 -1.20153
0.632 -1.19548
0.633 -1.18942
0.634 -1.18334
0.635 -1.17724
0.636 -1.17113
0.637 -1.165
0.638 -1.15885
0.639 -1.15269
0.64 -1.14651
0.641 -1.14031
0.642 -1.13409
0.643 -1.12786
0.644 -1.12161
0.645 -1.11535
0.646 -1.10907
0.647 -1.10277
0.648 -1.09646
0.649 -1.09013
0.65 -1.08378
0.651 -1.07742
0.652 -1.07104
0.653 -1.06465
0.654 -1.05824
0.655 -1.05182
0.656 -1.04538
0.657 -1.03893
0.658 -1.03247
0.659 -1.02598
0.66 -1.01949
0.661 -1.01298
0.662 -1.00646
0.663 -0.999924
0.664 -0.993375
0.665 -0.986814
0.666 -0.980241
0.667 -0.973655
0.668 -0.967057
0.669 -0.960448
0.67 -0.953828
0.671 -0.947197
0.672 -0.940556
0.673 -0.933904
0.674 -0.927243
0.675 -0.920572
0.676 -0.913893
0.677 -0.907205
0.678 -0.900509
0.679 -0.893805
0.68 -0.887094
0.681 -0.880377
0.682 -0.873653
0.683 -0.866924
0.684 -0.860189
0.685 -0.85345
0.686 -0.846706
0.687 -0.83996
0.688 -0.83321
0.689 -0.826458
0.69 -0.819704
0.691 -0.812949
0.692 -0.806193
0.693 -0.799437
0.694 -0.792683
0.695 -0.78593
0.696 -0.779179
0.697 -0.772431
0.698 -0.765686
0.699 -0.758946
0.7 -0.752211
0.701 -0.745482
0.702 -0.73876
0.703 -0.732045
0.704 -0.725338
0.705 -0.718641
0.706 -0.711954
0.707 -0.705278
0.708 -0.698613
0.709 -0.691962
0.71 -0.685324
0.711 -0.6787
0.712 -0.672092
0.713 -0.665501
0.714 -0.658928
0.715 -0.652373
0.716 -0.645837
0.717 -0.639322
0.718 -0.632829
0.719 -0.626359
0.72 -0.619912
0.721 -0.613491
0.722 -0.607096
0.723 -0.600728
0.724 -0.594388
0.725 -0.588078
0.726 -0.581799
0.727 -0.575552
0.728 -0.569338
0.729 -0.563158
0.73 -0.557014
0.731 -0.550908
0.732 -0.544839
0.733 -0.53881
0.734 -0.532822
0.735 -0.526876
0.736 -0.520973
0.737 -0.515115
0.738 -0.509304
0.739 -0.50354
0.74 -0.497825
0.741 -0.49216
0.742 -0.486547
0.743 -0.480987
0.744 -0.475482
0.745 -0.470032
0.746 -0.46464
0.747 -0.459307
0.748 -0.454034
0.749 -0.448823
0.75 -0.443675
0.751 -0.438592
0.752 -0.433575
0.753 -0.428625
0.754 -0.423745
0.755 -0.418935
0.756 -0.414197
0.757 -0.409533
0.758 -0.404944
0.759 -0.400432
0.76 -0.395997
0.761 -0.391642
0.762 -0.387369
0.763 -0.383177
0.764 -0.37907
0.765 -0.375048
0.766 -0.371113
0.767 -0.367267
0.768 -0.363511
0.769 -0.359846
0.77 -0.356274
0.771 -0.352796
0.772 -0.349413
0.773 -0.346129
0.774 -0.342942
0.775 -0.339856
0.776 -0.336871
0.777 -0.333989
0.778 -0.331211
0.779 -0.328538
0.78 -0.325972
0.781 -0.323515
0.782 -0.321167
0.783 -0.31893
0.784 -0.316805
0.785 -0.314793
0.786 -0.312896
0.787 -0.311115
0.788 -0.309451
0.789 -0.307905
0.79 -0.306479
0.791 -0.305173
0.792 -0.303988
0.793 -0.302927
0.794 -0.301989
0.795 -0.301176
0.796 -0.300488
0.797 -0.299928
0.798 -0.299496
0.799 -0.299192
0.8 -0.299018
0.801 -0.298974
0.802 -0.299062
0.803 -0.299282
0.804 -0.299635
0.805 -0.300122
0.806 -0.300743
0.807 -0.301499
0.808 -0.302392
0.809 -0.30342
0.81 -0.304586
0.811 -0.30589
0.812 -0.307331
0.813 -0.308911
0.814 -0.310631
0.815 -0.312489
0.816 -0.314488
0.817 -0.316627
0.818 -0.318907
0.819 -0.321327
0.82 -0.323889
0.821 -0.326592
0.822 -0.329436
0.823 -0.332422
0.824 -0.33555
0.825 -0.338819
0.826 -0.342231
0.827 -0.345784
0.828 -0.349478
0.829 -0.353315
0.83 -0.357293
0.831 -0.361412
0.832 -0.365672
0.833 -0.370074
0.834 -0.374615
0.835 -0.379297
0.836 -0.384119
0.837 -0.389081
0.838 -0.394182
0.839 -0.399421
0.84 -0.404798
0.841 -0.410313
0.842 -0.415965
0.843 -0.421753
0.844 -0.427678
0.845 -0.433737
0.846 -0.43993
0.847 -0.446257
0.848 -0.452717
0.849 -0.459309
0.85 -0.466031
0.851 -0.472884
0.852 -0.479867
0.853 -0.486977
0.854 -0.494215
0.855 -0.501579
0.856 -0.509069
0.857 -0.516682
0.858 -0.524419
0.859 -0.532277
0.86 -0.540257
0.861 -0.548356
0.862 -0.556573
0.863 -0.564907
0.864 -0.573357
0.865 -0.581921
0.866 -0.590598
0.867 -0.599388
0.868 -0.608287
0.869 -0.617296
0.87 -0.626412
0.871 -0.635634
0.872 -0.644961
0.873 -0.654391
0.874 -0.663922
0.875 -0.673554
0.876 -0.683284
0.877 -0.693111
0.878 -0.703033
0.879 -0.71305
0.88 -0.723158
0.881 -0.733357
0.882 -0.743645
0.883 -0.75402
0.884 -0.764481
0.885 -0.775025
0.886 -0.785652
0.887 -0.796359
0.888 -0.807146
0.889 -0.818009
0.89 -0.828948
0.891 -0.83996
0.892 -0.851044
0.893 -0.862198
0.894 -0.873421
0.895 -0.884711
0.896 -0.896065
0.897 -0.907483
0.898 -0.918962
0.899 -0.930501
0.9 -0.942097
0.901 -0.95375
0.902 -0.965458
0.903 -0.977218
0.904 -0.989029
0.905 -1.00089
0.906 -1.0128
0.907 -1.02475
0.908 -1.03675
0.909 -1.04879
0.91 -1.06087
0.911 -1.07299
0.912 -1.08514
0.913 -1.09734
0.914 -1.10956
0.915 -1.12182
0.916 -1.13411
0.917 -1.14643
0.918 -1.15877
0.919 -1.17114
0.92 -1.18354
0.921 -1.19596
0.922 -1.20839
0.923 -1.22085
0.924 -1.23333
0.925 -1.24582
0.926 -1.25832
0.927 -1.27084
0.928 -1.28338
0.929 -1.29592
0.93 -1.30847
0.931 -1.32103
0.932 -1.33359
0.933 -1.34616
0.934 -1.35873
0.935 -1.37131
0.936 -1.38388
0.937 -1.39645
0.938 -1.40903
0.939 -1.42159
0.94 -1.43416
0.941 -1.44672
0.942 -1.45927
0.943 -1.47181
0.944 -1.48434
0.945 -1.49687
0.946 -1.50938
0.947 -1.52187
0.948 -1.53436
0.949 -1.54683
0.95 -1.55928
0.951 -1.57172
0.952 -1.58413
0.953 -1.59653
0.954 -1.60891
0.955 -1.62127
0.956 -1.6336
0.957 -1.64591
0.958 -1.6582
0.959 -1.67047
0.96 -1.6827
0.961 -1.69491
0.962 -1.7071
0.963 -1.71926
0.964 -1.73138
0.965 -1.74348
0.966 -1.75555
0.967 -1.76759
0.968 -1.77959
0.969 -1.79156
0.97 -1.8035
0.971 -1.81541
0.972 -1.82728
0.973 -1.83912
0.974 -1.85092
0.975 -1.86268
0.976 -1.87441
0.977 -1.8861
0.978 -1.89776
0.979 -1.90937
0.98 -1.92095
0.981 -1.93249
0.982 -1.94399
0.983 -1.95545
0.984 -1.96687
0.985 -1.97824
0.986 -1.98958
0.987 -2.00088
0.988 -2.01213
0.989 -2.02334
0.99 -2.03451
0.991 -2.04564
0.992 -2.05672
0.993 -2.06776
0.994 -2.07876
0.995 -2.08971
0.996 -2.10062
0.997 -2.11148
0.998 -2.1223
0.999 -2.13308
1 -2.14381
1.001 -10
