0 5
0.001 3.16274
0.002 3.16065
0.003 3.15858
0.004 3.15653
0.005 3.15448
0.006 3.15246
0.007 3.15044
0.008 3.14844
0.009 3.14646
0.01 3.1445
0.011 3.14254
0.012 3.14061
0.013 3.13869
0.014 3.13679
0.015 3.1349
0.016 3.13303
0.017 3.13118
0.018 3.12934
0.019 3.12752
0.02 3.12572
0.021 3.12394
0.022 3.12218
0.023 3.12043
0.024 3.1187
0.025 3.11699
0.026 3.1153
0.027 3.11362
0.028 3.11197
0.029 3.11033
0.03 3.10871
0.031 3.10712
0.032 3.10554
0.033 3.10398
0.034 3.10244
0.035 3.10092
0.036 3.09942
0.037 3.09794
0.038 3.09648
0.039 3.09504
0.04 3.09363
0.041 3.09223
0.042 3.09085
0.043 3.0895
0.044 3.08816
0.045 3.08685
0.046 3.08555
0.047 3.08428
0.048 3.08303
0.049 3.0818
0.05 3.08059
0.051 3.07941
0.052 3.07824
0.053 3.0771
0.054 3.07598
0.055 3.07488
0.056 3.0738
0.057 3.07275
0.058 3.07171
0.059 3.0707
0.06 3.06971
0.061 3.06874
0.062 3.0678
0.063 3.06687
0.064 3.06597
0.065 3.06509
0.066 3.06423
0.067 3.0634
0.068 3.06258
0.069 3.06179
0.07 3.06102
0.071 3.06027
0.072 3.05955
0.073 3.05885
0.074 3.05816
0.075 3.0575
0.076 3.05687
0.077 3.05625
0.078 3.05566
0.079 3.05509
0.08 3.05454
0.081 3.05401
0.082 3.0535
0.083 3.05301
0.084 3.05255
0.085 3.05211
0.086 3.05169
0.087 3.05129
0.088 3.05091
0.089 3.05055
0.09 3.05021
0.091 3.0499
0.092 3.0496
0.093 3.04933
0.094 3.04907
0.095 3.04884
0.096 3.04863
0.097 3.04843
0.098 3.04826
0.099 3.04811
0.1 3.04797
0.101 3.04786
0.102 3.04777
0.103 3.04769
0.104 3.04764
0.105 3.0476
0.106 3.04758
0.107 3.04759
0.108 3.04761
0.109 3.04765
0.11 3.0477
0.111 3.04778
0.112 3.04787
0.113 3.04798
0.114 3.04811
0.115 3.04826
0.116 3.04843
0.117 3.04861
0.118 3.04881
0.119 3.04902
0.12 3.04925
0.121 3.0495
0.122 3.04977
0.123 3.05005
0.124 3.05035
0.125 3.05066
0.126 3.05099
0.127 3.05133
0.128 3.05169
0.129 3.05207
0.13 3.05246
0.131 3.05286
0.132 3.05328
0.133 3.05371
0.134 3.05416
0.135 3.05462
0.136 3.0551
0.137 3.05559
0.138 3.05609
0.139 3.0566
0.14 3.05713
0.141 3.05767
0.142 3.05823
0.143 3.05879
0.144 3.05937
0.145 3.05996
0.146 3.06056
0.147 3.06118
0.148 3.06181
0.149 3.06244
0.15 3.06309
0.151 3.06375
0.152 3.06442
0.153 3.0651
0.154 3.06579
0.155 3.06649
0.156 3.06721
0.157 3.06793
0.158 3.06866
0.159 3.0694
0.16 3.07015
0.161 3.07091
0.162 3.07168
0.163 3.07246
0.164 3.07324
0.165 3.07404
0.166 3.07484
0.167 3.07565
0.168 3.07647
0.169 3.0773
0.17 3.07813
0.171 3.07898
0.172 3.07982
0.173 3.08068
0.174 3.08155
0.175 3.08242
0.176 3.0833
0.177 3.08418
0.178 3.08507
0.179 3.08597
0.18 3.08687
0.181 3.08778
0.182 3.0887
0.183 3.08962
0.184 3.09055
0.185 3.09148
0.186 3.09242
0.187 3.09336
0.188 3.09431
0.189 3.09526
0.19 3.09622
0.191 3.09718
0.192 3.09815
0.193 3.09912
0.194 3.1001
0.195 3.10108
0.196 3.10206
0.197 3.10305
0.198 3.10405
0.199 3.10504
0.2 3.10604
0.201 3.10705
0.202 3.10805
0.203 3.10906
0.204 3.11008
0.205 3.1111
0.206 3.11212
0.207 3.11314
0.208 3.11416
0.209 3.11519
0.21 3.11622
0.211 3.11726
0.212 3.1183
0.213 3.11933
0.214 3.12038
0.215 3.12142
0.216 3.12246
0.217 3.12351
0.218 3.12456
0.219 3.12561
0.22 3.12667
0.221 3.12772
0.222 3.12878
0.223 3.12984
0.224 3.1309
0.225 3.13196
0.226 3.13302
0.227 3.13408
0.228 3.13515
0.229 3.13622
0.23 3.13728
0.231 3.13835
0.232 3.13942
0.233 3.14049
0.234 3.14156
0.235 3.14263
0.236 3.14371
0.237 3.14478
0.238 3.14585
0.239 3.14693
0.24 3.148
0.241 3.14908
0.242 3.15015
0.243 3.15123
0.244 3.15231
0.245 3.15338
0.246 3.15446
0.247 3.15554
0.248 3.15661
0.249 3.15769
0.25 3.15876
0.251 3.15984
0.252 3.16092
0.253 3.16199
0.254 3.16307
0.255 3.16414
0.256 3.16522
0.257 3.16629
0.258 3.16737
0.259 3.16844
0.26 3.16952
0.261 3.17059
0.262 3.17166
0.263 3.17273
0.264 3.1738
0.265 3.17488
0.266 3.17594
0.267 3.17701
0.268 3.17808
0.269 3.17915
0.27 3.18021
0.271 3.18128
0.272 3.18234
0.273 3.18341
0.274 3.18447
0.275 3.18553
0.276 3.18659
0.277 3.18765
0.278 3.18871
0.279 3.18977
0.28 3.19082
0.281 3.19188
0.282 3.19293
0.283 3.19398
0.284 3.19503
0.285 3.19608
0.286 3.19713
0.287 3.19817
0.288 3.19922
0.289 3.20026
0.29 3.2013
0.291 3.20234
0.292 3.20338
0.293 3.20442
0.294 3.20545
0.295 3.20649
0.296 3.20752
0.297 3.20855
0.298 3.20958
0.299 3.2106
0.3 3.21163
0.301 3.21265
0.302 3.21367
0.303 3.21469
0.304 3.21571
0.305 3.21673
0.306 3.21774
0.307 3.21875
0.308 3.21976
0.309 3.22077
0.31 3.22178
0.311 3.22278
0.312 3.22378
0.313 3.22478
0.314 3.22578
0.315 3.22678
0.316 3.22777
0.317 3.22876
0.318 3.22975
0.319 3.23074
0.32 3.23172
0.321 3.23271
0.322 3.23369
0.323 3.23467
0.324 3.23564
0.325 3.23662
0.326 3.23759
0.327 3.23856
0.328 3.23953
0.329 3.24049
0.33 3.24145
0.331 3.24241
0.332 3.24337
0.333 3.24433
0.334 3.24528
0.335 3.24623
0.336 3.24718
0.337 3.24812
0.338 3.24907
0.339 3.25001
0.34 3.25094
0.341 3.25188
0.342 3.25281
0.343 3.25374
0.344 3.25467
0.345 3.2556
0.346 3.25652
0.347 3.25744
0.348 3.25836
0.349 3.25928
0.35 3.26019
0.351 3.2611
0.352 3.26201
0.353 3.26291
0.354 3.26382
0.355 3.26472
0.356 3.26561
0.357 3.26651
0.358 3.2674
0.359 3.26829
0.36 3.26918
0.361 3.27006
0.362 3.27094
0.363 3.27182
0.364 3.2727
0.365 3.27357
0.366 3.27444
0.367 3.27531
0.368 3.27617
0.369 3.27704
0.37 3.2779
0.371 3.27875
0.372 3.27961
0.373 3.28046
0.374 3.28131
0.375 3.28216
0.376 3.283
0.377 3.28384
0.378 3.28468
0.379 3.28552
0.38 3.28635
0.381 3.28718
0.382 3.28801
0.383 3.28883
0.384 3.28966
0.385 3.29047
0.386 3.29129
0.387 3.29211
0.388 3.29292
0.389 3.29373
0.39 3.29453
0.391 3.29534
0.392 3.29614
0.393 3.29693
0.394 3.29773
0.395 3.29852
0.396 3.29931
0.397 3.3001
0.398 3.30088
0.399 3.30166
0.4 3.30244
0.401 3.30322
0.402 3.30399
0.403 3.30477
0.404 3.30553
0.405 3.3063
0.406 3.30706
0.407 3.30782
0.408 3.30858
0.409 3.30934
0.41 3.31009
0.411 3.31084
0.412 3.31159
0.413 3.31233
0.414 3.31307
0.415 3.31381
0.416 3.31455
0.417 3.31528
0.418 3.31601
0.419 3.31674
0.42 3.31747
0.421 3.31819
0.422 3.31892
0.423 3.31963
0.424 3.32035
0.425 3.32107
0.426 3.32178
0.427 3.32249
0.428 3.32319
0.429 3.3239
0.43 3.3246
0.431 3.3253
0.432 3.32599
0.433 3.32669
0.434 3.32738
0.435 3.32807
0.436 3.32875
0.437 3.32944
0.438 3.33012
0.439 3.3308
0.44 3.33147
0.441 3.33215
0.442 3.33282
0.443 3.33349
0.444 3.33416
0.445 3.33482
0.446 3.33548
0.447 3.33614
0.448 3.3368
0.449 3.33746
0.45 3.33811
0.451 3.33876
0.452 3.33941
0.453 3.34005
0.454 3.3407
0.455 3.34134
0.456 3.34198
0.457 3.34262
0.458 3.34325
0.459 3.34388
0.46 3.34451
0.461 3.34514
0.462 3.34577
0.463 3.34639
0.464 3.34701
0.465 3.34763
0.466 3.34825
0.467 3.34886
0.468 3.34948
0.469 3.35009
0.47 3.3507
0.471 3.3513
0.472 3.35191
0.473 3.35251
0.474 3.35311
0.475 3.35371
0.476 3.3543
0.477 3.3549
0.478 3.35549
0.479 3.35608
0.48 3.35667
0.481 3.35725
0.482 3.35783
0.483 3.35842
0.484 3.359
0.485 3.35957
0.486 3.36015
0.487 3.36072
0.488 3.36129
0.489 3.36186
0.49 3.36243
0.491 3.363
0.492 3.36356
0.493 3.36412
0.494 3.36468
0.495 3.36524
0.496 3.3658
0.497 3.36635
0.498 3.3669
0.499 3.36745
0.5 3.368
0.501 3.36855
0.502 3.36909
0.503 3.36964
0.504 3.37018
0.505 3.37072
0.506 3.37125
0.507 3.37179
0.508 3.37232
0.509 3.37286
0.51 3.37339
0.511 3.37392
0.512 3.37444
0.513 3.37497
0.514 3.37549
0.515 3.37601
0.516 3.37653
0.517 3.37705
0.518 3.37757
0.519 3.37808
0.52 3.37859
0.521 3.3791
0.522 3.37961
0.523 3.38012
0.524 3.38063
0.525 3.38113
0.526 3.38163
0.527 3.38214
0.528 3.38263
0.529 3.38313
0.53 3.38363
0.531 3.38412
0.532 3.38461
0.533 3.38511
0.534 3.38559
0.535 3.38608
0.536 3.38657
0.537 3.38705
0.538 3.38754
0.539 3.38802
0.54 3.3885
0.541 3.38897
0.542 3.38945
0.543 3.38992
0.544 3.3904
0.545 3.39087
0.546 3.39134
0.547 3.39181
0.548 3.39227
0.549 3.39274
0.55 3.3932
0.551 3.39366
0.552 3.39412
0.553 3.39458
0.554 3.39504
0.555 3.3955
0.556 3.39595
0.557 3.3964
0.558 3.39685
0.559 3.3973
0.56 3.39775
0.561 3.39819
0.562 3.39864
0.563 3.39908
0.564 3.39952
0.565 3.39996
0.566 3.4004
0.567 3.40084
0.568 3.40127
0.569 3.4017
0.57 3.40214
0.571 3.40257
0.572 3.40299
0.573 3.40342
0.574 3.40385
0.575 3.40427
0.576 3.40469
0.577 3.40511
0.578 3.40553
0.579 3.40595
0.58 3.40636
0.581 3.40677
0.582 3.40719
0.583 3.4076
0.584 3.408
0.585 3.40841
0.586 3.40882
0.587 3.40922
0.588 3.40962
0.589 3.41002
0.59 3.41042
0.591 3.41082
0.592 3.41121
0.593 3.4116
0.594 3.41199
0.595 3.41238
0.596 3.41277
0.597 3.41316
0.598 3.41354
0.599 3.41392
0.6 3.4143
0.601 3.41468
0.602 3.41506
0.603 3.41543
0.604 3.4158
0.605 3.41617
0.606 3.41654
0.607 3.41691
0.608 3.41727
0.609 3.41763
0.61 3.41799
0.611 3.41835
0.612 3.41871
0.613 3.41906
0.614 3.41941
0.615 3.41976
0.616 3.42011
0.617 3.42045
0.618 3.42079
0.619 3.42113
0.62 3.42147
0.621 3.42181
0.622 3.42214
0.623 3.42247
0.624 3.4228
0.625 3.42312
0.626 3.42345
0.627 3.42377
0.628 3.42408
0.629 3.4244
0.63 3.42471
0.631 3.42502
0.632 3.42532
0.633 3.42563
0.634 3.42593
0.635 3.42623
0.636 3.42652
0.637 3.42681
0.638 3.4271
0.639 3.42738
0.64 3.42767
0.641 3.42794
0.642 3.42822
0.643 3.42849
0.644 3.42876
0.645 3.42902
0.646 3.42928
0.647 3.42954
0.648 3.4298
0.649 3.43005
0.65 3.43029
0.651 3.43053
0.652 3.43077
0.653 3.431
0.654 3.43123
0.655 3.43146
0.656 3.43168
0.657 3.4319
0.658 3.43211
0.659 3.43231
0.66 3.43252
0.661 3.43271
0.662 3.43291
0.663 3.4331
0.664 3.43328
0.665 3.43346
0.666 3.43363
0.667 3.43379
0.668 3.43396
0.669 3.43411
0.67 3.43426
0.671 3.4344
0.672 3.43454
0.673 3.43467
0.674 3.4348
0.675 3.43492
0.676 3.43503
0.677 3.43514
0.678 3.43524
0.679 3.43533
0.68 3.43542
0.681 3.43549
0.682 3.43557
0.683 3.43563
0.684 3.43569
0.685 3.43573
0.686 3.43578
0.687 3.43581
0.688 3.43583
0.689 3.43585
0.69 3.43586
0.691 3.43586
0.692 3.43585
0.693 3.43583
0.694 3.4358
0.695 3.43576
0.696 3.43572
0.697 3.43566
0.698 3.43559
0.699 3.43552
0.7 3.43543
0.701 3.43533
0.702 3.43522
0.703 3.43511
0.704 3.43498
0.705 3.43484
0.706 3.43468
0.707 3.43452
0.708 3.43435
0.709 3.43416
0.71 3.43396
0.711 3.43375
0.712 3.43352
0.713 3.43328
0.714 3.43303
0.715 3.43277
0.716 3.43249
0.717 3.4322
0.718 3.4319
0.719 3.43158
0.72 3.43125
0.721 3.4309
0.722 3.43054
0.723 3.43016
0.724 3.42977
0.725 3.42936
0.726 3.42893
0.727 3.42849
0.728 3.42804
0.729 3.42757
0.73 3.42708
0.731 3.42657
0.732 3.42605
0.733 3.42551
0.734 3.42495
0.735 3.42438
0.736 3.42379
0.737 3.42318
0.738 3.42255
0.739 3.4219
0.74 3.42123
0.741 3.42055
0.742 3.41984
0.743 3.41912
0.744 3.41838
0.745 3.41762
0.746 3.41683
0.747 3.41603
0.748 3.41521
0.749 3.41436
0.75 3.4135
0.751 3.41262
0.752 3.41171
0.753 3.41078
0.754 3.40984
0.755 3.40887
0.756 3.40788
0.757 3.40686
0.758 3.40583
0.759 3.40477
0.76 3.40369
0.761 3.40259
0.762 3.40147
0.763 3.40032
0.764 3.39916
0.765 3.39797
0.766 3.39675
0.767 3.39552
0.768 3.39426
0.769 3.39298
0.77 3.39167
0.771 3.39034
0.772 3.38899
0.773 3.38762
0.774 3.38622
0.775 3.3848
0.776 3.38336
0.777 3.3819
0.778 3.38041
0.779 3.3789
0.78 3.37736
0.781 3.37581
0.782 3.37423
0.783 3.37263
0.784 3.371
0.785 3.36936
0.786 3.36769
0.787 3.366
0.788 3.36428
0.789 3.36255
0.79 3.36079
0.791 3.35901
0.792 3.35721
0.793 3.35539
0.794 3.35355
0.795 3.35169
0.796 3.3498
0.797 3.3479
0.798 3.34598
0.799 3.34403
0.8 3.34207
0.801 3.34009
0.802 3.33809
0.803 3.33607
0.804 3.33403
0.805 3.33197
0.806 3.3299
0.807 3.32781
0.808 3.3257
0.809 3.32358
0.81 3.32143
0.811 3.31928
0.812 3.3171
0.813 3.31492
0.814 3.31271
0.815 3.3105
0.816 3.30827
0.817 3.30602
0.818 3.30376
0.819 3.30149
0.82 3.29921
0.821 3.29692
0.822 3.29461
0.823 3.2923
0.824 3.28997
0.825 3.28763
0.826 3.28529
0.827 3.28293
0.828 3.28057
0.829 3.2782
0.83 3.27582
0.831 3.27343
0.832 3.27104
0.833 3.26864
0.834 3.26624
0.835 3.26383
0.836 3.26141
0.837 3.259
0.838 3.25657
0.839 3.25415
0.84 3.25172
0.841 3.24929
0.842 3.24686
0.843 3.24443
0.844 3.242
0.845 3.23957
0.846 3.23713
0.847 3.2347
0.848 3.23227
0.849 3.22984
0.85 3.22742
0.851 3.22499
0.852 3.22257
0.853 3.22016
0.854 3.21775
0.855 3.21534
0.856 3.21293
0.857 3.21054
0.858 3.20814
0.859 3.20576
0.86 3.20338
0.861 3.20101
0.862 3.19864
0.863 3.19629
0.864 3.19394
0.865 3.1916
0.866 3.18927
0.867 3.18695
0.868 3.18463
0.869 3.18233
0.87 3.18004
0.871 3.17776
0.872 3.17549
0.873 3.17323
0.874 3.17098
0.875 3.16875
0.876 3.16652
0.877 3.16431
0.878 3.16211
0.879 3.15993
0.88 3.15776
0.881 3.1556
0.882 3.15345
0.883 3.15132
0.884 3.1492
0.885 3.1471
0.886 3.14501
0.887 3.14294
0.888 3.14088
0.889 3.13884
0.89 3.13681
0.891 3.13479
0.892 3.13279
0.893 3.13081
0.894 3.12885
0.895 3.12689
0.896 3.12496
0.897 3.12304
0.898 3.12114
0.899 3.11925
0.9 3.11738
0.901 3.11552
0.902 3.11369
0.903 3.11186
0.904 3.11006
0.905 3.10827
0.906 3.1065
0.907 3.10474
0.908 3.10301
0.909 3.10128
0.91 3.09958
0.911 3.09789
0.912 3.09622
0.913 3.09456
0.914 3.09292
0.915 3.0913
0.916 3.0897
0.917 3.08811
0.918 3.08654
0.919 3.08498
0.92 3.08344
0.921 3.08192
0.922 3.08041
0.923 3.07892
0.924 3.07745
0.925 3.07599
0.926 3.07455
0.927 3.07313
0.928 3.07172
0.929 3.07032
0.93 3.06895
0.931 3.06758
0.932 3.06624
0.933 3.06491
0.934 3.06359
0.935 3.06229
0.936 3.06101
0.937 3.05974
0.938 3.05849
0.939 3.05725
0.94 3.05603
0.941 3.05482
0.942 3.05362
0.943 3.05245
0.944 3.05128
0.945 3.05013
0.946 3.04899
0.947 3.04787
0.948 3.04677
0.949 3.04567
0.95 3.04459
0.951 3.04353
0.952 3.04247
0.953 3.04143
0.954 3.04041
0.955 3.0394
0.956 3.0384
0.957 3.03741
0.958 3.03644
0.959 3.03548
0.96 3.03453
0.961 3.0336
0.962 3.03267
0.963 3.03176
0.964 3.03086
0.965 3.02998
0.966 3.0291
0.967 3.02824
0.968 3.02739
0.969 3.02655
0.97 3.02572
0.971 3.02491
0.972 3.0241
0.973 3.02331
0.974 3.02253
0.975 3.02175
0.976 3.02099
0.977 3.02024
0.978 3.0195
0.979 3.01877
0.98 3.01805
0.981 3.01734
0.982 3.01664
0.983 3.01596
0.984 3.01528
0.985 3.01461
0.986 3.01395
0.987 3.0133
0.988 3.01266
0.989 3.01202
0.99 3.0114
0.991 3.01079
0.992 3.01018
0.993 3.00959
0.994 3.009
0.995 3.00842
0.996 3.00785
0.997 3.00729
0.998 3.00674
0.999 3.0062
1 3.00566
1.001 5
