0 -10
0.001 -5.71927
0.002 -5.70536
0.003 -5.69144
0.004 -5.67751
0.005 -5.66357
0.006 -5.64962
0.007 -5.63567
0.008 -5.62172
0.009 -5.60776
0.01 -5.5938
0.011 -5.57984
0.012 -5.56588
0.013 -5.55191
0.014 -5.53795
0.015 -5.52398
0.016 -5.51002
0.017 -5.49606
0.018 -5.4821
0.019 -5.46815
0.02 -5.4542
0.021 -5.44026
0.022 -5.42632
0.023 -5.41239
0.024 -5.39847
0.025 -5.38455
0.026 -5.37065
0.027 -5.35675
0.028 -5.34287
0.029 -5.32899
0.03 -5.31513
0.031 -5.30128
0.032 -5.28745
0.033 -5.27363
0.034 -5.25982
0.035 -5.24603
0.036 -5.23226
0.037 -5.21851
0.038 -5.20477
0.039 -5.19105
0.04 -5.17735
0.041 -5.16368
0.042 -5.15002
0.043 -5.13638
0.044 -5.12277
0.045 -5.10918
0.046 -5.09561
0.047 -5.08207
0.048 -5.06855
0.049 -5.05506
0.05 -5.04159
0.051 -5.02815
0.052 -5.01474
0.053 -5.00135
0.054 -4.988
0.055 -4.97467
0.056 -4.96137
0.057 -4.94811
0.058 -4.93487
0.059 -4.92167
0.06 -4.90849
0.061 -4.89535
0.062 -4.88224
0.063 -4.86917
0.064 -4.85613
0.065 -4.84312
0.066 -4.83015
0.067 -4.81721
0.068 -4.80431
0.069 -4.79144
0.07 -4.77861
0.071 -4.76582
0.072 -4.75306
0.073 -4.74035
0.074 -4.72767
0.075 -4.71502
0.076 -4.70242
0.077 -4.68986
0.078 -4.67733
0.079 -4.66484
0.08 -4.6524
0.081 -4.63999
0.082 -4.62762
0.083 -4.6153
0.084 -4.60301
0.085 -4.59077
0.086 -4.57856
0.087 -4.5664
0.088 -4.55428
0.089 -4.5422
0.09 -4.53016
0.091 -4.51817
0.092 -4.50622
0.093 -4.49431
0.094 -4.48244
0.095 -4.47061
0.096 -4.45883
0.097 -4.44709
0.098 -4.43539
0.099 -4.42374
0.1 -4.41213
0.101 -4.40056
0.102 -4.38903
0.103 -4.37755
0.104 -4.36611
0.105 -4.35472
0.106 -4.34336
0.107 -4.33205
0.108 -4.32079
0.109 -4.30957
0.11 -4.29839
0.111 -4.28725
0.112 -4.27616
0.113 -4.26511
0.114 -4.2541
0.115 -4.24314
0.116 -4.23222
0.117 -4.22134
0.118 -4.21051
0.119 -4.19972
0.12 -4.18897
0.121 -4.17827
0.122 -4.1676
0.123 -4.15698
0.124 -4.14641
0.125 -4.13587
0.126 -4.12538
0.127 -4.11493
0.128 -4.10453
0.129 -4.09416
0.13 -4.08384
0.131 -4.07356
0.132 -4.06332
0.133 -4.05312
0.134 -4.04296
0.135 -4.03285
0.136 -4.02278
0.137 -4.01275
0.138 -4.00276
0.139 -3.99281
0.14 -3.9829
0.141 -3.97303
0.142 -3.9632
0.143 -3.95342
0.144 -3.94367
0.145 -3.93396
0.146 -3.9243
0.147 -3.91467
0.148 -3.90508
0.149 -3.89554
0.15 -3.88603
0.151 -3.87656
0.152 -3.86713
0.153 -3.85774
0.154 -3.84839
0.155 -3.83908
0.156 -3.82981
0.157 -3.82057
0.158 -3.81137
0.159 -3.80221
0.16 -3.79309
0.161 -3.78401
0.162 -3.77496
0.163 -3.76595
0.164 -3.75698
0.165 -3.74805
0.166 -3.73915
0.167 -3.73029
0.168 -3.72147
0.169 -3.71268
0.17 -3.70393
0.171 -3.69521
0.172 -3.68653
0.173 -3.67789
0.174 -3.66928
0.175 -3.6607
0.176 -3.65217
0.177 -3.64366
0.178 -3.63519
0.179 -3.62676
0.18 -3.61836
0.181 -3.60999
0.182 -3.60166
0.183 -3.59337
0.184 -3.5851
0.185 -3.57687
0.186 -3.56867
0.187 -3.56051
0.188 -3.55238
0.189 -3.54428
0.19 -3.53621
0.191 -3.52818
0.192 -3.52018
0.193 -3.51221
0.194 -3.50427
0.195 -3.49637
0.196 -3.48849
0.197 -3.48065
0.198 -3.47284
0.199 -3.46506
0.2 -3.4573
0.201 -3.44958
0.202 -3.44189
0.203 -3.43423
0.204 -3.4266
0.205 -3.419
0.206 -3.41143
0.207 -3.40389
0.208 -3.39638
0.209 -3.3889
0.21 -3.38144
0.211 -3.37402
0.212 -3.36662
0.213 -3.35925
0.214 -3.35191
0.215 -3.34459
0.216 -3.33731
0.217 -3.33005
0.218 -3.32282
0.219 -3.31561
0.22 -3.30844
0.221 -3.30128
0.222 -3.29416
0.223 -3.28706
0.224 -3.27999
0.225 -3.27294
0.226 -3.26592
0.227 -3.25893
0.228 -3.25196
0.229 -3.24502
0.23 -3.2381
0.231 -3.2312
0.232 -3.22433
0.233 -3.21749
0.234 -3.21067
0.235 -3.20387
0.236 -3.1971
0.237 -3.19035
0.238 -3.18363
0.239 -3.17693
0.24 -3.17025
0.241 -3.16359
0.242 -3.15696
0.243 -3.15035
0.244 -3.14376
0.245 -3.1372
0.246 -3.13066
0.247 -3.12414
0.248 -3.11764
0.249 -3.11116
0.25 -3.10471
0.251 -3.09828
0.252 -3.09186
0.253 -3.08547
0.254 -3.0791
0.255 -3.07275
0.256 -3.06643
0.257 -3.06012
0.258 -3.05383
0.259 -3.04757
0.26 -3.04132
0.261 -3.03509
0.262 -3.02888
0.263 -3.0227
0.264 -3.01653
0.265 -3.01038
0.266 -3.00425
0.267 -2.99814
0.268 -2.99205
0.269 -2.98598
0.27 -2.97992
0.271 -2.97389
0.272 -2.96787
0.273 -2.96187
0.274 -2.95589
0.275 -2.94993
0.276 -2.94399
0.277 -2.93806
0.278 -2.93215
0.279 -2.92626
0.28 -2.92039
0.281 -2.91453
0.282 -2.90869
0.283 -2.90287
0.284 -2.89706
0.285 -2.89127
0.286 -2.8855
0.287 -2.87974
0.288 -2.87401
0.289 -2.86828
0.29 -2.86258
0.291 -2.85689
0.292 -2.85121
0.293 -2.84555
0.294 -2.83991
0.295 -2.83428
0.296 -2.82867
0.297 -2.82307
0.298 -2.81749
0.299 -2.81193
0.3 -2.80638
0.301 -2.80084
0.302 -2.79532
0.303 -2.78981
0.304 -2.78432
0.305 -2.77885
0.306 -2.77339
0.307 -2.76794
0.308 -2.76251
0.309 -2.75709
0.31 -2.75168
0.311 -2.74629
0.312 -2.74091
0.313 -2.73555
0.314 -2.7302
0.315 -2.72487
0.316 -2.71955
0.317 -2.71424
0.318 -2.70894
0.319 -2.70366
0.32 -2.69839
0.321 -2.69314
0.322 -2.6879
0.323 -2.68267
0.324 -2.67745
0.325 -2.67225
0.326 -2.66706
0.327 -2.66188
0.328 -2.65672
0.329 -2.65156
0.33 -2.64642
0.331 -2.64129
0.332 -2.63618
0.333 -2.63107
0.334 -2.62598
0.335 -2.6209
0.336 -2.61583
0.337 -2.61078
0.338 -2.60573
0.339 -2.6007
0.34 -2.59568
0.341 -2.59067
0.342 -2.58567
0.343 -2.58069
0.344 -2.57571
0.345 -2.57075
0.346 -2.56579
0.347 -2.56085
0.348 -2.55592
0.349 -2.551
0.35 -2.54609
0.351 -2.54119
0.352 -2.5363
0.353 -2.53142
0.354 -2.52655
0.355 -2.5217
0.356 -2.51685
0.357 -2.51201
0.358 -2.50719
0.359 -2.50237
0.36 -2.49756
0.361 -2.49277
0.362 -2.48798
0.363 -2.4832
0.364 -2.47844
0.365 -2.47368
0.366 -2.46893
0.367 -2.46419
0.368 -2.45946
0.369 -2.45474
0.37 -2.45003
0.371 -2.44533
0.372 -2.44063
0.373 -2.43595
0.374 -2.43127
0.375 -2.42661
0.376 -2.42195
0.377 -2.4173
0.378 -2.41266
0.379 -2.40803
0.38 -2.40341
0.381 -2.39879
0.382 -2.39418
0.383 -2.38958
0.384 -2.38499
0.385 -2.38041
0.386 -2.37584
0.387 -2.37127
0.388 -2.36671
0.389 -2.36216
0.39 -2.35761
0.391 -2.35308
0.392 -2.34855
0.393 -2.34403
0.394 -2.33951
0.395 -2.33501
0.396 -2.33051
0.397 -2.32601
0.398 -2.32153
0.399 -2.31705
0.4 -2.31258
0.401 -2.30811
0.402 -2.30365
0.403 -2.2992
0.404 -2.29475
0.405 -2.29031
0.406 -2.28588
0.407 -2.28145
0.408 -2.27703
0.409 -2.27261
0.41 -2.2682
0.411 -2.2638
0.412 -2.2594
0.413 -2.25501
0.414 -2.25062
0.415 -2.24624
0.416 -2.24187
0.417 -2.2375
0.418 -2.23313
0.419 -2.22877
0.42 -2.22442
0.421 -2.22007
0.422 -2.21572
0.423 -2.21138
0.424 -2.20705
0.425 -2.20272
0.426 -2.19839
0.427 -2.19407
0.428 -2.18975
0.429 -2.18544
0.43 -2.18113
0.431 -2.17682
0.432 -2.17252
0.433 -2.16822
0.434 -2.16393
0.435 -2.15964
0.436 -2.15536
0.437 -2.15107
0.438 -2.1468
0.439 -2.14252
0.44 -2.13825
0.441 -2.13398
0.442 -2.12971
0.443 -2.12545
0.444 -2.12119
0.445 -2.11693
0.446 -2.11268
0.447 -2.10843
0.448 -2.10418
0.449 -2.09993
0.45 -2.09569
0.451 -2.09144
0.452 -2.0872
0.453 -2.08297
0.454 -2.07873
0.455 -2.0745
0.456 -2.07026
0.457 -2.06603
0.458 -2.0618
0.459 -2.05758
0.46 -2.05335
0.461 -2.04913
0.462 -2.0449
0.463 -2.04068
0.464 -2.03646
0.465 -2.03224
0.466 -2.02802
0.467 -2.0238
0.468 -2.01958
0.469 -2.01536
0.47 -2.01115
0.471 -2.00693
0.472 -2.00271
0.473 -1.9985
0.474 -1.99428
0.475 -1.99006
0.476 -1.98585
0.477 -1.98163
0.478 -1.97741
0.479 -1.9732
0.48 -1.96898
0.481 -1.96476
0.482 -1.96054
0.483 -1.95632
0.484 -1.9521
0.485 -1.94788
0.486 -1.94365
0.487 -1.93943
0.488 -1.9352
0.489 -1.93097
0.49 -1.92675
0.491 -1.92251
0.492 -1.91828
0.493 -1.91405
0.494 -1.90981
0.495 -1.90557
0.496 -1.90133
0.497 -1.89709
0.498 -1.89285
0.499 -1.8886
0.5 -1.88435
0.501 -1.8801
0.502 -1.87584
0.503 -1.87158
0.504 -1.86732
0.505 -1.86306
0.506 -1.85879
0.507 -1.85452
0.508 -1.85025
0.509 -1.84597
0.51 -1.84169
0.511 -1.8374
0.512 -1.83311
0.513 -1.82882
0.514 -1.82453
0.515 -1.82022
0.516 -1.81592
0.517 -1.81161
0.518 -1.8073
0.519 -1.80298
0.52 -1.79866
0.521 -1.79433
0.522 -1.79
0.523 -1.78566
0.524 -1.78132
0.525 -1.77697
0.526 -1.77262
0.527 -1.76826
0.528 -1.76389
0.529 -1.75953
0.53 -1.75515
0.531 -1.75077
0.532 -1.74638
0.533 -1.74199
0.534 -1.73759
0.535 -1.73319
0.536 -1.72877
0.537 -1.72436
0.538 -1.71993
0.539 -1.7155
0.54 -1.71106
0.541 -1.70662
0.542 -1.70217
0.543 -1.69771
0.544 -1.69324
0.545 -1.68877
0.546 -1.68429
0.547 -1.6798
0.548 -1.6753
0.549 -1.6708
0.55 -1.66628
0.551 -1.66176
0.552 -1.65724
0.553 -1.6527
0.554 -1.64816
0.555 -1.6436
0.556 -1.63904
0.557 -1.63447
0.558 -1.62989
0.559 -1.62531
0.56 -1.62071
0.561 -1.6161
0.562 -1.61149
0.563 -1.60686
0.564 -1.60223
0.565 -1.59759
0.566 -1.59293
0.567 -1.58827
0.568 -1.5836
0.569 -1.57892
0.57 -1.57422
0.571 -1.56952
0.572 -1.56481
0.573 -1.56008
0.574 -1.55535
0.575 -1.55061
0.576 -1.54585
0.577 -1.54109
0.578 -1.53631
0.579 -1.53152
0.58 -1.52672
0.581 -1.52191
0.582 -1.51709
0.583 -1.51226
0.584 -1.50741
0.585 -1.50256
0.586 -1.49769
0.587 -1.49281
0.588 -1.48792
0.589 -1.48301
0.59 -1.47809
0.591 -1.47317
0.592 -1.46823
0.593 -1.46327
0.594 -1.45831
0.595 -1.45333
0.596 -1.44834
0.597 -1.44333
0.598 -1.43831
0.599 -1.43328
0.6 -1.42824
0.601 -1.42318
0.602 -1.41811
0.603 -1.41303
0.604 -1.40793
0.605 -1.40282
0.606 -1.3977
0.607 -1.39256
0.608 -1.3874
0.609 -1.38224
0.61 -1.37706
0.611 -1.37186
0.612 -1.36665
0.613 -1.36143
0.614 -1.35619
0.615 -1.35094
0.616 -1.34567
0.617 -1.34039
0.618 -1.33509
0.619 -1.32978
0.62 -1.32446
0.621 -1.31911
0.622 -1.31376
0.623 -1.30839
0.624 -1.303
0.625 -1.2976
0.626 -1.29218
0.627 -1.28675
0.628 -1.2813
0.629 -1.27584
0.63 -1.27036
0.631 -1.26486
0.632 -1.25935
0.633 -1.25383
0.634 -1.24828
0.635 -1.24273
0.636 -1.23715
0.637 -1.23156
0.638 -1.22596
0.639 -1.22034
0.64 -1.2147
0.641 -1.20904
0.642 -1.20338
0.643 -1.19769
0.644 -1.19199
0.645 -1.18627
0.646 -1.18054
0.647 -1.17479
0.648 -1.16902
0.649 -1.16324
0.65 -1.15744
0.651 -1.15162
0.652 -1.14579
0.653 -1.13994
0.654 -1.13408
0.655 -1.1282
0.656 -1.12231
0.657 -1.11639
0.658 -1.11047
0.659 -1.10452
0.66 -1.09856
0.661 -1.09259
0.662 -1.0866
0.663 -1.08059
0.664 -1.07456
0.665 -1.06853
0.666 -1.06247
0.667 -1.0564
0.668 -1.05032
0.669 -1.04421
0.67 -1.0381
0.671 -1.03197
0.672 -1.02582
0.673 -1.01966
0.674 -1.01348
0.675 -1.00729
0.676 -1.00108
0.677 -0.99486
0.678 -0.988625
0.679 -0.982375
0.68 -0.976111
0.681 -0.969833
0.682 -0.963541
0.683 -0.957236
0.684 -0.950916
0.685 -0.944584
0.686 -0.938239
0.687 -0.93188
0.688 -0.925509
0.689 -0.919126
0.69 -0.91273
0.691 -0.906322
0.692 -0.899902
0.693 -0.89347
0.694 -0.887028
0.695 -0.880574
0.696 -0.874109
0.697 -0.867634
0.698 -0.861148
0.699 -0.854653
0.7 -0.848148
0.701 -0.841634
0.702 -0.83511
0.703 -0.828578
0.704 -0.822038
0.705 -0.81549
0.706 -0.808934
0.707 -0.80237
0.708 -0.7958
0.709 -0.789224
0.71 -0.782641
0.711 -0.776053
0.712 -0.769459
0.713 -0.762861
0.714 -0.756258
0.715 -0.749652
0.716 -0.743042
0.717 -0.736429
0.718 -0.729813
0.719 -0.723195
0.72 -0.716576
0.721 -0.709956
0.722 -0.703336
0.723 -0.696716
0.724 -0.690096
0.725 -0.683478
0.726 -0.676861
0.727 -0.670247
0.728 -0.663636
0.729 -0.657028
0.73 -0.650425
0.731 -0.643827
0.732 -0.637234
0.733 -0.630647
0.734 -0.624067
0.735 -0.617495
0.736 -0.610931
0.737 -0.604375
0.738 -0.59783
0.739 -0.591295
0.74 -0.584771
0.741 -0.578259
0.742 -0.571759
0.743 -0.565273
0.744 -0.558801
0.745 -0.552345
0.746 -0.545904
0.747 -0.53948
0.748 -0.533073
0.749 -0.526684
0.75 -0.520315
0.751 -0.513966
0.752 -0.507638
0.753 -0.501332
0.754 -0.495048
0.755 -0.488788
0.756 -0.482553
0.757 -0.476344
0.758 -0.47016
0.759 -0.464005
0.76 -0.457878
0.761 -0.45178
0.762 -0.445712
0.763 -0.439676
0.764 -0.433672
0.765 -0.427702
0.766 -0.421766
0.767 -0.415866
0.768 -0.410002
0.769 -0.404176
0.77 -0.398388
0.771 -0.39264
0.772 -0.386933
0.773 -0.381267
0.774 -0.375645
0.775 -0.370066
0.776 -0.364533
0.777 -0.359046
0.778 -0.353606
0.779 -0.348215
0.78 -0.342873
0.781 -0.337582
0.782 -0.332342
0.783 -0.327156
0.784 -0.322024
0.785 -0.316947
0.786 -0.311926
0.787 -0.306963
0.788 -0.302059
0.789 -0.297214
0.79 -0.29243
0.791 -0.287709
0.792 -0.283051
0.793 -0.278457
0.794 -0.273929
0.795 -0.269467
0.796 -0.265074
0.797 -0.260749
0.798 -0.256494
0.799 -0.252311
0.8 -0.248201
0.801 -0.244163
0.802 -0.240201
0.803 -0.236314
0.804 -0.232504
0.805 -0.228773
0.806 -0.22512
0.807 -0.221548
0.808 -0.218057
0.809 -0.214648
0.81 -0.211323
0.811 -0.208083
0.812 -0.204928
0.813 -0.20186
0.814 -0.19888
0.815 -0.195988
0.816 -0.193186
0.817 -0.190475
0.818 -0.187855
0.819 -0.185329
0.82 -0.182896
0.821 -0.180558
0.822 -0.178315
0.823 -0.176169
0.824 -0.17412
0.825 -0.17217
0.826 -0.170319
0.827 -0.168568
0.828 -0.166918
0.829 -0.16537
0.83 -0.163924
0.831 -0.162582
0.832 -0.161344
0.833 -0.16021
0.834 -0.159183
0.835 -0.158262
0.836 -0.157448
0.837 -0.156742
0.838 -0.156144
0.839 -0.155656
0.84 -0.155277
0.841 -0.155008
0.842 -0.154851
0.843 -0.154804
0.844 -0.15487
0.845 -0.155049
0.846 -0.15534
0.847 -0.155745
0.848 -0.156264
0.849 -0.156897
0.85 -0.157645
0.851 -0.158508
0.852 -0.159486
0.853 -0.16058
0.854 -0.161791
0.855 -0.163117
0.856 -0.164561
0.857 -0.166121
0.858 -0.167798
0.859 -0.169592
0.86 -0.171504
0.861 -0.173534
0.862 -0.175681
0.863 -0.177945
0.864 -0.180328
0.865 -0.182828
0.866 -0.185446
0.867 -0.188181
0.868 -0.191035
0.869 -0.194006
0.87 -0.197094
0.871 -0.2003
0.872 -0.203623
0.873 -0.207063
0.874 -0.21062
0.875 -0.214294
0.876 -0.218084
0.877 -0.22199
0.878 -0.226011
0.879 -0.230149
0.88 -0.234401
0.881 -0.238768
0.882 -0.243249
0.883 -0.247844
0.884 -0.252553
0.885 -0.257374
0.886 -0.262308
0.887 -0.267354
0.888 -0.272511
0.889 -0.277779
0.89 -0.283158
0.891 -0.288646
0.892 -0.294242
0.893 -0.299947
0.894 -0.30576
0.895 -0.31168
0.896 -0.317705
0.897 -0.323836
0.898 -0.330072
0.899 -0.336412
0.9 -0.342855
0.901 -0.3494
0.902 -0.356046
0.903 -0.362793
0.904 -0.36964
0.905 -0.376585
0.906 -0.383628
0.907 -0.390768
0.908 -0.398004
0.909 -0.405335
0.91 -0.41276
0.911 -0.420278
0.912 -0.427887
0.913 -0.435588
0.914 -0.443379
0.915 -0.451258
0.916 -0.459226
0.917 -0.467279
0.918 -0.475419
0.919 -0.483643
0.92 -0.49195
0.921 -0.500339
0.922 -0.50881
0.923 -0.51736
0.924 -0.525989
0.925 -0.534695
0.926 -0.543478
0.927 -0.552336
0.928 -0.561268
0.929 -0.570273
0.93 -0.579349
0.931 -0.588495
0.932 -0.597711
0.933 -0.606994
0.934 -0.616344
0.935 -0.625759
0.936 -0.635238
0.937 -0.64478
0.938 -0.654384
0.939 -0.664048
0.94 -0.673771
0.941 -0.683552
0.942 -0.693389
0.943 -0.703281
0.944 -0.713228
0.945 -0.723227
0.946 -0.733277
0.947 -0.743378
0.948 -0.753527
0.949 -0.763724
0.95 -0.773967
0.951 -0.784256
0.952 -0.794588
0.953 -0.804962
0.954 -0.815378
0.955 -0.825834
0.956 -0.836329
0.957 -0.846861
0.958 -0.85743
0.959 -0.868033
0.96 -0.87867
0.961 -0.88934
0.962 -0.900041
0.963 -0.910773
0.964 -0.921533
0.965 -0.932321
0.966 -0.943136
0.967 -0.953976
0.968 -0.96484
0.969 -0.975727
0.97 -0.986636
0.971 -0.997566
0.972 -1.00852
0.973 -1.01948
0.974 -1.03047
0.975 -1.04147
0.976 -1.05249
0.977 -1.06352
0.978 -1.07456
0.979 -1.08562
0.98 -1.09668
0.981 -1.10776
0.982 -1.11884
0.983 -1.12994
0.984 -1.14103
0.985 -1.15214
0.986 -1.16325
0.987 -1.17436
0.988 -1.18548
0.989 -1.1966
0.99 -1.20771
0.991 -1.21883
0.992 -1.22995
0.993 -1.24107
0.994 -1.25218
0.995 -1.26329
0.996 -1.27439
0.997 -1.28549
0.998 -1.29659
0.999 -1.30767
1 -1.31875
1.001 -10
