0 5
0.001 3.30506
0.002 3.30255
0.003 3.30005
0.004 3.29755
0.005 3.29507
0.006 3.29259
0.007 3.29012
0.008 3.28765
0.009 3.2852
0.01 3.28275
0.011 3.28031
0.012 3.27789
0.013 3.27547
0.014 3.27306
0.015 3.27066
0.016 3.26827
0.017 3.26589
0.018 3.26353
0.019 3.26117
0.02 3.25883
0.021 3.25649
0.022 3.25417
0.023 3.25186
0.024 3.24957
0.025 3.24729
0.026 3.24502
0.027 3.24276
0.028 3.24052
0.029 3.23829
0.03 3.23608
0.031 3.23388
0.032 3.2317
0.033 3.22953
0.034 3.22737
0.035 3.22524
0.036 3.22311
0.037 3.22101
0.038 3.21892
0.039 3.21685
0.04 3.2148
0.041 3.21276
0.042 3.21074
0.043 3.20874
0.044 3.20675
0.045 3.20479
0.046 3.20284
0.047 3.20091
0.048 3.19901
0.049 3.19712
0.05 3.19525
0.051 3.1934
0.052 3.19157
0.053 3.18976
0.054 3.18797
0.055 3.1862
0.056 3.18445
0.057 3.18272
0.058 3.18102
0.059 3.17933
0.06 3.17767
0.061 3.17603
0.062 3.17441
0.063 3.17281
0.064 3.17124
0.065 3.16969
0.066 3.16816
0.067 3.16665
0.068 3.16517
0.069 3.16371
0.07 3.16227
0.071 3.16085
0.072 3.15946
0.073 3.15809
0.074 3.15675
0.075 3.15543
0.076 3.15413
0.077 3.15286
0.078 3.15161
0.079 3.15038
0.08 3.14918
0.081 3.148
0.082 3.14685
0.083 3.14572
0.084 3.14461
0.085 3.14353
0.086 3.14248
0.087 3.14144
0.088 3.14044
0.089 3.13945
0.09 3.13849
0.091 3.13756
0.092 3.13665
0.093 3.13576
0.094 3.1349
0.095 3.13406
0.096 3.13325
0.097 3.13246
0.098 3.13169
0.099 3.13095
0.1 3.13024
0.101 3.12954
0.102 3.12887
0.103 3.12823
0.104 3.12761
0.105 3.12701
0.106 3.12643
0.107 3.12588
0.108 3.12535
0.109 3.12485
0.11 3.12437
0.111 3.12391
0.112 3.12347
0.113 3.12306
0.114 3.12267
0.115 3.1223
0.116 3.12196
0.117 3.12163
0.118 3.12133
0.119 3.12105
0.12 3.1208
0.121 3.12056
0.122 3.12034
0.123 3.12015
0.124 3.11998
0.125 3.11983
0.126 3.1197
0.127 3.11959
0.128 3.1195
0.129 3.11943
0.13 3.11938
0.131 3.11935
0.132 3.11934
0.133 3.11935
0.134 3.11937
0.135 3.11942
0.136 3.11949
0.137 3.11957
0.138 3.11967
0.139 3.11979
0.14 3.11993
0.141 3.12009
0.142 3.12026
0.143 3.12045
0.144 3.12066
0.145 3.12089
0.146 3.12113
0.147 3.12139
0.148 3.12166
0.149 3.12195
0.15 3.12226
0.151 3.12258
0.152 3.12291
0.153 3.12326
0.154 3.12363
0.155 3.12401
0.156 3.12441
0.157 3.12482
0.158 3.12524
0.159 3.12568
0.16 3.12613
0.161 3.12659
0.162 3.12707
0.163 3.12756
0.164 3.12806
0.165 3.12857
0.166 3.1291
0.167 3.12964
0.168 3.13019
0.169 3.13075
0.17 3.13132
0.171 3.13191
0.172 3.1325
0.173 3.13311
0.174 3.13372
0.175 3.13435
0.176 3.13499
0.177 3.13563
0.178 3.13629
0.179 3.13695
0.18 3.13763
0.181 3.13831
0.182 3.139
0.183 3.13971
0.184 3.14042
0.185 3.14113
0.186 3.14186
0.187 3.14259
0.188 3.14334
0.189 3.14408
0.19 3.14484
0.191 3.1456
0.192 3.14638
0.193 3.14715
0.194 3.14794
0.195 3.14873
0.196 3.14953
0.197 3.15033
0.198 3.15114
0.199 3.15196
0.2 3.15278
0.201 3.1536
0.202 3.15444
0.203 3.15527
0.204 3.15612
0.205 3.15696
0.206 3.15782
0.207 3.15867
0.208 3.15953
0.209 3.1604
0.21 3.16127
0.211 3.16215
0.212 3.16302
0.213 3.16391
0.214 3.16479
0.215 3.16568
0.216 3.16658
0.217 3.16747
0.218 3.16837
0.219 3.16928
0.22 3.17018
0.221 3.17109
0.222 3.17201
0.223 3.17292
0.224 3.17384
0.225 3.17476
0.226 3.17568
0.227 3.17661
0.228 3.17753
0.229 3.17846
0.23 3.17939
0.231 3.18033
0.232 3.18126
0.233 3.1822
0.234 3.18314
0.235 3.18408
0.236 3.18502
0.237 3.18596
0.238 3.1869
0.239 3.18785
0.24 3.1888
0.241 3.18974
0.242 3.19069
0.243 3.19164
0.244 3.19259
0.245 3.19354
0.246 3.1945
0.247 3.19545
0.248 3.1964
0.249 3.19736
0.25 3.19831
0.251 3.19926
0.252 3.20022
0.253 3.20117
0.254 3.20213
0.255 3.20308
0.256 3.20404
0.257 3.205
0.258 3.20595
0.259 3.20691
0.26 3.20786
0.261 3.20882
0.262 3.20977
0.263 3.21073
0.264 3.21168
0.265 3.21263
0.266 3.21359
0.267 3.21454
0.268 3.21549
0.269 3.21644
0.27 3.21739
0.271 3.21834
0.272 3.21929
0.273 3.22024
0.274 3.22119
0.275 3.22214
0.276 3.22308
0.277 3.22403
0.278 3.22497
0.279 3.22591
0.28 3.22686
0.281 3.2278
0.282 3.22874
0.283 3.22968
0.284 3.23061
0.285 3.23155
0.286 3.23249
0.287 3.23342
0.288 3.23435
0.289 3.23528
0.29 3.23621
0.291 3.23714
0.292 3.23807
0.293 3.23899
0.294 3.23992
0.295 3.24084
0.296 3.24176
0.297 3.24268
0.298 3.2436
0.299 3.24451
0.3 3.24543
0.301 3.24634
0.302 3.24725
0.303 3.24816
0.304 3.24907
0.305 3.24997
0.306 3.25088
0.307 3.25178
0.308 3.25268
0.309 3.25358
0.31 3.25448
0.311 3.25537
0.312 3.25626
0.313 3.25715
0.314 3.25804
0.315 3.25893
0.316 3.25981
0.317 3.2607
0.318 3.26158
0.319 3.26246
0.32 3.26333
0.321 3.26421
0.322 3.26508
0.323 3.26595
0.324 3.26682
0.325 3.26769
0.326 3.26855
0.327 3.26941
0.328 3.27027
0.329 3.27113
0.33 3.27199
0.331 3.27284
0.332 3.27369
0.333 3.27454
0.334 3.27539
0.335 3.27623
0.336 3.27707
0.337 3.27791
0.338 3.27875
0.339 3.27959
0.34 3.28042
0.341 3.28125
0.342 3.28208
0.343 3.2829
0.344 3.28373
0.345 3.28455
0.346 3.28537
0.347 3.28618
0.348 3.287
0.349 3.28781
0.35 3.28862
0.351 3.28943
0.352 3.29023
0.353 3.29104
0.354 3.29184
0.355 3.29263
0.356 3.29343
0.357 3.29422
0.358 3.29501
0.359 3.2958
0.36 3.29659
0.361 3.29737
0.362 3.29815
0.363 3.29893
0.364 3.29971
0.365 3.30048
0.366 3.30125
0.367 3.30202
0.368 3.30279
0.369 3.30355
0.37 3.30431
0.371 3.30507
0.372 3.30583
0.373 3.30659
0.374 3.30734
0.375 3.30809
0.376 3.30883
0.377 3.30958
0.378 3.31032
0.379 3.31106
0.38 3.3118
0.381 3.31253
0.382 3.31327
0.383 3.314
0.384 3.31473
0.385 3.31545
0.386 3.31617
0.387 3.31689
0.388 3.31761
0.389 3.31833
0.39 3.31904
0.391 3.31975
0.392 3.32046
0.393 3.32117
0.394 3.32187
0.395 3.32258
0.396 3.32327
0.397 3.32397
0.398 3.32467
0.399 3.32536
0.4 3.32605
0.401 3.32674
0.402 3.32742
0.403 3.3281
0.404 3.32879
0.405 3.32946
0.406 3.33014
0.407 3.33081
0.408 3.33149
0.409 3.33215
0.41 3.33282
0.411 3.33349
0.412 3.33415
0.413 3.33481
0.414 3.33547
0.415 3.33612
0.416 3.33677
0.417 3.33743
0.418 3.33807
0.419 3.33872
0.42 3.33937
0.421 3.34001
0.422 3.34065
0.423 3.34128
0.424 3.34192
0.425 3.34255
0.426 3.34318
0.427 3.34381
0.428 3.34444
0.429 3.34507
0.43 3.34569
0.431 3.34631
0.432 3.34693
0.433 3.34754
0.434 3.34816
0.435 3.34877
0.436 3.34938
0.437 3.34999
0.438 3.35059
0.439 3.3512
0.44 3.3518
0.441 3.3524
0.442 3.35299
0.443 3.35359
0.444 3.35418
0.445 3.35477
0.446 3.35536
0.447 3.35595
0.448 3.35654
0.449 3.35712
0.45 3.3577
0.451 3.35828
0.452 3.35886
0.453 3.35943
0.454 3.36001
0.455 3.36058
0.456 3.36115
0.457 3.36172
0.458 3.36228
0.459 3.36285
0.46 3.36341
0.461 3.36397
0.462 3.36453
0.463 3.36508
0.464 3.36564
0.465 3.36619
0.466 3.36674
0.467 3.36729
0.468 3.36784
0.469 3.36838
0.47 3.36893
0.471 3.36947
0.472 3.37001
0.473 3.37055
0.474 3.37108
0.475 3.37162
0.476 3.37215
0.477 3.37268
0.478 3.37321
0.479 3.37374
0.48 3.37426
0.481 3.37479
0.482 3.37531
0.483 3.37583
0.484 3.37635
0.485 3.37687
0.486 3.37739
0.487 3.3779
0.488 3.37841
0.489 3.37892
0.49 3.37943
0.491 3.37994
0.492 3.38045
0.493 3.38095
0.494 3.38145
0.495 3.38196
0.496 3.38246
0.497 3.38295
0.498 3.38345
0.499 3.38395
0.5 3.38444
0.501 3.38493
0.502 3.38542
0.503 3.38591
0.504 3.3864
0.505 3.38688
0.506 3.38737
0.507 3.38785
0.508 3.38833
0.509 3.38881
0.51 3.38929
0.511 3.38977
0.512 3.39024
0.513 3.39072
0.514 3.39119
0.515 3.39166
0.516 3.39213
0.517 3.3926
0.518 3.39307
0.519 3.39353
0.52 3.394
0.521 3.39446
0.522 3.39492
0.523 3.39538
0.524 3.39584
0.525 3.39629
0.526 3.39675
0.527 3.39721
0.528 3.39766
0.529 3.39811
0.53 3.39856
0.531 3.39901
0.532 3.39946
0.533 3.3999
0.534 3.40035
0.535 3.40079
0.536 3.40124
0.537 3.40168
0.538 3.40212
0.539 3.40256
0.54 3.40299
0.541 3.40343
0.542 3.40387
0.543 3.4043
0.544 3.40473
0.545 3.40516
0.546 3.40559
0.547 3.40602
0.548 3.40645
0.549 3.40688
0.55 3.4073
0.551 3.40773
0.552 3.40815
0.553 3.40857
0.554 3.40899
0.555 3.40941
0.556 3.40983
0.557 3.41024
0.558 3.41066
0.559 3.41107
0.56 3.41149
0.561 3.4119
0.562 3.41231
0.563 3.41272
0.564 3.41313
0.565 3.41354
0.566 3.41394
0.567 3.41435
0.568 3.41475
0.569 3.41516
0.57 3.41556
0.571 3.41596
0.572 3.41636
0.573 3.41676
0.574 3.41716
0.575 3.41755
0.576 3.41795
0.577 3.41834
0.578 3.41874
0.579 3.41913
0.58 3.41952
0.581 3.41991
0.582 3.4203
0.583 3.42069
0.584 3.42107
0.585 3.42146
0.586 3.42185
0.587 3.42223
0.588 3.42261
0.589 3.42299
0.59 3.42337
0.591 3.42375
0.592 3.42413
0.593 3.42451
0.594 3.42489
0.595 3.42526
0.596 3.42564
0.597 3.42601
0.598 3.42638
0.599 3.42675
0.6 3.42712
0.601 3.42749
0.602 3.42786
0.603 3.42823
0.604 3.42859
0.605 3.42896
0.606 3.42932
0.607 3.42968
0.608 3.43005
0.609 3.43041
0.61 3.43077
0.611 3.43113
0.612 3.43148
0.613 3.43184
0.614 3.4322
0.615 3.43255
0.616 3.4329
0.617 3.43326
0.618 3.43361
0.619 3.43396
0.62 3.43431
0.621 3.43466
0.622 3.435
0.623 3.43535
0.624 3.43569
0.625 3.43604
0.626 3.43638
0.627 3.43672
0.628 3.43706
0.629 3.4374
0.63 3.43774
0.631 3.43808
0.632 3.43841
0.633 3.43875
0.634 3.43908
0.635 3.43941
0.636 3.43975
0.637 3.44008
0.638 3.4404
0.639 3.44073
0.64 3.44106
0.641 3.44138
0.642 3.44171
0.643 3.44203
0.644 3.44235
0.645 3.44267
0.646 3.44299
0.647 3.44331
0.648 3.44363
0.649 3.44394
0.65 3.44425
0.651 3.44457
0.652 3.44488
0.653 3.44519
0.654 3.44549
0.655 3.4458
0.656 3.44611
0.657 3.44641
0.658 3.44671
0.659 3.44701
0.66 3.44731
0.661 3.44761
0.662 3.4479
0.663 3.4482
0.664 3.44849
0.665 3.44878
0.666 3.44907
0.667 3.44936
0.668 3.44964
0.669 3.44993
0.67 3.45021
0.671 3.45049
0.672 3.45077
0.673 3.45104
0.674 3.45132
0.675 3.45159
0.676 3.45186
0.677 3.45213
0.678 3.45239
0.679 3.45265
0.68 3.45291
0.681 3.45317
0.682 3.45343
0.683 3.45368
0.684 3.45394
0.685 3.45418
0.686 3.45443
0.687 3.45468
0.688 3.45492
0.689 3.45516
0.69 3.45539
0.691 3.45562
0.692 3.45585
0.693 3.45608
0.694 3.45631
0.695 3.45653
0.696 3.45675
0.697 3.45696
0.698 3.45717
0.699 3.45738
0.7 3.45759
0.701 3.45779
0.702 3.45798
0.703 3.45818
0.704 3.45837
0.705 3.45856
0.706 3.45874
0.707 3.45892
0.708 3.45909
0.709 3.45926
0.71 3.45943
0.711 3.45959
0.712 3.45975
0.713 3.4599
0.714 3.46005
0.715 3.4602
0.716 3.46034
0.717 3.46047
0.718 3.4606
0.719 3.46072
0.72 3.46084
0.721 3.46096
0.722 3.46106
0.723 3.46117
0.724 3.46126
0.725 3.46135
0.726 3.46144
0.727 3.46152
0.728 3.46159
0.729 3.46166
0.73 3.46172
0.731 3.46177
0.732 3.46182
0.733 3.46186
0.734 3.46189
0.735 3.46192
0.736 3.46194
0.737 3.46195
0.738 3.46195
0.739 3.46195
0.74 3.46194
0.741 3.46192
0.742 3.46189
0.743 3.46185
0.744 3.46181
0.745 3.46175
0.746 3.46169
0.747 3.46162
0.748 3.46154
0.749 3.46145
0.75 3.46135
0.751 3.46125
0.752 3.46113
0.753 3.461
0.754 3.46086
0.755 3.46071
0.756 3.46056
0.757 3.46039
0.758 3.46021
0.759 3.46002
0.76 3.45981
0.761 3.4596
0.762 3.45938
0.763 3.45914
0.764 3.45889
0.765 3.45863
0.766 3.45836
0.767 3.45807
0.768 3.45778
0.769 3.45747
0.77 3.45714
0.771 3.45681
0.772 3.45646
0.773 3.45609
0.774 3.45572
0.775 3.45533
0.776 3.45492
0.777 3.4545
0.778 3.45407
0.779 3.45362
0.78 3.45316
0.781 3.45268
0.782 3.45219
0.783 3.45168
0.784 3.45116
0.785 3.45062
0.786 3.45007
0.787 3.4495
0.788 3.44891
0.789 3.44831
0.79 3.44769
0.791 3.44705
0.792 3.4464
0.793 3.44573
0.794 3.44505
0.795 3.44434
0.796 3.44362
0.797 3.44289
0.798 3.44213
0.799 3.44136
0.8 3.44057
0.801 3.43976
0.802 3.43893
0.803 3.43809
0.804 3.43722
0.805 3.43634
0.806 3.43544
0.807 3.43452
0.808 3.43358
0.809 3.43263
0.81 3.43165
0.811 3.43066
0.812 3.42965
0.813 3.42862
0.814 3.42757
0.815 3.4265
0.816 3.42541
0.817 3.4243
0.818 3.42317
0.819 3.42203
0.82 3.42086
0.821 3.41968
0.822 3.41847
0.823 3.41725
0.824 3.41601
0.825 3.41475
0.826 3.41347
0.827 3.41217
0.828 3.41085
0.829 3.40951
0.83 3.40815
0.831 3.40678
0.832 3.40538
0.833 3.40397
0.834 3.40254
0.835 3.40109
0.836 3.39962
0.837 3.39813
0.838 3.39663
0.839 3.3951
0.84 3.39356
0.841 3.392
0.842 3.39043
0.843 3.38883
0.844 3.38722
0.845 3.38559
0.846 3.38395
0.847 3.38228
0.848 3.3806
0.849 3.37891
0.85 3.3772
0.851 3.37547
0.852 3.37373
0.853 3.37197
0.854 3.3702
0.855 3.36841
0.856 3.3666
0.857 3.36479
0.858 3.36295
0.859 3.36111
0.86 3.35925
0.861 3.35738
0.862 3.35549
0.863 3.35359
0.864 3.35168
0.865 3.34976
0.866 3.34782
0.867 3.34587
0.868 3.34392
0.869 3.34195
0.87 3.33997
0.871 3.33798
0.872 3.33598
0.873 3.33397
0.874 3.33195
0.875 3.32993
0.876 3.32789
0.877 3.32585
0.878 3.3238
0.879 3.32174
0.88 3.31967
0.881 3.3176
0.882 3.31552
0.883 3.31344
0.884 3.31135
0.885 3.30926
0.886 3.30716
0.887 3.30505
0.888 3.30295
0.889 3.30084
0.89 3.29872
0.891 3.2966
0.892 3.29448
0.893 3.29236
0.894 3.29024
0.895 3.28811
0.896 3.28599
0.897 3.28386
0.898 3.28173
0.899 3.27961
0.9 3.27748
0.901 3.27535
0.902 3.27323
0.903 3.27111
0.904 3.26898
0.905 3.26687
0.906 3.26475
0.907 3.26264
0.908 3.26052
0.909 3.25842
0.91 3.25632
0.911 3.25422
0.912 3.25212
0.913 3.25003
0.914 3.24795
0.915 3.24587
0.916 3.2438
0.917 3.24173
0.918 3.23967
0.919 3.23761
0.92 3.23557
0.921 3.23353
0.922 3.23149
0.923 3.22947
0.924 3.22745
0.925 3.22544
0.926 3.22344
0.927 3.22145
0.928 3.21947
0.929 3.21749
0.93 3.21553
0.931 3.21357
0.932 3.21163
0.933 3.20969
0.934 3.20777
0.935 3.20585
0.936 3.20395
0.937 3.20205
0.938 3.20017
0.939 3.1983
0.94 3.19644
0.941 3.19459
0.942 3.19275
0.943 3.19092
0.944 3.18911
0.945 3.1873
0.946 3.18551
0.947 3.18373
0.948 3.18197
0.949 3.18021
0.95 3.17847
0.951 3.17674
0.952 3.17503
0.953 3.17332
0.954 3.17163
0.955 3.16995
0.956 3.16829
0.957 3.16663
0.958 3.16499
0.959 3.16337
0.96 3.16175
0.961 3.16015
0.962 3.15856
0.963 3.15699
0.964 3.15543
0.965 3.15388
0.966 3.15235
0.967 3.15083
0.968 3.14932
0.969 3.14782
0.97 3.14634
0.971 3.14487
0.972 3.14342
0.973 3.14198
0.974 3.14055
0.975 3.13913
0.976 3.13773
0.977 3.13634
0.978 3.13497
0.979 3.13361
0.98 3.13226
0.981 3.13092
0.982 3.1296
0.983 3.12829
0.984 3.12699
0.985 3.12571
0.986 3.12443
0.987 3.12318
0.988 3.12193
0.989 3.1207
0.99 3.11948
0.991 3.11827
0.992 3.11707
0.993 3.11589
0.994 3.11472
0.995 3.11356
0.996 3.11242
0.997 3.11128
0.998 3.11016
0.999 3.10905
1 3.10796
1.001 5
