0 0
0.001 0.574487
0.002 0.580608
0.003 0.586732
0.004 0.59286
0.005 0.59899
0.006 0.605123
0.007 0.611257
0.008 0.617394
0.009 0.623531
0.01 0.62967
0.011 0.63581
0.012 0.64195
0.013 0.64809
0.014 0.65423
0.015 0.660369
0.016 0.666508
0.017 0.672645
0.018 0.678781
0.019 0.684914
0.02 0.691046
0.021 0.697175
0.022 0.703301
0.023 0.709425
0.024 0.715544
0.025 0.72166
0.026 0.727772
0.027 0.73388
0.028 0.739982
0.029 0.74608
0.03 0.752173
0.031 0.758259
0.032 0.76434
0.033 0.770415
0.034 0.776483
0.035 0.782545
0.036 0.788599
0.037 0.794646
0.038 0.800686
0.039 0.806718
0.04 0.812741
0.041 0.818756
0.042 0.824762
0.043 0.83076
0.044 0.836748
0.045 0.842727
0.046 0.848697
0.047 0.854656
0.048 0.860605
0.049 0.866544
0.05 0.872473
0.051 0.87839
0.052 0.884297
0.053 0.890193
0.054 0.896077
0.055 0.90195
0.056 0.907811
0.057 0.91366
0.058 0.919497
0.059 0.925322
0.06 0.931134
0.061 0.936934
0.062 0.942721
0.063 0.948495
0.064 0.954257
0.065 0.960005
0.066 0.96574
0.067 0.971462
0.068 0.97717
0.069 0.982864
0.07 0.988545
0.071 0.994212
0.072 0.999866
0.073 1.00551
0.074 1.01113
0.075 1.01674
0.076 1.02234
0.077 1.02792
0.078 1.03349
0.079 1.03904
0.08 1.04458
0.081 1.05011
0.082 1.05562
0.083 1.06112
0.084 1.0666
0.085 1.07207
0.086 1.07752
0.087 1.08296
0.088 1.08838
0.089 1.09379
0.09 1.09919
0.091 1.10457
0.092 1.10993
0.093 1.11528
0.094 1.12062
0.095 1.12594
0.096 1.13125
0.097 1.13654
0.098 1.14182
0.099 1.14709
0.1 1.15234
0.101 1.15757
0.102 1.16279
0.103 1.168
0.104 1.17319
0.105 1.17837
0.106 1.18354
0.107 1.18869
0.108 1.19382
0.109 1.19895
0.11 1.20406
0.111 1.20915
0.112 1.21423
0.113 1.2193
0.114 1.22435
0.115 1.2294
0.116 1.23442
0.117 1.23944
0.118 1.24444
0.119 1.24942
0.12 1.2544
0.121 1.25936
0.122 1.26431
0.123 1.26924
0.124 1.27417
0.125 1.27908
0.126 1.28397
0.127 1.28886
0.128 1.29373
0.129 1.29859
0.13 1.30344
0.131 1.30827
0.132 1.3131
0.133 1.31791
0.134 1.32271
0.135 1.3275
0.136 1.33227
0.137 1.33703
0.138 1.34179
0.139 1.34653
0.14 1.35126
0.141 1.35597
0.142 1.36068
0.143 1.36537
0.144 1.37006
0.145 1.37473
0.146 1.37939
0.147 1.38404
0.148 1.38869
0.149 1.39331
0.15 1.39793
0.151 1.40254
0.152 1.40714
0.153 1.41173
0.154 1.41631
0.155 1.42087
0.156 1.42543
0.157 1.42998
0.158 1.43451
0.159 1.43904
0.16 1.44356
0.161 1.44807
0.162 1.45256
0.163 1.45705
0.164 1.46153
0.165 1.466
0.166 1.47046
0.167 1.47491
0.168 1.47935
0.169 1.48379
0.17 1.48821
0.171 1.49263
0.172 1.49703
0.173 1.50143
0.174 1.50582
0.175 1.5102
0.176 1.51457
0.177 1.51893
0.178 1.52329
0.179 1.52764
0.18 1.53197
0.181 1.5363
0.182 1.54063
0.183 1.54494
0.184 1.54925
0.185 1.55355
0.186 1.55784
0.187 1.56212
0.188 1.5664
0.189 1.57067
0.19 1.57493
0.191 1.57918
0.192 1.58343
0.193 1.58767
0.194 1.5919
0.195 1.59612
0.196 1.60034
0.197 1.60455
0.198 1.60876
0.199 1.61295
0.2 1.61715
0.201 1.62133
0.202 1.62551
0.203 1.62968
0.204 1.63385
0.205 1.638
0.206 1.64216
0.207 1.6463
0.208 1.65044
0.209 1.65458
0.21 1.65871
0.211 1.66283
0.212 1.66695
0.213 1.67106
0.214 1.67517
0.215 1.67927
0.216 1.68336
0.217 1.68745
0.218 1.69154
0.219 1.69562
0.22 1.69969
0.221 1.70376
0.222 1.70782
0.223 1.71188
0.224 1.71594
0.225 1.71999
0.226 1.72403
0.227 1.72807
0.228 1.73211
0.229 1.73614
0.23 1.74016
0.231 1.74419
0.232 1.7482
0.233 1.75222
0.234 1.75623
0.235 1.76023
0.236 1.76423
0.237 1.76823
0.238 1.77223
0.239 1.77622
0.24 1.7802
0.241 1.78418
0.242 1.78816
0.243 1.79214
0.244 1.79611
0.245 1.80008
0.246 1.80404
0.247 1.808
0.248 1.81196
0.249 1.81592
0.25 1.81987
0.251 1.82382
0.252 1.82776
0.253 1.83171
0.254 1.83565
0.255 1.83958
0.256 1.84352
0.257 1.84745
0.258 1.85138
0.259 1.85531
0.26 1.85923
0.261 1.86315
0.262 1.86707
0.263 1.87099
0.264 1.8749
0.265 1.87882
0.266 1.88273
0.267 1.88663
0.268 1.89054
0.269 1.89444
0.27 1.89834
0.271 1.90224
0.272 1.90614
0.273 1.91004
0.274 1.91393
0.275 1.91783
0.276 1.92172
0.277 1.92561
0.278 1.92949
0.279 1.93338
0.28 1.93726
0.281 1.94115
0.282 1.94503
0.283 1.94891
0.284 1.95279
0.285 1.95666
0.286 1.96054
0.287 1.96442
0.288 1.96829
0.289 1.97216
0.29 1.97603
0.291 1.9799
0.292 1.98377
0.293 1.98764
0.294 1.99151
0.295 1.99538
0.296 1.99924
0.297 2.00311
0.298 2.00697
0.299 2.01084
0.3 2.0147
0.301 2.01856
0.302 2.02242
0.303 2.02629
0.304 2.03015
0.305 2.03401
0.306 2.03787
0.307 2.04173
0.308 2.04558
0.309 2.04944
0.31 2.0533
0.311 2.05716
0.312 2.06102
0.313 2.06487
0.314 2.06873
0.315 2.07259
0.316 2.07645
0.317 2.0803
0.318 2.08416
0.319 2.08802
0.32 2.09187
0.321 2.09573
0.322 2.09959
0.323 2.10344
0.324 2.1073
0.325 2.11116
0.326 2.11501
0.327 2.11887
0.328 2.12273
0.329 2.12659
0.33 2.13045
0.331 2.13431
0.332 2.13816
0.333 2.14202
0.334 2.14588
0.335 2.14974
0.336 2.15361
0.337 2.15747
0.338 2.16133
0.339 2.16519
0.34 2.16906
0.341 2.17292
0.342 2.17679
0.343 2.18065
0.344 2.18452
0.345 2.18838
0.346 2.19225
0.347 2.19612
0.348 2.19999
0.349 2.20386
0.35 2.20773
0.351 2.21161
0.352 2.21548
0.353 2.21936
0.354 2.22323
0.355 2.22711
0.356 2.23099
0.357 2.23487
0.358 2.23875
0.359 2.24263
0.36 2.24651
0.361 2.2504
0.362 2.25428
0.363 2.25817
0.364 2.26206
0.365 2.26595
0.366 2.26984
0.367 2.27374
0.368 2.27763
0.369 2.28153
0.37 2.28543
0.371 2.28933
0.372 2.29323
0.373 2.29714
0.374 2.30104
0.375 2.30495
0.376 2.30886
0.377 2.31277
0.378 2.31669
0.379 2.32061
0.38 2.32452
0.381 2.32844
0.382 2.33237
0.383 2.33629
0.384 2.34022
0.385 2.34415
0.386 2.34808
0.387 2.35202
0.388 2.35595
0.389 2.35989
0.39 2.36384
0.391 2.36778
0.392 2.37173
0.393 2.37568
0.394 2.37964
0.395 2.38359
0.396 2.38755
0.397 2.39151
0.398 2.39548
0.399 2.39945
0.4 2.40342
0.401 2.40739
0.402 2.41137
0.403 2.41535
0.404 2.41934
0.405 2.42333
0.406 2.42732
0.407 2.43131
0.408 2.43531
0.409 2.43932
0.41 2.44332
0.411 2.44733
0.412 2.45135
0.413 2.45537
0.414 2.45939
0.415 2.46342
0.416 2.46745
0.417 2.47148
0.418 2.47552
0.419 2.47956
0.42 2.48361
0.421 2.48766
0.422 2.49172
0.423 2.49578
0.424 2.49985
0.425 2.50392
0.426 2.50799
0.427 2.51208
0.428 2.51616
0.429 2.52025
0.43 2.52435
0.431 2.52845
0.432 2.53256
0.433 2.53667
0.434 2.54078
0.435 2.54491
0.436 2.54904
0.437 2.55317
0.438 2.55731
0.439 2.56146
0.44 2.56561
0.441 2.56977
0.442 2.57393
0.443 2.5781
0.444 2.58228
0.445 2.58646
0.446 2.59065
0.447 2.59485
0.448 2.59905
0.449 2.60326
0.45 2.60748
0.451 2.6117
0.452 2.61593
0.453 2.62017
0.454 2.62441
0.455 2.62866
0.456 2.63292
0.457 2.63719
0.458 2.64146
0.459 2.64575
0.46 2.65004
0.461 2.65434
0.462 2.65864
0.463 2.66296
0.464 2.66728
0.465 2.67161
0.466 2.67595
0.467 2.6803
0.468 2.68465
0.469 2.68902
0.47 2.69339
0.471 2.69778
0.472 2.70217
0.473 2.70657
0.474 2.71098
0.475 2.7154
0.476 2.71983
0.477 2.72427
0.478 2.72872
0.479 2.73318
0.48 2.73765
0.481 2.74212
0.482 2.74661
0.483 2.75111
0.484 2.75562
0.485 2.76015
0.486 2.76468
0.487 2.76922
0.488 2.77377
0.489 2.77834
0.49 2.78291
0.491 2.7875
0.492 2.7921
0.493 2.79671
0.494 2.80133
0.495 2.80597
0.496 2.81061
0.497 2.81527
0.498 2.81994
0.499 2.82462
0.5 2.82932
0.501 2.83403
0.502 2.83875
0.503 2.84348
0.504 2.84823
0.505 2.85299
0.506 2.85777
0.507 2.86255
0.508 2.86735
0.509 2.87217
0.51 2.877
0.511 2.88184
0.512 2.8867
0.513 2.89157
0.514 2.89646
0.515 2.90136
0.516 2.90628
0.517 2.91121
0.518 2.91616
0.519 2.92112
0.52 2.9261
0.521 2.93109
0.522 2.9361
0.523 2.94112
0.524 2.94617
0.525 2.95122
0.526 2.9563
0.527 2.96139
0.528 2.9665
0.529 2.97162
0.53 2.97676
0.531 2.98192
0.532 2.9871
0.533 2.9923
0.534 2.99751
0.535 3.00274
0.536 3.00799
0.537 3.01326
0.538 3.01854
0.539 3.02385
0.54 3.02917
0.541 3.03451
0.542 3.03987
0.543 3.04526
0.544 3.05066
0.545 3.05608
0.546 3.06152
0.547 3.06698
0.548 3.07246
0.549 3.07797
0.55 3.08349
0.551 3.08904
0.552 3.0946
0.553 3.10019
0.554 3.1058
0.555 3.11143
0.556 3.11708
0.557 3.12276
0.558 3.12845
0.559 3.13417
0.56 3.13992
0.561 3.14568
0.562 3.15147
0.563 3.15729
0.564 3.16312
0.565 3.16898
0.566 3.17487
0.567 3.18078
0.568 3.18671
0.569 3.19267
0.57 3.19865
0.571 3.20466
0.572 3.21069
0.573 3.21675
0.574 3.22284
0.575 3.22895
0.576 3.23509
0.577 3.24125
0.578 3.24744
0.579 3.25366
0.58 3.25991
0.581 3.26618
0.582 3.27248
0.583 3.27881
0.584 3.28516
0.585 3.29155
0.586 3.29796
0.587 3.30441
0.588 3.31088
0.589 3.31738
0.59 3.32391
0.591 3.33047
0.592 3.33706
0.593 3.34368
0.594 3.35033
0.595 3.35701
0.596 3.36373
0.597 3.37047
0.598 3.37725
0.599 3.38406
0.6 3.3909
0.601 3.39777
0.602 3.40467
0.603 3.41161
0.604 3.41858
0.605 3.42559
0.606 3.43263
0.607 3.4397
0.608 3.4468
0.609 3.45394
0.61 3.46112
0.611 3.46833
0.612 3.47557
0.613 3.48285
0.614 3.49017
0.615 3.49752
0.616 3.50491
0.617 3.51234
0.618 3.5198
0.619 3.5273
0.62 3.53483
0.621 3.54241
0.622 3.55002
0.623 3.55767
0.624 3.56536
0.625 3.57308
0.626 3.58085
0.627 3.58866
0.628 3.5965
0.629 3.60438
0.63 3.61231
0.631 3.62027
0.632 3.62828
0.633 3.63632
0.634 3.64441
0.635 3.65254
0.636 3.66071
0.637 3.66892
0.638 3.67717
0.639 3.68547
0.64 3.69381
0.641 3.70219
0.642 3.71061
0.643 3.71908
0.644 3.7276
0.645 3.73615
0.646 3.74475
0.647 3.7534
0.648 3.76209
0.649 3.77082
0.65 3.7796
0.651 3.78843
0.652 3.7973
0.653 3.80622
0.654 3.81518
0.655 3.82419
0.656 3.83325
0.657 3.84235
0.658 3.85151
0.659 3.86071
0.66 3.86995
0.661 3.87925
0.662 3.88859
0.663 3.89798
0.664 3.90742
0.665 3.91691
0.666 3.92645
0.667 3.93604
0.668 3.94568
0.669 3.95537
0.67 3.9651
0.671 3.97489
0.672 3.98473
0.673 3.99462
0.674 4.00456
0.675 4.01455
0.676 4.02459
0.677 4.03469
0.678 4.04483
0.679 4.05503
0.68 4.06528
0.681 4.07558
0.682 4.08594
0.683 4.09634
0.684 4.1068
0.685 4.11731
0.686 4.12788
0.687 4.1385
0.688 4.14917
0.689 4.15989
0.69 4.17067
0.691 4.1815
0.692 4.19239
0.693 4.20333
0.694 4.21432
0.695 4.22536
0.696 4.23647
0.697 4.24762
0.698 4.25883
0.699 4.27009
0.7 4.28141
0.701 4.29278
0.702 4.30421
0.703 4.31569
0.704 4.32723
0.705 4.33882
0.706 4.35046
0.707 4.36216
0.708 4.37391
0.709 4.38572
0.71 4.39758
0.711 4.4095
0.712 4.42147
0.713 4.4335
0.714 4.44557
0.715 4.45771
0.716 4.4699
0.717 4.48214
0.718 4.49443
0.719 4.50678
0.72 4.51918
0.721 4.53164
0.722 4.54415
0.723 4.55671
0.724 4.56933
0.725 4.582
0.726 4.59472
0.727 4.60749
0.728 4.62032
0.729 4.6332
0.73 4.64612
0.731 4.65911
0.732 4.67214
0.733 4.68522
0.734 4.69835
0.735 4.71154
0.736 4.72477
0.737 4.73805
0.738 4.75139
0.739 4.76477
0.74 4.7782
0.741 4.79168
0.742 4.80521
0.743 4.81878
0.744 4.8324
0.745 4.84607
0.746 4.85978
0.747 4.87354
0.748 4.88735
0.749 4.9012
0.75 4.91509
0.751 4.92903
0.752 4.94301
0.753 4.95703
0.754 4.97109
0.755 4.9852
0.756 4.99935
0.757 5.01354
0.758 5.02776
0.759 5.04203
0.76 5.05634
0.761 5.07068
0.762 5.08506
0.763 5.09948
0.764 5.11393
0.765 5.12842
0.766 5.14294
0.767 5.15749
0.768 5.17208
0.769 5.1867
0.77 5.20135
0.771 5.21603
0.772 5.23075
0.773 5.24549
0.774 5.26026
0.775 5.27505
0.776 5.28988
0.777 5.30472
0.778 5.3196
0.779 5.33449
0.78 5.34941
0.781 5.36436
0.782 5.37932
0.783 5.3943
0.784 5.40931
0.785 5.42433
0.786 5.43937
0.787 5.45442
0.788 5.46949
0.789 5.48458
0.79 5.49967
0.791 5.51478
0.792 5.52991
0.793 5.54504
0.794 5.56018
0.795 5.57533
0.796 5.59049
0.797 5.60565
0.798 5.62082
0.799 5.63599
0.8 5.65117
0.801 5.66635
0.802 5.68153
0.803 5.6967
0.804 5.71188
0.805 5.72706
0.806 5.74223
0.807 5.75739
0.808 5.77255
0.809 5.78771
0.81 5.80285
0.811 5.81799
0.812 5.83311
0.813 5.84823
0.814 5.86333
0.815 5.87842
0.816 5.89349
0.817 5.90855
0.818 5.92359
0.819 5.93861
0.82 5.95361
0.821 5.96859
0.822 5.98355
0.823 5.99849
0.824 6.0134
0.825 6.02829
0.826 6.04315
0.827 6.05798
0.828 6.07278
0.829 6.08755
0.83 6.1023
0.831 6.11701
0.832 6.13168
0.833 6.14633
0.834 6.16093
0.835 6.1755
0.836 6.19004
0.837 6.20453
0.838 6.21898
0.839 6.23339
0.84 6.24776
0.841 6.26209
0.842 6.27637
0.843 6.2906
0.844 6.30479
0.845 6.31893
0.846 6.33302
0.847 6.34707
0.848 6.36106
0.849 6.375
0.85 6.38888
0.851 6.40271
0.852 6.41649
0.853 6.43021
0.854 6.44387
0.855 6.45748
0.856 6.47102
0.857 6.48451
0.858 6.49793
0.859 6.51129
0.86 6.52459
0.861 6.53782
0.862 6.55099
0.863 6.5641
0.864 6.57713
0.865 6.5901
0.866 6.603
0.867 6.61584
0.868 6.6286
0.869 6.64129
0.87 6.65391
0.871 6.66645
0.872 6.67893
0.873 6.69132
0.874 6.70365
0.875 6.71589
0.876 6.72807
0.877 6.74016
0.878 6.75218
0.879 6.76411
0.88 6.77597
0.881 6.78775
0.882 6.79945
0.883 6.81106
0.884 6.8226
0.885 6.83405
0.886 6.84542
0.887 6.85671
0.888 6.86791
0.889 6.87903
0.89 6.89006
0.891 6.90101
0.892 6.91187
0.893 6.92264
0.894 6.93333
0.895 6.94393
0.896 6.95445
0.897 6.96487
0.898 6.97521
0.899 6.98546
0.9 6.99562
0.901 7.00569
0.902 7.01567
0.903 7.02556
0.904 7.03536
0.905 7.04507
0.906 7.05469
0.907 7.06422
0.908 7.07366
0.909 7.08301
0.91 7.09226
0.911 7.10143
0.912 7.1105
0.913 7.11949
0.914 7.12838
0.915 7.13718
0.916 7.14589
0.917 7.1545
0.918 7.16303
0.919 7.17147
0.92 7.17981
0.921 7.18806
0.922 7.19622
0.923 7.20429
0.924 7.21227
0.925 7.22016
0.926 7.22796
0.927 7.23567
0.928 7.24329
0.929 7.25082
0.93 7.25825
0.931 7.2656
0.932 7.27286
0.933 7.28003
0.934 7.28712
0.935 7.29411
0.936 7.30102
0.937 7.30784
0.938 7.31457
0.939 7.32122
0.94 7.32777
0.941 7.33425
0.942 7.34063
0.943 7.34694
0.944 7.35315
0.945 7.35928
0.946 7.36533
0.947 7.3713
0.948 7.37718
0.949 7.38298
0.95 7.3887
0.951 7.39434
0.952 7.39989
0.953 7.40537
0.954 7.41076
0.955 7.41608
0.956 7.42132
0.957 7.42648
0.958 7.43156
0.959 7.43656
0.96 7.44149
0.961 7.44634
0.962 7.45112
0.963 7.45582
0.964 7.46045
0.965 7.46501
0.966 7.46949
0.967 7.4739
0.968 7.47824
0.969 7.4825
0.97 7.4867
0.971 7.49083
0.972 7.49489
0.973 7.49888
0.974 7.5028
0.975 7.50666
0.976 7.51045
0.977 7.51417
0.978 7.51783
0.979 7.52142
0.98 7.52495
0.981 7.52842
0.982 7.53183
0.983 7.53517
0.984 7.53845
0.985 7.54167
0.986 7.54483
0.987 7.54794
0.988 7.55098
0.989 7.55397
0.99 7.5569
0.991 7.55977
0.992 7.56259
0.993 7.56535
0.994 7.56806
0.995 7.57071
0.996 7.57331
0.997 7.57586
0.998 7.57835
0.999 7.5808
1 7.58319
1.001 0
