0 0
0.001 0.371892
0.002 0.377085
0.003 0.382279
0.004 0.387472
0.005 0.392666
0.006 0.39786
0.007 0.403054
0.008 0.408247
0.009 0.413439
0.01 0.418631
0.011 0.423822
0.012 0.429012
0.013 0.434201
0.014 0.439388
0.015 0.444574
0.016 0.449758
0.017 0.45494
0.018 0.46012
0.019 0.465297
0.02 0.470472
0.021 0.475645
0.022 0.480815
0.023 0.485982
0.024 0.491146
0.025 0.496306
0.026 0.501463
0.027 0.506617
0.028 0.511766
0.029 0.516912
0.03 0.522054
0.031 0.527191
0.032 0.532324
0.033 0.537453
0.034 0.542576
0.035 0.547695
0.036 0.552808
0.037 0.557917
0.038 0.56302
0.039 0.568117
0.04 0.573209
0.041 0.578295
0.042 0.583375
0.043 0.588448
0.044 0.593516
0.045 0.598576
0.046 0.603631
0.047 0.608678
0.048 0.613719
0.049 0.618752
0.05 0.623779
0.051 0.628798
0.052 0.633809
0.053 0.638813
0.054 0.64381
0.055 0.648798
0.056 0.653779
0.057 0.658751
0.058 0.663715
0.059 0.668671
0.06 0.673619
0.061 0.678557
0.062 0.683487
0.063 0.688409
0.064 0.693321
0.065 0.698225
0.066 0.703119
0.067 0.708004
0.068 0.71288
0.069 0.717746
0.07 0.722603
0.071 0.72745
0.072 0.732287
0.073 0.737115
0.074 0.741933
0.075 0.746741
0.076 0.751539
0.077 0.756327
0.078 0.761105
0.079 0.765872
0.08 0.770629
0.081 0.775376
0.082 0.780112
0.083 0.784838
0.084 0.789554
0.085 0.794259
0.086 0.798953
0.087 0.803636
0.088 0.808309
0.089 0.812971
0.09 0.817622
0.091 0.822263
0.092 0.826892
0.093 0.831511
0.094 0.836119
0.095 0.840716
0.096 0.845302
0.097 0.849876
0.098 0.85444
0.099 0.858993
0.1 0.863535
0.101 0.868066
0.102 0.872586
0.103 0.877094
0.104 0.881592
0.105 0.886079
0.106 0.890555
0.107 0.895019
0.108 0.899473
0.109 0.903915
0.11 0.908347
0.111 0.912768
0.112 0.917178
0.113 0.921576
0.114 0.925964
0.115 0.930342
0.116 0.934708
0.117 0.939063
0.118 0.943408
0.119 0.947742
0.12 0.952065
0.121 0.956378
0.122 0.96068
0.123 0.964971
0.124 0.969252
0.125 0.973522
0.126 0.977782
0.127 0.982032
0.128 0.986271
0.129 0.9905
0.13 0.994718
0.131 0.998927
0.132 1.00313
0.133 1.00731
0.134 1.01149
0.135 1.01566
0.136 1.01982
0.137 1.02397
0.138 1.02811
0.139 1.03224
0.14 1.03636
0.141 1.04047
0.142 1.04457
0.143 1.04866
0.144 1.05274
0.145 1.05681
0.146 1.06088
0.147 1.06493
0.148 1.06898
0.149 1.07302
0.15 1.07704
0.151 1.08106
0.152 1.08507
0.153 1.08908
0.154 1.09307
0.155 1.09705
0.156 1.10103
0.157 1.105
0.158 1.10896
0.159 1.11291
0.16 1.11686
0.161 1.12079
0.162 1.12472
0.163 1.12864
0.164 1.13256
0.165 1.13646
0.166 1.14036
0.167 1.14425
0.168 1.14814
0.169 1.15201
0.17 1.15588
0.171 1.15974
0.172 1.1636
0.173 1.16745
0.174 1.17129
0.175 1.17512
0.176 1.17895
0.177 1.18278
0.178 1.18659
0.179 1.1904
0.18 1.19421
0.181 1.198
0.182 1.20179
0.183 1.20558
0.184 1.20936
0.185 1.21313
0.186 1.2169
0.187 1.22066
0.188 1.22442
0.189 1.22817
0.19 1.23192
0.191 1.23566
0.192 1.2394
0.193 1.24313
0.194 1.24686
0.195 1.25058
0.196 1.2543
0.197 1.25801
0.198 1.26172
0.199 1.26542
0.2 1.26912
0.201 1.27282
0.202 1.27651
0.203 1.28019
0.204 1.28388
0.205 1.28756
0.206 1.29123
0.207 1.2949
0.208 1.29857
0.209 1.30224
0.21 1.3059
0.211 1.30956
0.212 1.31321
0.213 1.31686
0.214 1.32051
0.215 1.32415
0.216 1.3278
0.217 1.33144
0.218 1.33507
0.219 1.33871
0.22 1.34234
0.221 1.34597
0.222 1.34959
0.223 1.35322
0.224 1.35684
0.225 1.36046
0.226 1.36408
0.227 1.36769
0.228 1.37131
0.229 1.37492
0.23 1.37853
0.231 1.38214
0.232 1.38575
0.233 1.38935
0.234 1.39296
0.235 1.39656
0.236 1.40016
0.237 1.40376
0.238 1.40736
0.239 1.41096
0.24 1.41456
0.241 1.41815
0.242 1.42175
0.243 1.42534
0.244 1.42894
0.245 1.43253
0.246 1.43613
0.247 1.43972
0.248 1.44331
0.249 1.4469
0.25 1.4505
0.251 1.45409
0.252 1.45768
0.253 1.46127
0.254 1.46487
0.255 1.46846
0.256 1.47205
0.257 1.47564
0.258 1.47924
0.259 1.48283
0.26 1.48642
0.261 1.49002
0.262 1.49362
0.263 1.49721
0.264 1.50081
0.265 1.50441
0.266 1.50801
0.267 1.51161
0.268 1.51521
0.269 1.51881
0.27 1.52241
0.271 1.52602
0.272 1.52962
0.273 1.53323
0.274 1.53684
0.275 1.54045
0.276 1.54406
0.277 1.54767
0.278 1.55129
0.279 1.5549
0.28 1.55852
0.281 1.56214
0.282 1.56576
0.283 1.56939
0.284 1.57301
0.285 1.57664
0.286 1.58027
0.287 1.5839
0.288 1.58754
0.289 1.59118
0.29 1.59481
0.291 1.59846
0.292 1.6021
0.293 1.60575
0.294 1.6094
0.295 1.61305
0.296 1.6167
0.297 1.62036
0.298 1.62402
0.299 1.62768
0.3 1.63135
0.301 1.63501
0.302 1.63869
0.303 1.64236
0.304 1.64604
0.305 1.64972
0.306 1.6534
0.307 1.65709
0.308 1.66078
0.309 1.66447
0.31 1.66816
0.311 1.67186
0.312 1.67557
0.313 1.67927
0.314 1.68298
0.315 1.6867
0.316 1.69041
0.317 1.69413
0.318 1.69786
0.319 1.70158
0.32 1.70531
0.321 1.70905
0.322 1.71279
0.323 1.71653
0.324 1.72028
0.325 1.72403
0.326 1.72778
0.327 1.73154
0.328 1.7353
0.329 1.73906
0.33 1.74283
0.331 1.74661
0.332 1.75039
0.333 1.75417
0.334 1.75795
0.335 1.76174
0.336 1.76554
0.337 1.76934
0.338 1.77314
0.339 1.77695
0.34 1.78076
0.341 1.78457
0.342 1.7884
0.343 1.79222
0.344 1.79605
0.345 1.79988
0.346 1.80372
0.347 1.80756
0.348 1.81141
0.349 1.81526
0.35 1.81912
0.351 1.82298
0.352 1.82685
0.353 1.83072
0.354 1.83459
0.355 1.83847
0.356 1.84236
0.357 1.84625
0.358 1.85014
0.359 1.85404
0.36 1.85794
0.361 1.86185
0.362 1.86577
0.363 1.86969
0.364 1.87361
0.365 1.87754
0.366 1.88147
0.367 1.88541
0.368 1.88936
0.369 1.8933
0.37 1.89726
0.371 1.90122
0.372 1.90518
0.373 1.90915
0.374 1.91313
0.375 1.91711
0.376 1.92109
0.377 1.92509
0.378 1.92908
0.379 1.93308
0.38 1.93709
0.381 1.9411
0.382 1.94512
0.383 1.94914
0.384 1.95317
0.385 1.95721
0.386 1.96125
0.387 1.96529
0.388 1.96935
0.389 1.9734
0.39 1.97747
0.391 1.98153
0.392 1.98561
0.393 1.98969
0.394 1.99377
0.395 1.99787
0.396 2.00196
0.397 2.00607
0.398 2.01017
0.399 2.01429
0.4 2.01841
0.401 2.02254
0.402 2.02667
0.403 2.03081
0.404 2.03496
0.405 2.03911
0.406 2.04327
0.407 2.04743
0.408 2.0516
0.409 2.05578
0.41 2.05996
0.411 2.06415
0.412 2.06835
0.413 2.07255
0.414 2.07676
0.415 2.08097
0.416 2.08519
0.417 2.08942
0.418 2.09366
0.419 2.0979
0.42 2.10215
0.421 2.1064
0.422 2.11067
0.423 2.11494
0.424 2.11921
0.425 2.1235
0.426 2.12779
0.427 2.13208
0.428 2.13639
0.429 2.1407
0.43 2.14502
0.431 2.14935
0.432 2.15368
0.433 2.15802
0.434 2.16237
0.435 2.16672
0.436 2.17109
0.437 2.17546
0.438 2.17984
0.439 2.18422
0.44 2.18862
0.441 2.19302
0.442 2.19743
0.443 2.20185
0.444 2.20628
0.445 2.21071
0.446 2.21515
0.447 2.2196
0.448 2.22406
0.449 2.22853
0.45 2.233
0.451 2.23749
0.452 2.24198
0.453 2.24648
0.454 2.25099
0.455 2.25551
0.456 2.26004
0.457 2.26458
0.458 2.26912
0.459 2.27368
0.46 2.27824
0.461 2.28281
0.462 2.2874
0.463 2.29199
0.464 2.29659
0.465 2.3012
0.466 2.30582
0.467 2.31045
0.468 2.31509
0.469 2.31974
0.47 2.3244
0.471 2.32908
0.472 2.33376
0.473 2.33845
0.474 2.34315
0.475 2.34786
0.476 2.35258
0.477 2.35731
0.478 2.36206
0.479 2.36681
0.48 2.37158
0.481 2.37636
0.482 2.38114
0.483 2.38594
0.484 2.39075
0.485 2.39557
0.486 2.40041
0.487 2.40525
0.488 2.41011
0.489 2.41498
0.49 2.41986
0.491 2.42475
0.492 2.42966
0.493 2.43458
0.494 2.43951
0.495 2.44445
0.496 2.4494
0.497 2.45437
0.498 2.45935
0.499 2.46435
0.5 2.46936
0.501 2.47438
0.502 2.47941
0.503 2.48446
0.504 2.48952
0.505 2.4946
0.506 2.49968
0.507 2.50479
0.508 2.50991
0.509 2.51504
0.51 2.52019
0.511 2.52535
0.512 2.53052
0.513 2.53571
0.514 2.54092
0.515 2.54614
0.516 2.55138
0.517 2.55663
0.518 2.5619
0.519 2.56718
0.52 2.57248
0.521 2.5778
0.522 2.58313
0.523 2.58848
0.524 2.59385
0.525 2.59923
0.526 2.60463
0.527 2.61004
0.528 2.61548
0.529 2.62093
0.53 2.6264
0.531 2.63188
0.532 2.63739
0.533 2.64291
0.534 2.64845
0.535 2.65401
0.536 2.65959
0.537 2.66518
0.538 2.6708
0.539 2.67643
0.54 2.68209
0.541 2.68776
0.542 2.69345
0.543 2.69917
0.544 2.7049
0.545 2.71065
0.546 2.71643
0.547 2.72222
0.548 2.72803
0.549 2.73387
0.55 2.73973
0.551 2.74561
0.552 2.75151
0.553 2.75743
0.554 2.76337
0.555 2.76934
0.556 2.77533
0.557 2.78134
0.558 2.78737
0.559 2.79343
0.56 2.79951
0.561 2.80562
0.562 2.81174
0.563 2.8179
0.564 2.82407
0.565 2.83027
0.566 2.8365
0.567 2.84275
0.568 2.84902
0.569 2.85532
0.57 2.86165
0.571 2.868
0.572 2.87437
0.573 2.88078
0.574 2.88721
0.575 2.89366
0.576 2.90014
0.577 2.90665
0.578 2.91319
0.579 2.91976
0.58 2.92635
0.581 2.93297
0.582 2.93962
0.583 2.9463
0.584 2.953
0.585 2.95974
0.586 2.96651
0.587 2.9733
0.588 2.98012
0.589 2.98698
0.59 2.99386
0.591 3.00078
0.592 3.00773
0.593 3.0147
0.594 3.02171
0.595 3.02875
0.596 3.03583
0.597 3.04293
0.598 3.05007
0.599 3.05724
0.6 3.06444
0.601 3.07168
0.602 3.07895
0.603 3.08625
0.604 3.09359
0.605 3.10096
0.606 3.10837
0.607 3.11581
0.608 3.12329
0.609 3.13081
0.61 3.13835
0.611 3.14594
0.612 3.15356
0.613 3.16122
0.614 3.16892
0.615 3.17665
0.616 3.18442
0.617 3.19223
0.618 3.20007
0.619 3.20796
0.62 3.21588
0.621 3.22384
0.622 3.23185
0.623 3.23989
0.624 3.24797
0.625 3.25609
0.626 3.26425
0.627 3.27246
0.628 3.2807
0.629 3.28899
0.63 3.29732
0.631 3.30569
0.632 3.3141
0.633 3.32255
0.634 3.33105
0.635 3.33959
0.636 3.34818
0.637 3.35681
0.638 3.36548
0.639 3.3742
0.64 3.38296
0.641 3.39177
0.642 3.40062
0.643 3.40952
0.644 3.41847
0.645 3.42746
0.646 3.4365
0.647 3.44559
0.648 3.45472
0.649 3.4639
0.65 3.47313
0.651 3.4824
0.652 3.49173
0.653 3.5011
0.654 3.51053
0.655 3.52
0.656 3.52952
0.657 3.5391
0.658 3.54872
0.659 3.55839
0.66 3.56812
0.661 3.57789
0.662 3.58772
0.663 3.5976
0.664 3.60753
0.665 3.61751
0.666 3.62755
0.667 3.63764
0.668 3.64778
0.669 3.65798
0.67 3.66823
0.671 3.67853
0.672 3.68889
0.673 3.6993
0.674 3.70977
0.675 3.72029
0.676 3.73087
0.677 3.7415
0.678 3.75219
0.679 3.76293
0.68 3.77373
0.681 3.78459
0.682 3.79551
0.683 3.80648
0.684 3.81751
0.685 3.82859
0.686 3.83974
0.687 3.85094
0.688 3.8622
0.689 3.87352
0.69 3.88489
0.691 3.89633
0.692 3.90782
0.693 3.91937
0.694 3.93099
0.695 3.94266
0.696 3.95439
0.697 3.96618
0.698 3.97803
0.699 3.98994
0.7 4.00191
0.701 4.01393
0.702 4.02602
0.703 4.03817
0.704 4.05039
0.705 4.06266
0.706 4.07499
0.707 4.08738
0.708 4.09983
0.709 4.11235
0.71 4.12492
0.711 4.13756
0.712 4.15025
0.713 4.16301
0.714 4.17583
0.715 4.1887
0.716 4.20164
0.717 4.21464
0.718 4.2277
0.719 4.24083
0.72 4.25401
0.721 4.26725
0.722 4.28055
0.723 4.29392
0.724 4.30734
0.725 4.32082
0.726 4.33437
0.727 4.34797
0.728 4.36164
0.729 4.37536
0.73 4.38914
0.731 4.40298
0.732 4.41688
0.733 4.43084
0.734 4.44486
0.735 4.45894
0.736 4.47307
0.737 4.48726
0.738 4.50151
0.739 4.51582
0.74 4.53018
0.741 4.5446
0.742 4.55908
0.743 4.57361
0.744 4.58819
0.745 4.60283
0.746 4.61753
0.747 4.63228
0.748 4.64709
0.749 4.66194
0.75 4.67685
0.751 4.69181
0.752 4.70683
0.753 4.72189
0.754 4.73701
0.755 4.75217
0.756 4.76739
0.757 4.78265
0.758 4.79797
0.759 4.81333
0.76 4.82873
0.761 4.84419
0.762 4.85969
0.763 4.87523
0.764 4.89082
0.765 4.90645
0.766 4.92213
0.767 4.93785
0.768 4.95361
0.769 4.96941
0.77 4.98524
0.771 5.00112
0.772 5.01704
0.773 5.03299
0.774 5.04898
0.775 5.06501
0.776 5.08107
0.777 5.09716
0.778 5.11329
0.779 5.12945
0.78 5.14564
0.781 5.16186
0.782 5.17811
0.783 5.19438
0.784 5.21069
0.785 5.22702
0.786 5.24337
0.787 5.25975
0.788 5.27615
0.789 5.29257
0.79 5.30901
0.791 5.32548
0.792 5.34196
0.793 5.35845
0.794 5.37497
0.795 5.39149
0.796 5.40804
0.797 5.42459
0.798 5.44116
0.799 5.45773
0.8 5.47432
0.801 5.49091
0.802 5.50751
0.803 5.52411
0.804 5.54072
0.805 5.55733
0.806 5.57394
0.807 5.59055
0.808 5.60716
0.809 5.62376
0.81 5.64037
0.811 5.65696
0.812 5.67356
0.813 5.69014
0.814 5.70671
0.815 5.72328
0.816 5.73983
0.817 5.75637
0.818 5.77289
0.819 5.7894
0.82 5.80589
0.821 5.82237
0.822 5.83882
0.823 5.85525
0.824 5.87166
0.825 5.88805
0.826 5.90441
0.827 5.92074
0.828 5.93704
0.829 5.95332
0.83 5.96956
0.831 5.98578
0.832 6.00196
0.833 6.0181
0.834 6.03421
0.835 6.05028
0.836 6.06631
0.837 6.0823
0.838 6.09825
0.839 6.11416
0.84 6.13002
0.841 6.14584
0.842 6.16161
0.843 6.17733
0.844 6.19301
0.845 6.20863
0.846 6.2242
0.847 6.23972
0.848 6.25518
0.849 6.27059
0.85 6.28594
0.851 6.30123
0.852 6.31647
0.853 6.33164
0.854 6.34675
0.855 6.3618
0.856 6.37678
0.857 6.3917
0.858 6.40655
0.859 6.42134
0.86 6.43605
0.861 6.4507
0.862 6.46527
0.863 6.47978
0.864 6.49421
0.865 6.50857
0.866 6.52285
0.867 6.53705
0.868 6.55118
0.869 6.56523
0.87 6.5792
0.871 6.5931
0.872 6.60691
0.873 6.62064
0.874 6.63428
0.875 6.64785
0.876 6.66133
0.877 6.67472
0.878 6.68803
0.879 6.70125
0.88 6.71438
0.881 6.72743
0.882 6.74038
0.883 6.75325
0.884 6.76603
0.885 6.77871
0.886 6.79131
0.887 6.80381
0.888 6.81621
0.889 6.82853
0.89 6.84075
0.891 6.85287
0.892 6.86491
0.893 6.87684
0.894 6.88868
0.895 6.90042
0.896 6.91207
0.897 6.92361
0.898 6.93506
0.899 6.94641
0.9 6.95767
0.901 6.96882
0.902 6.97987
0.903 6.99083
0.904 7.00169
0.905 7.01244
0.906 7.0231
0.907 7.03365
0.908 7.0441
0.909 7.05446
0.91 7.06471
0.911 7.07486
0.912 7.08491
0.913 7.09486
0.914 7.10471
0.915 7.11446
0.916 7.1241
0.917 7.13365
0.918 7.14309
0.919 7.15244
0.92 7.16168
0.921 7.17082
0.922 7.17986
0.923 7.1888
0.924 7.19764
0.925 7.20638
0.926 7.21502
0.927 7.22356
0.928 7.232
0.929 7.24034
0.93 7.24858
0.931 7.25672
0.932 7.26476
0.933 7.27271
0.934 7.28056
0.935 7.28831
0.936 7.29596
0.937 7.30352
0.938 7.31098
0.939 7.31835
0.94 7.32562
0.941 7.33279
0.942 7.33987
0.943 7.34686
0.944 7.35375
0.945 7.36055
0.946 7.36726
0.947 7.37387
0.948 7.3804
0.949 7.38683
0.95 7.39317
0.951 7.39942
0.952 7.40559
0.953 7.41166
0.954 7.41765
0.955 7.42355
0.956 7.42936
0.957 7.43509
0.958 7.44073
0.959 7.44629
0.96 7.45176
0.961 7.45715
0.962 7.46246
0.963 7.46768
0.964 7.47282
0.965 7.47789
0.966 7.48287
0.967 7.48777
0.968 7.49259
0.969 7.49734
0.97 7.50201
0.971 7.5066
0.972 7.51112
0.973 7.51556
0.974 7.51992
0.975 7.52422
0.976 7.52843
0.977 7.53258
0.978 7.53666
0.979 7.54066
0.98 7.5446
0.981 7.54847
0.982 7.55226
0.983 7.55599
0.984 7.55965
0.985 7.56325
0.986 7.56678
0.987 7.57025
0.988 7.57365
0.989 7.57699
0.99 7.58026
0.991 7.58348
0.992 7.58663
0.993 7.58972
0.994 7.59275
0.995 7.59572
0.996 7.59864
0.997 7.6015
0.998 7.6043
0.999 7.60704
1 7.60973
1.001 0
