0 5
0.001 3.34577
0.002 3.3436
0.003 3.34144
0.004 3.33928
0.005 3.33713
0.006 3.33498
0.007 3.33284
0.008 3.3307
0.009 3.32857
0.01 3.32644
0.011 3.32432
0.012 3.32221
0.013 3.3201
0.014 3.318
0.015 3.3159
0.016 3.31381
0.017 3.31173
0.018 3.30965
0.019 3.30758
0.02 3.30552
0.021 3.30347
0.022 3.30142
0.023 3.29938
0.024 3.29735
0.025 3.29533
0.026 3.29331
0.027 3.2913
0.028 3.2893
0.029 3.28731
0.03 3.28533
0.031 3.28335
0.032 3.28139
0.033 3.27943
0.034 3.27749
0.035 3.27555
0.036 3.27362
0.037 3.2717
0.038 3.2698
0.039 3.2679
0.04 3.26601
0.041 3.26413
0.042 3.26226
0.043 3.26041
0.044 3.25856
0.045 3.25672
0.046 3.2549
0.047 3.25308
0.048 3.25128
0.049 3.24949
0.05 3.24771
0.051 3.24594
0.052 3.24418
0.053 3.24244
0.054 3.24071
0.055 3.23899
0.056 3.23728
0.057 3.23558
0.058 3.2339
0.059 3.23223
0.06 3.23057
0.061 3.22892
0.062 3.22729
0.063 3.22567
0.064 3.22407
0.065 3.22247
0.066 3.2209
0.067 3.21933
0.068 3.21778
0.069 3.21624
0.07 3.21472
0.071 3.21321
0.072 3.21171
0.073 3.21023
0.074 3.20876
0.075 3.20731
0.076 3.20587
0.077 3.20445
0.078 3.20304
0.079 3.20164
0.08 3.20026
0.081 3.1989
0.082 3.19755
0.083 3.19621
0.084 3.19489
0.085 3.19359
0.086 3.1923
0.087 3.19103
0.088 3.18977
0.089 3.18853
0.09 3.1873
0.091 3.18609
0.092 3.18489
0.093 3.18371
0.094 3.18255
0.095 3.1814
0.096 3.18027
0.097 3.17915
0.098 3.17805
0.099 3.17697
0.1 3.1759
0.101 3.17484
0.102 3.17381
0.103 3.17279
0.104 3.17178
0.105 3.17079
0.106 3.16982
0.107 3.16887
0.108 3.16793
0.109 3.167
0.11 3.16609
0.111 3.1652
0.112 3.16433
0.113 3.16347
0.114 3.16263
0.115 3.1618
0.116 3.16099
0.117 3.1602
0.118 3.15942
0.119 3.15866
0.12 3.15791
0.121 3.15718
0.122 3.15647
0.123 3.15577
0.124 3.15509
0.125 3.15442
0.126 3.15377
0.127 3.15314
0.128 3.15252
0.129 3.15192
0.13 3.15133
0.131 3.15076
0.132 3.15021
0.133 3.14967
0.134 3.14914
0.135 3.14864
0.136 3.14814
0.137 3.14767
0.138 3.1472
0.139 3.14676
0.14 3.14633
0.141 3.14591
0.142 3.14551
0.143 3.14512
0.144 3.14475
0.145 3.14439
0.146 3.14405
0.147 3.14372
0.148 3.14341
0.149 3.14311
0.15 3.14283
0.151 3.14256
0.152 3.1423
0.153 3.14206
0.154 3.14184
0.155 3.14162
0.156 3.14143
0.157 3.14124
0.158 3.14107
0.159 3.14091
0.16 3.14077
0.161 3.14064
0.162 3.14052
0.163 3.14041
0.164 3.14032
0.165 3.14025
0.166 3.14018
0.167 3.14013
0.168 3.14009
0.169 3.14006
0.17 3.14005
0.171 3.14004
0.172 3.14005
0.173 3.14008
0.174 3.14011
0.175 3.14016
0.176 3.14021
0.177 3.14028
0.178 3.14036
0.179 3.14046
0.18 3.14056
0.181 3.14068
0.182 3.1408
0.183 3.14094
0.184 3.14109
0.185 3.14125
0.186 3.14142
0.187 3.1416
0.188 3.14179
0.189 3.14199
0.19 3.1422
0.191 3.14242
0.192 3.14266
0.193 3.1429
0.194 3.14315
0.195 3.14341
0.196 3.14368
0.197 3.14396
0.198 3.14425
0.199 3.14455
0.2 3.14486
0.201 3.14517
0.202 3.1455
0.203 3.14583
0.204 3.14618
0.205 3.14653
0.206 3.14689
0.207 3.14726
0.208 3.14764
0.209 3.14802
0.21 3.14841
0.211 3.14881
0.212 3.14922
0.213 3.14964
0.214 3.15006
0.215 3.15049
0.216 3.15093
0.217 3.15138
0.218 3.15183
0.219 3.15229
0.22 3.15276
0.221 3.15324
0.222 3.15372
0.223 3.15421
0.224 3.1547
0.225 3.1552
0.226 3.15571
0.227 3.15622
0.228 3.15674
0.229 3.15727
0.23 3.1578
0.231 3.15834
0.232 3.15888
0.233 3.15943
0.234 3.15999
0.235 3.16055
0.236 3.16111
0.237 3.16168
0.238 3.16226
0.239 3.16284
0.24 3.16343
0.241 3.16402
0.242 3.16462
0.243 3.16522
0.244 3.16583
0.245 3.16644
0.246 3.16706
0.247 3.16768
0.248 3.1683
0.249 3.16893
0.25 3.16957
0.251 3.1702
0.252 3.17085
0.253 3.17149
0.254 3.17214
0.255 3.1728
0.256 3.17345
0.257 3.17412
0.258 3.17478
0.259 3.17545
0.26 3.17612
0.261 3.1768
0.262 3.17748
0.263 3.17816
0.264 3.17885
0.265 3.17954
0.266 3.18023
0.267 3.18093
0.268 3.18163
0.269 3.18233
0.27 3.18303
0.271 3.18374
0.272 3.18445
0.273 3.18516
0.274 3.18588
0.275 3.1866
0.276 3.18732
0.277 3.18804
0.278 3.18877
0.279 3.18949
0.28 3.19022
0.281 3.19096
0.282 3.19169
0.283 3.19243
0.284 3.19317
0.285 3.19391
0.286 3.19465
0.287 3.1954
0.288 3.19614
0.289 3.19689
0.29 3.19764
0.291 3.19839
0.292 3.19915
0.293 3.1999
0.294 3.20066
0.295 3.20141
0.296 3.20217
0.297 3.20293
0.298 3.2037
0.299 3.20446
0.3 3.20522
0.301 3.20599
0.302 3.20676
0.303 3.20753
0.304 3.20829
0.305 3.20907
0.306 3.20984
0.307 3.21061
0.308 3.21138
0.309 3.21215
0.31 3.21293
0.311 3.2137
0.312 3.21448
0.313 3.21526
0.314 3.21603
0.315 3.21681
0.316 3.21759
0.317 3.21837
0.318 3.21915
0.319 3.21993
0.32 3.22071
0.321 3.22149
0.322 3.22227
0.323 3.22305
0.324 3.22383
0.325 3.22461
0.326 3.2254
0.327 3.22618
0.328 3.22696
0.329 3.22774
0.33 3.22852
0.331 3.2293
0.332 3.23009
0.333 3.23087
0.334 3.23165
0.335 3.23243
0.336 3.23321
0.337 3.23399
0.338 3.23477
0.339 3.23555
0.34 3.23633
0.341 3.23711
0.342 3.23789
0.343 3.23867
0.344 3.23945
0.345 3.24023
0.346 3.241
0.347 3.24178
0.348 3.24256
0.349 3.24333
0.35 3.24411
0.351 3.24488
0.352 3.24565
0.353 3.24643
0.354 3.2472
0.355 3.24797
0.356 3.24874
0.357 3.24951
0.358 3.25028
0.359 3.25105
0.36 3.25181
0.361 3.25258
0.362 3.25334
0.363 3.25411
0.364 3.25487
0.365 3.25563
0.366 3.25639
0.367 3.25715
0.368 3.25791
0.369 3.25867
0.37 3.25943
0.371 3.26018
0.372 3.26093
0.373 3.26169
0.374 3.26244
0.375 3.26319
0.376 3.26394
0.377 3.26469
0.378 3.26543
0.379 3.26618
0.38 3.26692
0.381 3.26766
0.382 3.2684
0.383 3.26914
0.384 3.26988
0.385 3.27062
0.386 3.27135
0.387 3.27208
0.388 3.27282
0.389 3.27355
0.39 3.27428
0.391 3.275
0.392 3.27573
0.393 3.27645
0.394 3.27718
0.395 3.2779
0.396 3.27862
0.397 3.27933
0.398 3.28005
0.399 3.28076
0.4 3.28147
0.401 3.28219
0.402 3.28289
0.403 3.2836
0.404 3.28431
0.405 3.28501
0.406 3.28571
0.407 3.28641
0.408 3.28711
0.409 3.28781
0.41 3.2885
0.411 3.2892
0.412 3.28989
0.413 3.29058
0.414 3.29126
0.415 3.29195
0.416 3.29263
0.417 3.29332
0.418 3.294
0.419 3.29467
0.42 3.29535
0.421 3.29602
0.422 3.2967
0.423 3.29737
0.424 3.29803
0.425 3.2987
0.426 3.29937
0.427 3.30003
0.428 3.30069
0.429 3.30135
0.43 3.302
0.431 3.30266
0.432 3.30331
0.433 3.30396
0.434 3.30461
0.435 3.30526
0.436 3.3059
0.437 3.30655
0.438 3.30719
0.439 3.30783
0.44 3.30846
0.441 3.3091
0.442 3.30973
0.443 3.31036
0.444 3.31099
0.445 3.31162
0.446 3.31224
0.447 3.31286
0.448 3.31349
0.449 3.3141
0.45 3.31472
0.451 3.31534
0.452 3.31595
0.453 3.31656
0.454 3.31717
0.455 3.31777
0.456 3.31838
0.457 3.31898
0.458 3.31958
0.459 3.32018
0.46 3.32078
0.461 3.32137
0.462 3.32196
0.463 3.32256
0.464 3.32314
0.465 3.32373
0.466 3.32432
0.467 3.3249
0.468 3.32548
0.469 3.32606
0.47 3.32663
0.471 3.32721
0.472 3.32778
0.473 3.32835
0.474 3.32892
0.475 3.32949
0.476 3.33005
0.477 3.33061
0.478 3.33118
0.479 3.33173
0.48 3.33229
0.481 3.33285
0.482 3.3334
0.483 3.33395
0.484 3.3345
0.485 3.33505
0.486 3.33559
0.487 3.33614
0.488 3.33668
0.489 3.33722
0.49 3.33776
0.491 3.33829
0.492 3.33883
0.493 3.33936
0.494 3.33989
0.495 3.34042
0.496 3.34094
0.497 3.34147
0.498 3.34199
0.499 3.34251
0.5 3.34303
0.501 3.34355
0.502 3.34406
0.503 3.34458
0.504 3.34509
0.505 3.3456
0.506 3.34611
0.507 3.34661
0.508 3.34712
0.509 3.34762
0.51 3.34812
0.511 3.34862
0.512 3.34912
0.513 3.34961
0.514 3.35011
0.515 3.3506
0.516 3.35109
0.517 3.35158
0.518 3.35207
0.519 3.35255
0.52 3.35304
0.521 3.35352
0.522 3.354
0.523 3.35448
0.524 3.35496
0.525 3.35543
0.526 3.35591
0.527 3.35638
0.528 3.35685
0.529 3.35732
0.53 3.35778
0.531 3.35825
0.532 3.35871
0.533 3.35918
0.534 3.35964
0.535 3.3601
0.536 3.36055
0.537 3.36101
0.538 3.36146
0.539 3.36192
0.54 3.36237
0.541 3.36282
0.542 3.36327
0.543 3.36371
0.544 3.36416
0.545 3.3646
0.546 3.36505
0.547 3.36549
0.548 3.36593
0.549 3.36636
0.55 3.3668
0.551 3.36724
0.552 3.36767
0.553 3.3681
0.554 3.36853
0.555 3.36896
0.556 3.36939
0.557 3.36982
0.558 3.37024
0.559 3.37066
0.56 3.37109
0.561 3.37151
0.562 3.37193
0.563 3.37235
0.564 3.37276
0.565 3.37318
0.566 3.37359
0.567 3.374
0.568 3.37442
0.569 3.37483
0.57 3.37523
0.571 3.37564
0.572 3.37605
0.573 3.37645
0.574 3.37686
0.575 3.37726
0.576 3.37766
0.577 3.37806
0.578 3.37846
0.579 3.37885
0.58 3.37925
0.581 3.37964
0.582 3.38004
0.583 3.38043
0.584 3.38082
0.585 3.38121
0.586 3.3816
0.587 3.38199
0.588 3.38237
0.589 3.38276
0.59 3.38314
0.591 3.38352
0.592 3.3839
0.593 3.38428
0.594 3.38466
0.595 3.38504
0.596 3.38542
0.597 3.38579
0.598 3.38616
0.599 3.38654
0.6 3.38691
0.601 3.38728
0.602 3.38765
0.603 3.38802
0.604 3.38838
0.605 3.38875
0.606 3.38912
0.607 3.38948
0.608 3.38984
0.609 3.3902
0.61 3.39056
0.611 3.39092
0.612 3.39128
0.613 3.39164
0.614 3.39199
0.615 3.39235
0.616 3.3927
0.617 3.39305
0.618 3.3934
0.619 3.39375
0.62 3.3941
0.621 3.39445
0.622 3.3948
0.623 3.39514
0.624 3.39549
0.625 3.39583
0.626 3.39617
0.627 3.39651
0.628 3.39685
0.629 3.39719
0.63 3.39753
0.631 3.39787
0.632 3.3982
0.633 3.39853
0.634 3.39887
0.635 3.3992
0.636 3.39953
0.637 3.39986
0.638 3.40019
0.639 3.40051
0.64 3.40084
0.641 3.40116
0.642 3.40149
0.643 3.40181
0.644 3.40213
0.645 3.40245
0.646 3.40276
0.647 3.40308
0.648 3.4034
0.649 3.40371
0.65 3.40402
0.651 3.40433
0.652 3.40464
0.653 3.40495
0.654 3.40526
0.655 3.40556
0.656 3.40587
0.657 3.40617
0.658 3.40647
0.659 3.40677
0.66 3.40707
0.661 3.40736
0.662 3.40766
0.663 3.40795
0.664 3.40824
0.665 3.40853
0.666 3.40882
0.667 3.40911
0.668 3.40939
0.669 3.40968
0.67 3.40996
0.671 3.41024
0.672 3.41051
0.673 3.41079
0.674 3.41106
0.675 3.41134
0.676 3.41161
0.677 3.41187
0.678 3.41214
0.679 3.4124
0.68 3.41266
0.681 3.41292
0.682 3.41318
0.683 3.41343
0.684 3.41368
0.685 3.41393
0.686 3.41418
0.687 3.41443
0.688 3.41467
0.689 3.41491
0.69 3.41514
0.691 3.41538
0.692 3.41561
0.693 3.41584
0.694 3.41606
0.695 3.41629
0.696 3.41651
0.697 3.41672
0.698 3.41694
0.699 3.41715
0.7 3.41735
0.701 3.41756
0.702 3.41776
0.703 3.41795
0.704 3.41815
0.705 3.41833
0.706 3.41852
0.707 3.4187
0.708 3.41888
0.709 3.41905
0.71 3.41922
0.711 3.41939
0.712 3.41955
0.713 3.41971
0.714 3.41986
0.715 3.42001
0.716 3.42015
0.717 3.42029
0.718 3.42042
0.719 3.42055
0.72 3.42067
0.721 3.42079
0.722 3.4209
0.723 3.42101
0.724 3.42111
0.725 3.42121
0.726 3.4213
0.727 3.42138
0.728 3.42146
0.729 3.42153
0.73 3.4216
0.731 3.42166
0.732 3.42171
0.733 3.42176
0.734 3.4218
0.735 3.42183
0.736 3.42186
0.737 3.42188
0.738 3.42189
0.739 3.42189
0.74 3.42189
0.741 3.42188
0.742 3.42186
0.743 3.42183
0.744 3.4218
0.745 3.42175
0.746 3.4217
0.747 3.42164
0.748 3.42157
0.749 3.42149
0.75 3.4214
0.751 3.4213
0.752 3.4212
0.753 3.42108
0.754 3.42096
0.755 3.42082
0.756 3.42067
0.757 3.42052
0.758 3.42035
0.759 3.42017
0.76 3.41998
0.761 3.41978
0.762 3.41957
0.763 3.41935
0.764 3.41912
0.765 3.41887
0.766 3.41861
0.767 3.41834
0.768 3.41806
0.769 3.41777
0.77 3.41746
0.771 3.41714
0.772 3.41681
0.773 3.41647
0.774 3.41611
0.775 3.41574
0.776 3.41535
0.777 3.41495
0.778 3.41454
0.779 3.41411
0.78 3.41367
0.781 3.41322
0.782 3.41274
0.783 3.41226
0.784 3.41176
0.785 3.41124
0.786 3.41071
0.787 3.41017
0.788 3.40961
0.789 3.40903
0.79 3.40844
0.791 3.40783
0.792 3.4072
0.793 3.40656
0.794 3.4059
0.795 3.40523
0.796 3.40454
0.797 3.40383
0.798 3.4031
0.799 3.40236
0.8 3.4016
0.801 3.40083
0.802 3.40003
0.803 3.39922
0.804 3.39839
0.805 3.39755
0.806 3.39668
0.807 3.3958
0.808 3.3949
0.809 3.39398
0.81 3.39305
0.811 3.39209
0.812 3.39112
0.813 3.39013
0.814 3.38912
0.815 3.3881
0.816 3.38705
0.817 3.38599
0.818 3.38491
0.819 3.38381
0.82 3.38269
0.821 3.38155
0.822 3.38039
0.823 3.37922
0.824 3.37803
0.825 3.37682
0.826 3.37559
0.827 3.37434
0.828 3.37308
0.829 3.3718
0.83 3.37049
0.831 3.36918
0.832 3.36784
0.833 3.36648
0.834 3.36511
0.835 3.36372
0.836 3.36231
0.837 3.36089
0.838 3.35945
0.839 3.35799
0.84 3.35651
0.841 3.35502
0.842 3.35351
0.843 3.35199
0.844 3.35044
0.845 3.34889
0.846 3.34731
0.847 3.34572
0.848 3.34412
0.849 3.3425
0.85 3.34086
0.851 3.33921
0.852 3.33754
0.853 3.33587
0.854 3.33417
0.855 3.33246
0.856 3.33074
0.857 3.32901
0.858 3.32726
0.859 3.3255
0.86 3.32373
0.861 3.32194
0.862 3.32014
0.863 3.31833
0.864 3.31651
0.865 3.31468
0.866 3.31284
0.867 3.31098
0.868 3.30912
0.869 3.30725
0.87 3.30537
0.871 3.30347
0.872 3.30157
0.873 3.29967
0.874 3.29775
0.875 3.29582
0.876 3.29389
0.877 3.29195
0.878 3.29001
0.879 3.28805
0.88 3.28609
0.881 3.28413
0.882 3.28216
0.883 3.28019
0.884 3.27821
0.885 3.27622
0.886 3.27424
0.887 3.27225
0.888 3.27025
0.889 3.26826
0.89 3.26626
0.891 3.26426
0.892 3.26226
0.893 3.26025
0.894 3.25825
0.895 3.25624
0.896 3.25424
0.897 3.25223
0.898 3.25023
0.899 3.24822
0.9 3.24622
0.901 3.24422
0.902 3.24222
0.903 3.24022
0.904 3.23823
0.905 3.23623
0.906 3.23425
0.907 3.23226
0.908 3.23028
0.909 3.2283
0.91 3.22633
0.911 3.22436
0.912 3.2224
0.913 3.22044
0.914 3.21849
0.915 3.21654
0.916 3.2146
0.917 3.21267
0.918 3.21074
0.919 3.20882
0.92 3.20691
0.921 3.20501
0.922 3.20311
0.923 3.20122
0.924 3.19934
0.925 3.19747
0.926 3.19561
0.927 3.19375
0.928 3.19191
0.929 3.19007
0.93 3.18825
0.931 3.18643
0.932 3.18463
0.933 3.18283
0.934 3.18104
0.935 3.17927
0.936 3.1775
0.937 3.17575
0.938 3.17401
0.939 3.17228
0.94 3.17056
0.941 3.16885
0.942 3.16715
0.943 3.16547
0.944 3.16379
0.945 3.16213
0.946 3.16048
0.947 3.15884
0.948 3.15722
0.949 3.15561
0.95 3.15401
0.951 3.15242
0.952 3.15084
0.953 3.14928
0.954 3.14773
0.955 3.14619
0.956 3.14467
0.957 3.14316
0.958 3.14166
0.959 3.14017
0.96 3.1387
0.961 3.13724
0.962 3.13579
0.963 3.13436
0.964 3.13294
0.965 3.13153
0.966 3.13013
0.967 3.12875
0.968 3.12738
0.969 3.12603
0.97 3.12468
0.971 3.12335
0.972 3.12204
0.973 3.12073
0.974 3.11944
0.975 3.11816
0.976 3.1169
0.977 3.11565
0.978 3.11441
0.979 3.11318
0.98 3.11197
0.981 3.11077
0.982 3.10958
0.983 3.1084
0.984 3.10724
0.985 3.10609
0.986 3.10495
0.987 3.10383
0.988 3.10271
0.989 3.10161
0.99 3.10052
0.991 3.09945
0.992 3.09838
0.993 3.09733
0.994 3.09629
0.995 3.09526
0.996 3.09424
0.997 3.09324
0.998 3.09224
0.999 3.09126
1 3.09029
1.001 5
