0 -10
0.001 -5.76793
0.002 -5.75684
0.003 -5.74575
0.004 -5.73466
0.005 -5.72356
0.006 -5.71247
0.007 -5.70137
0.008 -5.69027
0.009 -5.67917
0.01 -5.66808
0.011 -5.65698
0.012 -5.64588
0.013 -5.63478
0.014 -5.62369
0.015 -5.61259
0.016 -5.6015
0.017 -5.59041
0.018 -5.57932
0.019 -5.56824
0.02 -5.55716
0.021 -5.54608
0.022 -5.535
0.023 -5.52393
0.024 -5.51287
0.025 -5.50181
0.026 -5.49075
0.027 -5.4797
0.028 -5.46865
0.029 -5.45762
0.03 -5.44658
0.031 -5.43556
0.032 -5.42454
0.033 -5.41353
0.034 -5.40253
0.035 -5.39153
0.036 -5.38054
0.037 -5.36957
0.038 -5.3586
0.039 -5.34764
0.04 -5.33669
0.041 -5.32575
0.042 -5.31482
0.043 -5.3039
0.044 -5.29299
0.045 -5.2821
0.046 -5.27121
0.047 -5.26034
0.048 -5.24948
0.049 -5.23863
0.05 -5.22779
0.051 -5.21697
0.052 -5.20616
0.053 -5.19537
0.054 -5.18459
0.055 -5.17382
0.056 -5.16307
0.057 -5.15233
0.058 -5.14161
0.059 -5.1309
0.06 -5.12021
0.061 -5.10954
0.062 -5.09888
0.063 -5.08824
0.064 -5.07762
0.065 -5.06701
0.066 -5.05642
0.067 -5.04584
0.068 -5.03529
0.069 -5.02475
0.07 -5.01423
0.071 -5.00373
0.072 -4.99325
0.073 -4.98279
0.074 -4.97235
0.075 -4.96192
0.076 -4.95152
0.077 -4.94114
0.078 -4.93077
0.079 -4.92043
0.08 -4.9101
0.081 -4.8998
0.082 -4.88952
0.083 -4.87926
0.084 -4.86902
0.085 -4.8588
0.086 -4.84861
0.087 -4.83843
0.088 -4.82828
0.089 -4.81815
0.09 -4.80804
0.091 -4.79795
0.092 -4.78789
0.093 -4.77785
0.094 -4.76783
0.095 -4.75784
0.096 -4.74786
0.097 -4.73791
0.098 -4.72799
0.099 -4.71809
0.1 -4.70821
0.101 -4.69835
0.102 -4.68852
0.103 -4.67871
0.104 -4.66893
0.105 -4.65917
0.106 -4.64943
0.107 -4.63972
0.108 -4.63003
0.109 -4.62037
0.11 -4.61073
0.111 -4.60112
0.112 -4.59153
0.113 -4.58196
0.114 -4.57242
0.115 -4.5629
0.116 -4.55341
0.117 -4.54395
0.118 -4.5345
0.119 -4.52509
0.12 -4.51569
0.121 -4.50633
0.122 -4.49698
0.123 -4.48767
0.124 -4.47837
0.125 -4.4691
0.126 -4.45986
0.127 -4.45064
0.128 -4.44145
0.129 -4.43228
0.13 -4.42314
0.131 -4.41402
0.132 -4.40493
0.133 -4.39586
0.134 -4.38681
0.135 -4.37779
0.136 -4.3688
0.137 -4.35983
0.138 -4.35089
0.139 -4.34197
0.14 -4.33307
0.141 -4.3242
0.142 -4.31535
0.143 -4.30653
0.144 -4.29774
0.145 -4.28897
0.146 -4.28022
0.147 -4.2715
0.148 -4.2628
0.149 -4.25412
0.15 -4.24547
0.151 -4.23685
0.152 -4.22825
0.153 -4.21967
0.154 -4.21112
0.155 -4.20259
0.156 -4.19408
0.157 -4.1856
0.158 -4.17714
0.159 -4.16871
0.16 -4.1603
0.161 -4.15191
0.162 -4.14355
0.163 -4.13521
0.164 -4.1269
0.165 -4.11861
0.166 -4.11034
0.167 -4.10209
0.168 -4.09387
0.169 -4.08567
0.17 -4.07749
0.171 -4.06934
0.172 -4.06121
0.173 -4.0531
0.174 -4.04502
0.175 -4.03695
0.176 -4.02891
0.177 -4.0209
0.178 -4.0129
0.179 -4.00493
0.18 -3.99698
0.181 -3.98905
0.182 -3.98114
0.183 -3.97326
0.184 -3.96539
0.185 -3.95755
0.186 -3.94973
0.187 -3.94193
0.188 -3.93416
0.189 -3.9264
0.19 -3.91867
0.191 -3.91095
0.192 -3.90326
0.193 -3.89559
0.194 -3.88794
0.195 -3.88031
0.196 -3.8727
0.197 -3.86512
0.198 -3.85755
0.199 -3.85
0.2 -3.84247
0.201 -3.83497
0.202 -3.82748
0.203 -3.82002
0.204 -3.81257
0.205 -3.80514
0.206 -3.79774
0.207 -3.79035
0.208 -3.78298
0.209 -3.77563
0.21 -3.7683
0.211 -3.76099
0.212 -3.7537
0.213 -3.74643
0.214 -3.73918
0.215 -3.73195
0.216 -3.72473
0.217 -3.71753
0.218 -3.71036
0.219 -3.7032
0.22 -3.69606
0.221 -3.68893
0.222 -3.68183
0.223 -3.67474
0.224 -3.66767
0.225 -3.66062
0.226 -3.65359
0.227 -3.64657
0.228 -3.63957
0.229 -3.63259
0.23 -3.62563
0.231 -3.61869
0.232 -3.61176
0.233 -3.60484
0.234 -3.59795
0.235 -3.59107
0.236 -3.58421
0.237 -3.57737
0.238 -3.57054
0.239 -3.56373
0.24 -3.55693
0.241 -3.55015
0.242 -3.54339
0.243 -3.53664
0.244 -3.52991
0.245 -3.5232
0.246 -3.5165
0.247 -3.50981
0.248 -3.50315
0.249 -3.49649
0.25 -3.48986
0.251 -3.48324
0.252 -3.47663
0.253 -3.47004
0.254 -3.46346
0.255 -3.4569
0.256 -3.45035
0.257 -3.44382
0.258 -3.43731
0.259 -3.4308
0.26 -3.42432
0.261 -3.41784
0.262 -3.41138
0.263 -3.40494
0.264 -3.39851
0.265 -3.39209
0.266 -3.38569
0.267 -3.3793
0.268 -3.37293
0.269 -3.36656
0.27 -3.36022
0.271 -3.35388
0.272 -3.34756
0.273 -3.34126
0.274 -3.33496
0.275 -3.32868
0.276 -3.32242
0.277 -3.31616
0.278 -3.30992
0.279 -3.30369
0.28 -3.29748
0.281 -3.29128
0.282 -3.28509
0.283 -3.27891
0.284 -3.27275
0.285 -3.26659
0.286 -3.26046
0.287 -3.25433
0.288 -3.24821
0.289 -3.24211
0.29 -3.23602
0.291 -3.22995
0.292 -3.22388
0.293 -3.21783
0.294 -3.21178
0.295 -3.20575
0.296 -3.19974
0.297 -3.19373
0.298 -3.18774
0.299 -3.18175
0.3 -3.17578
0.301 -3.16982
0.302 -3.16387
0.303 -3.15794
0.304 -3.15201
0.305 -3.1461
0.306 -3.14019
0.307 -3.1343
0.308 -3.12842
0.309 -3.12255
0.31 -3.11669
0.311 -3.11085
0.312 -3.10501
0.313 -3.09918
0.314 -3.09337
0.315 -3.08757
0.316 -3.08177
0.317 -3.07599
0.318 -3.07022
0.319 -3.06446
0.32 -3.05871
0.321 -3.05297
0.322 -3.04724
0.323 -3.04152
0.324 -3.03581
0.325 -3.03011
0.326 -3.02442
0.327 -3.01874
0.328 -3.01307
0.329 -3.00742
0.33 -3.00177
0.331 -2.99613
0.332 -2.99051
0.333 -2.98489
0.334 -2.97928
0.335 -2.97368
0.336 -2.9681
0.337 -2.96252
0.338 -2.95695
0.339 -2.95139
0.34 -2.94585
0.341 -2.94031
0.342 -2.93478
0.343 -2.92926
0.344 -2.92375
0.345 -2.91825
0.346 -2.91276
0.347 -2.90728
0.348 -2.90181
0.349 -2.89635
0.35 -2.8909
0.351 -2.88545
0.352 -2.88002
0.353 -2.8746
0.354 -2.86918
0.355 -2.86378
0.356 -2.85838
0.357 -2.85299
0.358 -2.84762
0.359 -2.84225
0.36 -2.83689
0.361 -2.83154
0.362 -2.8262
0.363 -2.82086
0.364 -2.81554
0.365 -2.81023
0.366 -2.80492
0.367 -2.79963
0.368 -2.79434
0.369 -2.78906
0.37 -2.78379
0.371 -2.77853
0.372 -2.77328
0.373 -2.76803
0.374 -2.7628
0.375 -2.75757
0.376 -2.75235
0.377 -2.74714
0.378 -2.74194
0.379 -2.73675
0.38 -2.73157
0.381 -2.72639
0.382 -2.72122
0.383 -2.71607
0.384 -2.71092
0.385 -2.70577
0.386 -2.70064
0.387 -2.69551
0.388 -2.6904
0.389 -2.68529
0.39 -2.68019
0.391 -2.67509
0.392 -2.67001
0.393 -2.66493
0.394 -2.65986
0.395 -2.6548
0.396 -2.64975
0.397 -2.6447
0.398 -2.63967
0.399 -2.63464
0.4 -2.62961
0.401 -2.6246
0.402 -2.61959
0.403 -2.61459
0.404 -2.6096
0.405 -2.60462
0.406 -2.59964
0.407 -2.59467
0.408 -2.58971
0.409 -2.58475
0.41 -2.57981
0.411 -2.57487
0.412 -2.56993
0.413 -2.56501
0.414 -2.56009
0.415 -2.55518
0.416 -2.55027
0.417 -2.54537
0.418 -2.54048
0.419 -2.5356
0.42 -2.53072
0.421 -2.52585
0.422 -2.52099
0.423 -2.51613
0.424 -2.51128
0.425 -2.50643
0.426 -2.50159
0.427 -2.49676
0.428 -2.49194
0.429 -2.48712
0.43 -2.4823
0.431 -2.4775
0.432 -2.4727
0.433 -2.4679
0.434 -2.46311
0.435 -2.45833
0.436 -2.45355
0.437 -2.44878
0.438 -2.44401
0.439 -2.43925
0.44 -2.4345
0.441 -2.42975
0.442 -2.42501
0.443 -2.42027
0.444 -2.41554
0.445 -2.41081
0.446 -2.40609
0.447 -2.40137
0.448 -2.39666
0.449 -2.39195
0.45 -2.38725
0.451 -2.38255
0.452 -2.37786
0.453 -2.37317
0.454 -2.36848
0.455 -2.36381
0.456 -2.35913
0.457 -2.35446
0.458 -2.34979
0.459 -2.34513
0.46 -2.34048
0.461 -2.33582
0.462 -2.33117
0.463 -2.32653
0.464 -2.32189
0.465 -2.31725
0.466 -2.31261
0.467 -2.30798
0.468 -2.30336
0.469 -2.29873
0.47 -2.29411
0.471 -2.2895
0.472 -2.28488
0.473 -2.28027
0.474 -2.27567
0.475 -2.27106
0.476 -2.26646
0.477 -2.26186
0.478 -2.25726
0.479 -2.25267
0.48 -2.24808
0.481 -2.24349
0.482 -2.2389
0.483 -2.23432
0.484 -2.22974
0.485 -2.22516
0.486 -2.22058
0.487 -2.21601
0.488 -2.21143
0.489 -2.20686
0.49 -2.20229
0.491 -2.19772
0.492 -2.19315
0.493 -2.18859
0.494 -2.18402
0.495 -2.17946
0.496 -2.17489
0.497 -2.17033
0.498 -2.16577
0.499 -2.16121
0.5 -2.15665
0.501 -2.15209
0.502 -2.14753
0.503 -2.14298
0.504 -2.13842
0.505 -2.13386
0.506 -2.1293
0.507 -2.12475
0.508 -2.12019
0.509 -2.11563
0.51 -2.11107
0.511 -2.10651
0.512 -2.10195
0.513 -2.0974
0.514 -2.09283
0.515 -2.08827
0.516 -2.08371
0.517 -2.07915
0.518 -2.07458
0.519 -2.07002
0.52 -2.06545
0.521 -2.06088
0.522 -2.05631
0.523 -2.05174
0.524 -2.04717
0.525 -2.04259
0.526 -2.03802
0.527 -2.03344
0.528 -2.02886
0.529 -2.02427
0.53 -2.01969
0.531 -2.0151
0.532 -2.01051
0.533 -2.00591
0.534 -2.00132
0.535 -1.99672
0.536 -1.99211
0.537 -1.98751
0.538 -1.9829
0.539 -1.97829
0.54 -1.97367
0.541 -1.96905
0.542 -1.96443
0.543 -1.9598
0.544 -1.95517
0.545 -1.95053
0.546 -1.9459
0.547 -1.94125
0.548 -1.9366
0.549 -1.93195
0.55 -1.92729
0.551 -1.92263
0.552 -1.91797
0.553 -1.91329
0.554 -1.90862
0.555 -1.90393
0.556 -1.89925
0.557 -1.89455
0.558 -1.88986
0.559 -1.88515
0.56 -1.88044
0.561 -1.87573
0.562 -1.87101
0.563 -1.86628
0.564 -1.86154
0.565 -1.8568
0.566 -1.85206
0.567 -1.8473
0.568 -1.84254
0.569 -1.83778
0.57 -1.833
0.571 -1.82822
0.572 -1.82344
0.573 -1.81864
0.574 -1.81384
0.575 -1.80903
0.576 -1.80421
0.577 -1.79938
0.578 -1.79455
0.579 -1.78971
0.58 -1.78486
0.581 -1.78
0.582 -1.77514
0.583 -1.77026
0.584 -1.76538
0.585 -1.76049
0.586 -1.75559
0.587 -1.75068
0.588 -1.74576
0.589 -1.74083
0.59 -1.7359
0.591 -1.73095
0.592 -1.726
0.593 -1.72103
0.594 -1.71606
0.595 -1.71107
0.596 -1.70608
0.597 -1.70107
0.598 -1.69606
0.599 -1.69103
0.6 -1.686
0.601 -1.68095
0.602 -1.6759
0.603 -1.67083
0.604 -1.66575
0.605 -1.66066
0.606 -1.65556
0.607 -1.65045
0.608 -1.64533
0.609 -1.6402
0.61 -1.63505
0.611 -1.6299
0.612 -1.62473
0.613 -1.61955
0.614 -1.61436
0.615 -1.60915
0.616 -1.60394
0.617 -1.59871
0.618 -1.59347
0.619 -1.58822
0.62 -1.58295
0.621 -1.57768
0.622 -1.57239
0.623 -1.56708
0.624 -1.56177
0.625 -1.55644
0.626 -1.5511
0.627 -1.54574
0.628 -1.54038
0.629 -1.535
0.63 -1.5296
0.631 -1.52419
0.632 -1.51877
0.633 -1.51334
0.634 -1.50789
0.635 -1.50243
0.636 -1.49695
0.637 -1.49146
0.638 -1.48596
0.639 -1.48044
0.64 -1.47491
0.641 -1.46936
0.642 -1.4638
0.643 -1.45823
0.644 -1.45264
0.645 -1.44704
0.646 -1.44142
0.647 -1.43579
0.648 -1.43014
0.649 -1.42448
0.65 -1.41881
0.651 -1.41312
0.652 -1.40741
0.653 -1.40169
0.654 -1.39596
0.655 -1.39021
0.656 -1.38445
0.657 -1.37867
0.658 -1.37288
0.659 -1.36707
0.66 -1.36125
0.661 -1.35541
0.662 -1.34956
0.663 -1.34369
0.664 -1.33781
0.665 -1.33191
0.666 -1.326
0.667 -1.32007
0.668 -1.31413
0.669 -1.30818
0.67 -1.30221
0.671 -1.29622
0.672 -1.29022
0.673 -1.28421
0.674 -1.27818
0.675 -1.27214
0.676 -1.26608
0.677 -1.26001
0.678 -1.25392
0.679 -1.24782
0.68 -1.24171
0.681 -1.23558
0.682 -1.22944
0.683 -1.22328
0.684 -1.21711
0.685 -1.21093
0.686 -1.20474
0.687 -1.19853
0.688 -1.1923
0.689 -1.18607
0.69 -1.17982
0.691 -1.17356
0.692 -1.16728
0.693 -1.161
0.694 -1.1547
0.695 -1.14839
0.696 -1.14206
0.697 -1.13573
0.698 -1.12938
0.699 -1.12302
0.7 -1.11666
0.701 -1.11028
0.702 -1.10389
0.703 -1.09749
0.704 -1.09108
0.705 -1.08466
0.706 -1.07823
0.707 -1.07179
0.708 -1.06534
0.709 -1.05888
0.71 -1.05242
0.711 -1.04595
0.712 -1.03946
0.713 -1.03298
0.714 -1.02648
0.715 -1.01998
0.716 -1.01347
0.717 -1.00695
0.718 -1.00043
0.719 -0.993909
0.72 -0.987378
0.721 -0.980843
0.722 -0.974305
0.723 -0.967762
0.724 -0.961217
0.725 -0.954669
0.726 -0.948119
0.727 -0.941567
0.728 -0.935014
0.729 -0.92846
0.73 -0.921906
0.731 -0.915352
0.732 -0.908799
0.733 -0.902247
0.734 -0.895698
0.735 -0.889151
0.736 -0.882607
0.737 -0.876067
0.738 -0.869531
0.739 -0.863
0.74 -0.856475
0.741 -0.849955
0.742 -0.843443
0.743 -0.836938
0.744 -0.830441
0.745 -0.823954
0.746 -0.817475
0.747 -0.811007
0.748 -0.80455
0.749 -0.798105
0.75 -0.791672
0.751 -0.785253
0.752 -0.778847
0.753 -0.772456
0.754 -0.766081
0.755 -0.759722
0.756 -0.753381
0.757 -0.747057
0.758 -0.740752
0.759 -0.734467
0.76 -0.728203
0.761 -0.72196
0.762 -0.715739
0.763 -0.709542
0.764 -0.703369
0.765 -0.69722
0.766 -0.691098
0.767 -0.685003
0.768 -0.678935
0.769 -0.672896
0.77 -0.666887
0.771 -0.660909
0.772 -0.654963
0.773 -0.649049
0.774 -0.643169
0.775 -0.637323
0.776 -0.631514
0.777 -0.625741
0.778 -0.620006
0.779 -0.614309
0.78 -0.608653
0.781 -0.603038
0.782 -0.597464
0.783 -0.591934
0.784 -0.586448
0.785 -0.581007
0.786 -0.575612
0.787 -0.570265
0.788 -0.564966
0.789 -0.559717
0.79 -0.554518
0.791 -0.549372
0.792 -0.544278
0.793 -0.539238
0.794 -0.534253
0.795 -0.529325
0.796 -0.524454
0.797 -0.519642
0.798 -0.514889
0.799 -0.510197
0.8 -0.505566
0.801 -0.500999
0.802 -0.496496
0.803 -0.492058
0.804 -0.487687
0.805 -0.483382
0.806 -0.479147
0.807 -0.474981
0.808 -0.470886
0.809 -0.466863
0.81 -0.462913
0.811 -0.459037
0.812 -0.455236
0.813 -0.451511
0.814 -0.447864
0.815 -0.444295
0.816 -0.440806
0.817 -0.437397
0.818 -0.43407
0.819 -0.430825
0.82 -0.427664
0.821 -0.424588
0.822 -0.421598
0.823 -0.418694
0.824 -0.415877
0.825 -0.41315
0.826 -0.410512
0.827 -0.407965
0.828 -0.405509
0.829 -0.403146
0.83 -0.400876
0.831 -0.3987
0.832 -0.396619
0.833 -0.394635
0.834 -0.392747
0.835 -0.390957
0.836 -0.389266
0.837 -0.387674
0.838 -0.386183
0.839 -0.384792
0.84 -0.383503
0.841 -0.382316
0.842 -0.381233
0.843 -0.380253
0.844 -0.379378
0.845 -0.378609
0.846 -0.377945
0.847 -0.377387
0.848 -0.376937
0.849 -0.376595
0.85 -0.376361
0.851 -0.376235
0.852 -0.376219
0.853 -0.376313
0.854 -0.376518
0.855 -0.376833
0.856 -0.377259
0.857 -0.377797
0.858 -0.378447
0.859 -0.379209
0.86 -0.380084
0.861 -0.381073
0.862 -0.382174
0.863 -0.38339
0.864 -0.384719
0.865 -0.386163
0.866 -0.38772
0.867 -0.389393
0.868 -0.39118
0.869 -0.393082
0.87 -0.395099
0.871 -0.397231
0.872 -0.399478
0.873 -0.40184
0.874 -0.404317
0.875 -0.40691
0.876 -0.409617
0.877 -0.41244
0.878 -0.415377
0.879 -0.41843
0.88 -0.421597
0.881 -0.424879
0.882 -0.428275
0.883 -0.431785
0.884 -0.435409
0.885 -0.439147
0.886 -0.442998
0.887 -0.446963
0.888 -0.45104
0.889 -0.455229
0.89 -0.459531
0.891 -0.463944
0.892 -0.468469
0.893 -0.473104
0.894 -0.47785
0.895 -0.482705
0.896 -0.48767
0.897 -0.492744
0.898 -0.497926
0.899 -0.503215
0.9 -0.508612
0.901 -0.514115
0.902 -0.519724
0.903 -0.525438
0.904 -0.531256
0.905 -0.537178
0.906 -0.543203
0.907 -0.549331
0.908 -0.55556
0.909 -0.561889
0.91 -0.568319
0.911 -0.574848
0.912 -0.581475
0.913 -0.5882
0.914 -0.595021
0.915 -0.601937
0.916 -0.608949
0.917 -0.616054
0.918 -0.623253
0.919 -0.630543
0.92 -0.637924
0.921 -0.645395
0.922 -0.652955
0.923 -0.660603
0.924 -0.668338
0.925 -0.676159
0.926 -0.684065
0.927 -0.692055
0.928 -0.700127
0.929 -0.708281
0.93 -0.716516
0.931 -0.72483
0.932 -0.733222
0.933 -0.741691
0.934 -0.750237
0.935 -0.758857
0.936 -0.767551
0.937 -0.776317
0.938 -0.785155
0.939 -0.794063
0.94 -0.80304
0.941 -0.812085
0.942 -0.821196
0.943 -0.830373
0.944 -0.839614
0.945 -0.848917
0.946 -0.858283
0.947 -0.867709
0.948 -0.877194
0.949 -0.886737
0.95 -0.896337
0.951 -0.905993
0.952 -0.915703
0.953 -0.925466
0.954 -0.93528
0.955 -0.945146
0.956 -0.95506
0.957 -0.965023
0.958 -0.975033
0.959 -0.985088
0.96 -0.995187
0.961 -1.00533
0.962 -1.01551
0.963 -1.02574
0.964 -1.036
0.965 -1.04631
0.966 -1.05665
0.967 -1.06702
0.968 -1.07743
0.969 -1.08788
0.97 -1.09835
0.971 -1.10886
0.972 -1.11939
0.973 -1.12996
0.974 -1.14055
0.975 -1.15117
0.976 -1.16181
0.977 -1.17248
0.978 -1.18317
0.979 -1.19388
0.98 -1.20461
0.981 -1.21537
0.982 -1.22613
0.983 -1.23692
0.984 -1.24772
0.985 -1.25854
0.986 -1.26937
0.987 -1.28022
0.988 -1.29107
0.989 -1.30194
0.99 -1.31281
0.991 -1.3237
0.992 -1.33459
0.993 -1.34549
0.994 -1.35639
0.995 -1.3673
0.996 -1.37821
0.997 -1.38913
0.998 -1.40004
0.999 -1.41096
1 -1.42188
1.001 -10
