0 0
0.001 0.638587
0.002 0.646814
0.003 0.65505
0.004 0.663296
0.005 0.67155
0.006 0.679812
0.007 0.68808
0.008 0.696354
0.009 0.704632
0.01 0.712915
0.011 0.7212
0.012 0.729488
0.013 0.737776
0.014 0.746065
0.015 0.754353
0.016 0.762639
0.017 0.770923
0.018 0.779203
0.019 0.787479
0.02 0.795749
0.021 0.804013
0.022 0.81227
0.023 0.820519
0.024 0.828758
0.025 0.836988
0.026 0.845206
0.027 0.853413
0.028 0.861608
0.029 0.869788
0.03 0.877955
0.031 0.886105
0.032 0.89424
0.033 0.902358
0.034 0.910458
0.035 0.918539
0.036 0.9266
0.037 0.934641
0.038 0.942661
0.039 0.950659
0.04 0.958635
0.041 0.966587
0.042 0.974514
0.043 0.982417
0.044 0.990294
0.045 0.998145
0.046 1.00597
0.047 1.01377
0.048 1.02153
0.049 1.02927
0.05 1.03698
0.051 1.04466
0.052 1.05231
0.053 1.05993
0.054 1.06751
0.055 1.07507
0.056 1.08259
0.057 1.09007
0.058 1.09753
0.059 1.10495
0.06 1.11233
0.061 1.11968
0.062 1.127
0.063 1.13428
0.064 1.14152
0.065 1.14873
0.066 1.1559
0.067 1.16304
0.068 1.17013
0.069 1.17719
0.07 1.18422
0.071 1.1912
0.072 1.19815
0.073 1.20506
0.074 1.21193
0.075 1.21877
0.076 1.22556
0.077 1.23232
0.078 1.23904
0.079 1.24572
0.08 1.25236
0.081 1.25897
0.082 1.26553
0.083 1.27206
0.084 1.27855
0.085 1.285
0.086 1.29141
0.087 1.29779
0.088 1.30413
0.089 1.31043
0.09 1.31669
0.091 1.32292
0.092 1.3291
0.093 1.33526
0.094 1.34137
0.095 1.34745
0.096 1.35349
0.097 1.35949
0.098 1.36546
0.099 1.3714
0.1 1.3773
0.101 1.38316
0.102 1.38899
0.103 1.39478
0.104 1.40054
0.105 1.40627
0.106 1.41196
0.107 1.41762
0.108 1.42325
0.109 1.42884
0.11 1.4344
0.111 1.43993
0.112 1.44543
0.113 1.45089
0.114 1.45633
0.115 1.46173
0.116 1.46711
0.117 1.47245
0.118 1.47777
0.119 1.48305
0.12 1.48831
0.121 1.49354
0.122 1.49874
0.123 1.50391
0.124 1.50906
0.125 1.51418
0.126 1.51927
0.127 1.52434
0.128 1.52938
0.129 1.53439
0.13 1.53938
0.131 1.54434
0.132 1.54928
0.133 1.5542
0.134 1.55909
0.135 1.56396
0.136 1.56881
0.137 1.57363
0.138 1.57843
0.139 1.58321
0.14 1.58797
0.141 1.59271
0.142 1.59742
0.143 1.60212
0.144 1.60679
0.145 1.61145
0.146 1.61608
0.147 1.6207
0.148 1.6253
0.149 1.62988
0.15 1.63444
0.151 1.63898
0.152 1.64351
0.153 1.64801
0.154 1.65251
0.155 1.65698
0.156 1.66144
0.157 1.66588
0.158 1.67031
0.159 1.67472
0.16 1.67912
0.161 1.6835
0.162 1.68786
0.163 1.69222
0.164 1.69655
0.165 1.70088
0.166 1.70519
0.167 1.70949
0.168 1.71377
0.169 1.71805
0.17 1.72231
0.171 1.72656
0.172 1.73079
0.173 1.73502
0.174 1.73923
0.175 1.74343
0.176 1.74762
0.177 1.7518
0.178 1.75597
0.179 1.76013
0.18 1.76428
0.181 1.76842
0.182 1.77255
0.183 1.77667
0.184 1.78078
0.185 1.78489
0.186 1.78898
0.187 1.79307
0.188 1.79714
0.189 1.80121
0.19 1.80528
0.191 1.80933
0.192 1.81338
0.193 1.81741
0.194 1.82145
0.195 1.82547
0.196 1.82949
0.197 1.8335
0.198 1.83751
0.199 1.84151
0.2 1.8455
0.201 1.84949
0.202 1.85347
0.203 1.85745
0.204 1.86142
0.205 1.86538
0.206 1.86934
0.207 1.8733
0.208 1.87725
0.209 1.8812
0.21 1.88514
0.211 1.88908
0.212 1.89301
0.213 1.89694
0.214 1.90087
0.215 1.90479
0.216 1.90871
0.217 1.91263
0.218 1.91654
0.219 1.92045
0.22 1.92436
0.221 1.92826
0.222 1.93217
0.223 1.93607
0.224 1.93996
0.225 1.94386
0.226 1.94775
0.227 1.95164
0.228 1.95553
0.229 1.95942
0.23 1.9633
0.231 1.96719
0.232 1.97107
0.233 1.97495
0.234 1.97883
0.235 1.98271
0.236 1.98659
0.237 1.99047
0.238 1.99434
0.239 1.99822
0.24 2.0021
0.241 2.00597
0.242 2.00985
0.243 2.01372
0.244 2.0176
0.245 2.02147
0.246 2.02535
0.247 2.02923
0.248 2.0331
0.249 2.03698
0.25 2.04086
0.251 2.04473
0.252 2.04861
0.253 2.05249
0.254 2.05637
0.255 2.06026
0.256 2.06414
0.257 2.06802
0.258 2.07191
0.259 2.0758
0.26 2.07968
0.261 2.08358
0.262 2.08747
0.263 2.09136
0.264 2.09526
0.265 2.09915
0.266 2.10305
0.267 2.10695
0.268 2.11086
0.269 2.11476
0.27 2.11867
0.271 2.12258
0.272 2.1265
0.273 2.13041
0.274 2.13433
0.275 2.13825
0.276 2.14218
0.277 2.14611
0.278 2.15004
0.279 2.15397
0.28 2.15791
0.281 2.16185
0.282 2.16579
0.283 2.16973
0.284 2.17368
0.285 2.17764
0.286 2.18159
0.287 2.18555
0.288 2.18952
0.289 2.19349
0.29 2.19746
0.291 2.20143
0.292 2.20541
0.293 2.2094
0.294 2.21339
0.295 2.21738
0.296 2.22138
0.297 2.22538
0.298 2.22938
0.299 2.23339
0.3 2.23741
0.301 2.24142
0.302 2.24545
0.303 2.24948
0.304 2.25351
0.305 2.25755
0.306 2.26159
0.307 2.26564
0.308 2.26969
0.309 2.27375
0.31 2.27781
0.311 2.28188
0.312 2.28595
0.313 2.29003
0.314 2.29412
0.315 2.29821
0.316 2.30231
0.317 2.30641
0.318 2.31051
0.319 2.31463
0.32 2.31875
0.321 2.32287
0.322 2.327
0.323 2.33114
0.324 2.33528
0.325 2.33943
0.326 2.34359
0.327 2.34775
0.328 2.35192
0.329 2.35609
0.33 2.36028
0.331 2.36446
0.332 2.36866
0.333 2.37286
0.334 2.37707
0.335 2.38128
0.336 2.38551
0.337 2.38974
0.338 2.39397
0.339 2.39822
0.34 2.40247
0.341 2.40673
0.342 2.41099
0.343 2.41526
0.344 2.41954
0.345 2.42383
0.346 2.42813
0.347 2.43243
0.348 2.43674
0.349 2.44106
0.35 2.44539
0.351 2.44973
0.352 2.45407
0.353 2.45842
0.354 2.46278
0.355 2.46715
0.356 2.47153
0.357 2.47592
0.358 2.48031
0.359 2.48471
0.36 2.48913
0.361 2.49355
0.362 2.49798
0.363 2.50242
0.364 2.50687
0.365 2.51132
0.366 2.51579
0.367 2.52027
0.368 2.52475
0.369 2.52925
0.37 2.53375
0.371 2.53827
0.372 2.54279
0.373 2.54733
0.374 2.55187
0.375 2.55643
0.376 2.561
0.377 2.56557
0.378 2.57016
0.379 2.57476
0.38 2.57936
0.381 2.58398
0.382 2.58861
0.383 2.59325
0.384 2.59791
0.385 2.60257
0.386 2.60724
0.387 2.61193
0.388 2.61663
0.389 2.62134
0.39 2.62606
0.391 2.63079
0.392 2.63554
0.393 2.6403
0.394 2.64507
0.395 2.64985
0.396 2.65464
0.397 2.65945
0.398 2.66427
0.399 2.6691
0.4 2.67395
0.401 2.67881
0.402 2.68368
0.403 2.68857
0.404 2.69347
0.405 2.69838
0.406 2.70331
0.407 2.70825
0.408 2.71321
0.409 2.71818
0.41 2.72316
0.411 2.72816
0.412 2.73317
0.413 2.7382
0.414 2.74324
0.415 2.7483
0.416 2.75338
0.417 2.75846
0.418 2.76357
0.419 2.76869
0.42 2.77383
0.421 2.77898
0.422 2.78415
0.423 2.78933
0.424 2.79454
0.425 2.79975
0.426 2.80499
0.427 2.81024
0.428 2.81551
0.429 2.8208
0.43 2.8261
0.431 2.83143
0.432 2.83677
0.433 2.84212
0.434 2.8475
0.435 2.8529
0.436 2.85831
0.437 2.86374
0.438 2.8692
0.439 2.87467
0.44 2.88016
0.441 2.88567
0.442 2.8912
0.443 2.89675
0.444 2.90232
0.445 2.90791
0.446 2.91352
0.447 2.91915
0.448 2.92481
0.449 2.93048
0.45 2.93618
0.451 2.94189
0.452 2.94763
0.453 2.9534
0.454 2.95918
0.455 2.96499
0.456 2.97082
0.457 2.97667
0.458 2.98254
0.459 2.98844
0.46 2.99437
0.461 3.00031
0.462 3.00628
0.463 3.01228
0.464 3.0183
0.465 3.02434
0.466 3.03041
0.467 3.03651
0.468 3.04263
0.469 3.04878
0.47 3.05495
0.471 3.06115
0.472 3.06738
0.473 3.07363
0.474 3.07991
0.475 3.08622
0.476 3.09255
0.477 3.09892
0.478 3.10531
0.479 3.11173
0.48 3.11818
0.481 3.12465
0.482 3.13116
0.483 3.1377
0.484 3.14427
0.485 3.15086
0.486 3.15749
0.487 3.16415
0.488 3.17084
0.489 3.17756
0.49 3.18431
0.491 3.1911
0.492 3.19791
0.493 3.20476
0.494 3.21164
0.495 3.21856
0.496 3.22551
0.497 3.23249
0.498 3.23951
0.499 3.24656
0.5 3.25364
0.501 3.26076
0.502 3.26792
0.503 3.27511
0.504 3.28234
0.505 3.2896
0.506 3.29691
0.507 3.30424
0.508 3.31162
0.509 3.31903
0.51 3.32648
0.511 3.33397
0.512 3.3415
0.513 3.34907
0.514 3.35668
0.515 3.36432
0.516 3.37201
0.517 3.37974
0.518 3.38751
0.519 3.39532
0.52 3.40317
0.521 3.41106
0.522 3.41899
0.523 3.42697
0.524 3.43499
0.525 3.44306
0.526 3.45116
0.527 3.45932
0.528 3.46751
0.529 3.47575
0.53 3.48404
0.531 3.49237
0.532 3.50075
0.533 3.50917
0.534 3.51764
0.535 3.52616
0.536 3.53473
0.537 3.54334
0.538 3.552
0.539 3.56071
0.54 3.56947
0.541 3.57828
0.542 3.58713
0.543 3.59604
0.544 3.605
0.545 3.61401
0.546 3.62307
0.547 3.63218
0.548 3.64134
0.549 3.65056
0.55 3.65983
0.551 3.66915
0.552 3.67853
0.553 3.68796
0.554 3.69744
0.555 3.70698
0.556 3.71657
0.557 3.72622
0.558 3.73592
0.559 3.74568
0.56 3.7555
0.561 3.76537
0.562 3.7753
0.563 3.78529
0.564 3.79534
0.565 3.80544
0.566 3.81561
0.567 3.82583
0.568 3.83611
0.569 3.84645
0.57 3.85685
0.571 3.86731
0.572 3.87784
0.573 3.88842
0.574 3.89906
0.575 3.90977
0.576 3.92054
0.577 3.93137
0.578 3.94226
0.579 3.95322
0.58 3.96424
0.581 3.97532
0.582 3.98646
0.583 3.99767
0.584 4.00895
0.585 4.02029
0.586 4.03169
0.587 4.04316
0.588 4.0547
0.589 4.0663
0.59 4.07796
0.591 4.08969
0.592 4.10149
0.593 4.11336
0.594 4.12529
0.595 4.13729
0.596 4.14935
0.597 4.16148
0.598 4.17368
0.599 4.18595
0.6 4.19828
0.601 4.21069
0.602 4.22316
0.603 4.2357
0.604 4.2483
0.605 4.26098
0.606 4.27372
0.607 4.28653
0.608 4.29941
0.609 4.31236
0.61 4.32538
0.611 4.33846
0.612 4.35161
0.613 4.36484
0.614 4.37813
0.615 4.39148
0.616 4.40491
0.617 4.41841
0.618 4.43197
0.619 4.4456
0.62 4.4593
0.621 4.47306
0.622 4.4869
0.623 4.5008
0.624 4.51477
0.625 4.5288
0.626 4.5429
0.627 4.55707
0.628 4.57131
0.629 4.58561
0.63 4.59997
0.631 4.61441
0.632 4.6289
0.633 4.64346
0.634 4.65809
0.635 4.67278
0.636 4.68753
0.637 4.70234
0.638 4.71722
0.639 4.73216
0.64 4.74716
0.641 4.76223
0.642 4.77735
0.643 4.79253
0.644 4.80777
0.645 4.82307
0.646 4.83843
0.647 4.85385
0.648 4.86932
0.649 4.88485
0.65 4.90043
0.651 4.91607
0.652 4.93177
0.653 4.94751
0.654 4.96331
0.655 4.97916
0.656 4.99506
0.657 5.01101
0.658 5.02701
0.659 5.04306
0.66 5.05915
0.661 5.07529
0.662 5.09148
0.663 5.10771
0.664 5.12398
0.665 5.14029
0.666 5.15665
0.667 5.17304
0.668 5.18948
0.669 5.20595
0.67 5.22246
0.671 5.239
0.672 5.25558
0.673 5.27219
0.674 5.28884
0.675 5.30551
0.676 5.32222
0.677 5.33895
0.678 5.35571
0.679 5.37249
0.68 5.3893
0.681 5.40613
0.682 5.42298
0.683 5.43986
0.684 5.45675
0.685 5.47366
0.686 5.49059
0.687 5.50753
0.688 5.52448
0.689 5.54145
0.69 5.55842
0.691 5.57541
0.692 5.5924
0.693 5.6094
0.694 5.6264
0.695 5.64341
0.696 5.66042
0.697 5.67742
0.698 5.69443
0.699 5.71143
0.7 5.72843
0.701 5.74542
0.702 5.7624
0.703 5.77938
0.704 5.79634
0.705 5.81329
0.706 5.83023
0.707 5.84715
0.708 5.86405
0.709 5.88093
0.71 5.8978
0.711 5.91464
0.712 5.93146
0.713 5.94825
0.714 5.96502
0.715 5.98175
0.716 5.99846
0.717 6.01514
0.718 6.03178
0.719 6.04838
0.72 6.06495
0.721 6.08149
0.722 6.09798
0.723 6.11443
0.724 6.13084
0.725 6.14721
0.726 6.16352
0.727 6.1798
0.728 6.19602
0.729 6.21219
0.73 6.22831
0.731 6.24437
0.732 6.26039
0.733 6.27634
0.734 6.29224
0.735 6.30807
0.736 6.32385
0.737 6.33956
0.738 6.35521
0.739 6.37079
0.74 6.38631
0.741 6.40175
0.742 6.41713
0.743 6.43244
0.744 6.44767
0.745 6.46283
0.746 6.47792
0.747 6.49293
0.748 6.50786
0.749 6.52271
0.75 6.53748
0.751 6.55217
0.752 6.56677
0.753 6.58129
0.754 6.59573
0.755 6.61008
0.756 6.62434
0.757 6.63851
0.758 6.65259
0.759 6.66658
0.76 6.68048
0.761 6.69428
0.762 6.70799
0.763 6.72161
0.764 6.73512
0.765 6.74854
0.766 6.76186
0.767 6.77508
0.768 6.7882
0.769 6.80122
0.77 6.81413
0.771 6.82694
0.772 6.83965
0.773 6.85225
0.774 6.86475
0.775 6.87714
0.776 6.88942
0.777 6.90159
0.778 6.91366
0.779 6.92561
0.78 6.93745
0.781 6.94919
0.782 6.96081
0.783 6.97232
0.784 6.98372
0.785 6.99501
0.786 7.00618
0.787 7.01723
0.788 7.02818
0.789 7.03901
0.79 7.04972
0.791 7.06032
0.792 7.0708
0.793 7.08117
0.794 7.09142
0.795 7.10155
0.796 7.11157
0.797 7.12147
0.798 7.13125
0.799 7.14092
0.8 7.15047
0.801 7.1599
0.802 7.16921
0.803 7.17841
0.804 7.18749
0.805 7.19646
0.806 7.2053
0.807 7.21403
0.808 7.22265
0.809 7.23114
0.81 7.23952
0.811 7.24779
0.812 7.25594
0.813 7.26397
0.814 7.27189
0.815 7.2797
0.816 7.28739
0.817 7.29496
0.818 7.30242
0.819 7.30977
0.82 7.31701
0.821 7.32414
0.822 7.33115
0.823 7.33805
0.824 7.34484
0.825 7.35153
0.826 7.3581
0.827 7.36456
0.828 7.37092
0.829 7.37717
0.83 7.38331
0.831 7.38935
0.832 7.39528
0.833 7.40111
0.834 7.40683
0.835 7.41246
0.836 7.41797
0.837 7.42339
0.838 7.42871
0.839 7.43393
0.84 7.43905
0.841 7.44407
0.842 7.44899
0.843 7.45382
0.844 7.45856
0.845 7.4632
0.846 7.46774
0.847 7.47219
0.848 7.47656
0.849 7.48083
0.85 7.48501
0.851 7.4891
0.852 7.49311
0.853 7.49703
0.854 7.50086
0.855 7.50461
0.856 7.50827
0.857 7.51185
0.858 7.51535
0.859 7.51877
0.86 7.52211
0.861 7.52537
0.862 7.52855
0.863 7.53166
0.864 7.53469
0.865 7.53764
0.866 7.54052
0.867 7.54333
0.868 7.54606
0.869 7.54873
0.87 7.55132
0.871 7.55385
0.872 7.55631
0.873 7.5587
0.874 7.56102
0.875 7.56328
0.876 7.56547
0.877 7.56761
0.878 7.56967
0.879 7.57168
0.88 7.57363
0.881 7.57552
0.882 7.57735
0.883 7.57912
0.884 7.58083
0.885 7.58249
0.886 7.5841
0.887 7.58565
0.888 7.58715
0.889 7.58859
0.89 7.58998
0.891 7.59133
0.892 7.59262
0.893 7.59386
0.894 7.59506
0.895 7.59621
0.896 7.59731
0.897 7.59837
0.898 7.59938
0.899 7.60035
0.9 7.60127
0.901 7.60216
0.902 7.603
0.903 7.6038
0.904 7.60456
0.905 7.60528
0.906 7.60596
0.907 7.6066
0.908 7.60721
0.909 7.60778
0.91 7.60831
0.911 7.60881
0.912 7.60927
0.913 7.6097
0.914 7.6101
0.915 7.61046
0.916 7.61079
0.917 7.61109
0.918 7.61136
0.919 7.6116
0.92 7.61181
0.921 7.61199
0.922 7.61214
0.923 7.61227
0.924 7.61236
0.925 7.61244
0.926 7.61248
0.927 7.6125
0.928 7.61249
0.929 7.61246
0.93 7.61241
0.931 7.61233
0.932 7.61223
0.933 7.6121
0.934 7.61196
0.935 7.61179
0.936 7.6116
0.937 7.61139
0.938 7.61116
0.939 7.61091
0.94 7.61064
0.941 7.61035
0.942 7.61004
0.943 7.60972
0.944 7.60937
0.945 7.60901
0.946 7.60864
0.947 7.60824
0.948 7.60783
0.949 7.60741
0.95 7.60696
0.951 7.60651
0.952 7.60603
0.953 7.60555
0.954 7.60505
0.955 7.60453
0.956 7.60401
0.957 7.60347
0.958 7.60291
0.959 7.60235
0.96 7.60177
0.961 7.60118
0.962 7.60057
0.963 7.59996
0.964 7.59934
0.965 7.5987
0.966 7.59805
0.967 7.5974
0.968 7.59673
0.969 7.59605
0.97 7.59537
0.971 7.59467
0.972 7.59397
0.973 7.59325
0.974 7.59253
0.975 7.5918
0.976 7.59106
0.977 7.59031
0.978 7.58956
0.979 7.5888
0.98 7.58803
0.981 7.58725
0.982 7.58647
0.983 7.58567
0.984 7.58488
0.985 7.58407
0.986 7.58326
0.987 7.58244
0.988 7.58162
0.989 7.58079
0.99 7.57996
0.991 7.57912
0.992 7.57827
0.993 7.57742
0.994 7.57657
0.995 7.57571
0.996 7.57484
0.997 7.57397
0.998 7.5731
0.999 7.57222
1 7.57133
1.001 0
