0 -10
0.001 -6.47398
0.002 -6.45587
0.003 -6.43773
0.004 -6.41956
0.005 -6.40138
0.006 -6.38316
0.007 -6.36493
0.008 -6.34668
0.009 -6.32842
0.01 -6.31014
0.011 -6.29184
0.012 -6.27354
0.013 -6.25522
0.014 -6.2369
0.015 -6.21857
0.016 -6.20024
0.017 -6.1819
0.018 -6.16356
0.019 -6.14523
0.02 -6.12689
0.021 -6.10857
0.022 -6.09024
0.023 -6.07193
0.024 -6.05363
0.025 -6.03534
0.026 -6.01706
0.027 -5.9988
0.028 -5.98055
0.029 -5.96233
0.03 -5.94412
0.031 -5.92594
0.032 -5.90779
0.033 -5.88965
0.034 -5.87155
0.035 -5.85348
0.036 -5.83544
0.037 -5.81743
0.038 -5.79945
0.039 -5.78151
0.04 -5.76361
0.041 -5.74575
0.042 -5.72794
0.043 -5.71016
0.044 -5.69243
0.045 -5.67474
0.046 -5.6571
0.047 -5.63951
0.048 -5.62197
0.049 -5.60448
0.05 -5.58705
0.051 -5.56966
0.052 -5.55234
0.053 -5.53507
0.054 -5.51786
0.055 -5.50071
0.056 -5.48361
0.057 -5.46659
0.058 -5.44962
0.059 -5.43272
0.06 -5.41588
0.061 -5.3991
0.062 -5.3824
0.063 -5.36576
0.064 -5.34919
0.065 -5.33269
0.066 -5.31626
0.067 -5.2999
0.068 -5.28362
0.069 -5.2674
0.07 -5.25126
0.071 -5.2352
0.072 -5.2192
0.073 -5.20329
0.074 -5.18745
0.075 -5.17168
0.076 -5.15599
0.077 -5.14038
0.078 -5.12485
0.079 -5.10939
0.08 -5.09401
0.081 -5.07871
0.082 -5.06349
0.083 -5.04835
0.084 -5.03328
0.085 -5.0183
0.086 -5.00339
0.087 -4.98857
0.088 -4.97382
0.089 -4.95915
0.09 -4.94457
0.091 -4.93006
0.092 -4.91563
0.093 -4.90128
0.094 -4.88702
0.095 -4.87283
0.096 -4.85872
0.097 -4.84468
0.098 -4.83073
0.099 -4.81686
0.1 -4.80306
0.101 -4.78934
0.102 -4.7757
0.103 -4.76214
0.104 -4.74866
0.105 -4.73525
0.106 -4.72191
0.107 -4.70866
0.108 -4.69548
0.109 -4.68237
0.11 -4.66934
0.111 -4.65639
0.112 -4.64351
0.113 -4.6307
0.114 -4.61797
0.115 -4.60531
0.116 -4.59272
0.117 -4.5802
0.118 -4.56776
0.119 -4.55538
0.12 -4.54308
0.121 -4.53084
0.122 -4.51868
0.123 -4.50658
0.124 -4.49455
0.125 -4.48259
0.126 -4.4707
0.127 -4.45887
0.128 -4.44711
0.129 -4.43542
0.13 -4.42379
0.131 -4.41222
0.132 -4.40072
0.133 -4.38928
0.134 -4.37791
0.135 -4.36659
0.136 -4.35534
0.137 -4.34415
0.138 -4.33302
0.139 -4.32195
0.14 -4.31094
0.141 -4.29999
0.142 -4.28909
0.143 -4.27826
0.144 -4.26748
0.145 -4.25675
0.146 -4.24609
0.147 -4.23548
0.148 -4.22492
0.149 -4.21442
0.15 -4.20397
0.151 -4.19357
0.152 -4.18323
0.153 -4.17294
0.154 -4.1627
0.155 -4.15252
0.156 -4.14238
0.157 -4.13229
0.158 -4.12226
0.159 -4.11227
0.16 -4.10233
0.161 -4.09244
0.162 -4.0826
0.163 -4.0728
0.164 -4.06305
0.165 -4.05335
0.166 -4.04369
0.167 -4.03407
0.168 -4.02451
0.169 -4.01498
0.17 -4.0055
0.171 -3.99606
0.172 -3.98667
0.173 -3.97732
0.174 -3.96801
0.175 -3.95874
0.176 -3.94951
0.177 -3.94032
0.178 -3.93118
0.179 -3.92207
0.18 -3.913
0.181 -3.90397
0.182 -3.89498
0.183 -3.88603
0.184 -3.87712
0.185 -3.86824
0.186 -3.8594
0.187 -3.8506
0.188 -3.84183
0.189 -3.8331
0.19 -3.8244
0.191 -3.81574
0.192 -3.80711
0.193 -3.79852
0.194 -3.78996
0.195 -3.78143
0.196 -3.77294
0.197 -3.76448
0.198 -3.75605
0.199 -3.74766
0.2 -3.7393
0.201 -3.73096
0.202 -3.72266
0.203 -3.71439
0.204 -3.70615
0.205 -3.69794
0.206 -3.68976
0.207 -3.68161
0.208 -3.67349
0.209 -3.6654
0.21 -3.65734
0.211 -3.6493
0.212 -3.64129
0.213 -3.63331
0.214 -3.62536
0.215 -3.61743
0.216 -3.60954
0.217 -3.60166
0.218 -3.59382
0.219 -3.586
0.22 -3.5782
0.221 -3.57043
0.222 -3.56269
0.223 -3.55497
0.224 -3.54728
0.225 -3.53961
0.226 -3.53196
0.227 -3.52434
0.228 -3.51674
0.229 -3.50917
0.23 -3.50162
0.231 -3.49409
0.232 -3.48658
0.233 -3.4791
0.234 -3.47164
0.235 -3.4642
0.236 -3.45678
0.237 -3.44938
0.238 -3.44201
0.239 -3.43465
0.24 -3.42732
0.241 -3.42001
0.242 -3.41272
0.243 -3.40545
0.244 -3.39819
0.245 -3.39096
0.246 -3.38375
0.247 -3.37656
0.248 -3.36938
0.249 -3.36223
0.25 -3.3551
0.251 -3.34798
0.252 -3.34088
0.253 -3.3338
0.254 -3.32674
0.255 -3.3197
0.256 -3.31267
0.257 -3.30566
0.258 -3.29867
0.259 -3.2917
0.26 -3.28474
0.261 -3.2778
0.262 -3.27088
0.263 -3.26398
0.264 -3.25709
0.265 -3.25021
0.266 -3.24336
0.267 -3.23652
0.268 -3.22969
0.269 -3.22288
0.27 -3.21609
0.271 -3.20931
0.272 -3.20255
0.273 -3.1958
0.274 -3.18907
0.275 -3.18235
0.276 -3.17565
0.277 -3.16896
0.278 -3.16229
0.279 -3.15563
0.28 -3.14898
0.281 -3.14235
0.282 -3.13573
0.283 -3.12913
0.284 -3.12254
0.285 -3.11597
0.286 -3.1094
0.287 -3.10285
0.288 -3.09632
0.289 -3.0898
0.29 -3.08329
0.291 -3.07679
0.292 -3.07031
0.293 -3.06383
0.294 -3.05738
0.295 -3.05093
0.296 -3.0445
0.297 -3.03807
0.298 -3.03166
0.299 -3.02527
0.3 -3.01888
0.301 -3.01251
0.302 -3.00614
0.303 -2.99979
0.304 -2.99345
0.305 -2.98713
0.306 -2.98081
0.307 -2.9745
0.308 -2.96821
0.309 -2.96193
0.31 -2.95565
0.311 -2.94939
0.312 -2.94314
0.313 -2.9369
0.314 -2.93067
0.315 -2.92445
0.316 -2.91824
0.317 -2.91204
0.318 -2.90585
0.319 -2.89968
0.32 -2.89351
0.321 -2.88735
0.322 -2.8812
0.323 -2.87506
0.324 -2.86893
0.325 -2.86281
0.326 -2.8567
0.327 -2.85059
0.328 -2.8445
0.329 -2.83842
0.33 -2.83234
0.331 -2.82628
0.332 -2.82022
0.333 -2.81417
0.334 -2.80813
0.335 -2.8021
0.336 -2.79608
0.337 -2.79007
0.338 -2.78406
0.339 -2.77806
0.34 -2.77207
0.341 -2.76609
0.342 -2.76012
0.343 -2.75415
0.344 -2.74819
0.345 -2.74224
0.346 -2.7363
0.347 -2.73037
0.348 -2.72444
0.349 -2.71852
0.35 -2.7126
0.351 -2.7067
0.352 -2.7008
0.353 -2.69491
0.354 -2.68902
0.355 -2.68314
0.356 -2.67727
0.357 -2.67141
0.358 -2.66555
0.359 -2.65969
0.36 -2.65385
0.361 -2.64801
0.362 -2.64217
0.363 -2.63635
0.364 -2.63052
0.365 -2.62471
0.366 -2.6189
0.367 -2.61309
0.368 -2.60729
0.369 -2.6015
0.37 -2.59571
0.371 -2.58992
0.372 -2.58415
0.373 -2.57837
0.374 -2.5726
0.375 -2.56684
0.376 -2.56108
0.377 -2.55533
0.378 -2.54958
0.379 -2.54383
0.38 -2.53809
0.381 -2.53235
0.382 -2.52662
0.383 -2.52089
0.384 -2.51517
0.385 -2.50945
0.386 -2.50373
0.387 -2.49801
0.388 -2.4923
0.389 -2.4866
0.39 -2.48089
0.391 -2.47519
0.392 -2.46949
0.393 -2.4638
0.394 -2.45811
0.395 -2.45242
0.396 -2.44673
0.397 -2.44105
0.398 -2.43536
0.399 -2.42968
0.4 -2.42401
0.401 -2.41833
0.402 -2.41266
0.403 -2.40699
0.404 -2.40132
0.405 -2.39565
0.406 -2.38998
0.407 -2.38431
0.408 -2.37865
0.409 -2.37298
0.41 -2.36732
0.411 -2.36166
0.412 -2.356
0.413 -2.35034
0.414 -2.34468
0.415 -2.33902
0.416 -2.33336
0.417 -2.3277
0.418 -2.32204
0.419 -2.31638
0.42 -2.31071
0.421 -2.30505
0.422 -2.29939
0.423 -2.29373
0.424 -2.28807
0.425 -2.2824
0.426 -2.27674
0.427 -2.27107
0.428 -2.2654
0.429 -2.25973
0.43 -2.25406
0.431 -2.24839
0.432 -2.24271
0.433 -2.23704
0.434 -2.23136
0.435 -2.22568
0.436 -2.21999
0.437 -2.21431
0.438 -2.20862
0.439 -2.20293
0.44 -2.19723
0.441 -2.19153
0.442 -2.18583
0.443 -2.18012
0.444 -2.17442
0.445 -2.1687
0.446 -2.16299
0.447 -2.15727
0.448 -2.15154
0.449 -2.14581
0.45 -2.14008
0.451 -2.13434
0.452 -2.1286
0.453 -2.12285
0.454 -2.1171
0.455 -2.11134
0.456 -2.10557
0.457 -2.0998
0.458 -2.09403
0.459 -2.08825
0.46 -2.08246
0.461 -2.07667
0.462 -2.07087
0.463 -2.06506
0.464 -2.05925
0.465 -2.05343
0.466 -2.0476
0.467 -2.04177
0.468 -2.03593
0.469 -2.03008
0.47 -2.02423
0.471 -2.01836
0.472 -2.01249
0.473 -2.00661
0.474 -2.00072
0.475 -1.99483
0.476 -1.98892
0.477 -1.98301
0.478 -1.97708
0.479 -1.97115
0.48 -1.96521
0.481 -1.95926
0.482 -1.9533
0.483 -1.94733
0.484 -1.94135
0.485 -1.93536
0.486 -1.92936
0.487 -1.92335
0.488 -1.91733
0.489 -1.9113
0.49 -1.90526
0.491 -1.89921
0.492 -1.89314
0.493 -1.88707
0.494 -1.88098
0.495 -1.87488
0.496 -1.86877
0.497 -1.86265
0.498 -1.85651
0.499 -1.85036
0.5 -1.8442
0.501 -1.83803
0.502 -1.83184
0.503 -1.82565
0.504 -1.81943
0.505 -1.81321
0.506 -1.80697
0.507 -1.80072
0.508 -1.79445
0.509 -1.78817
0.51 -1.78187
0.511 -1.77557
0.512 -1.76924
0.513 -1.7629
0.514 -1.75655
0.515 -1.75018
0.516 -1.7438
0.517 -1.7374
0.518 -1.73099
0.519 -1.72456
0.52 -1.71811
0.521 -1.71165
0.522 -1.70517
0.523 -1.69868
0.524 -1.69217
0.525 -1.68564
0.526 -1.6791
0.527 -1.67253
0.528 -1.66596
0.529 -1.65936
0.53 -1.65275
0.531 -1.64612
0.532 -1.63947
0.533 -1.63281
0.534 -1.62613
0.535 -1.61943
0.536 -1.61271
0.537 -1.60597
0.538 -1.59922
0.539 -1.59244
0.54 -1.58565
0.541 -1.57884
0.542 -1.57201
0.543 -1.56516
0.544 -1.55829
0.545 -1.55141
0.546 -1.5445
0.547 -1.53758
0.548 -1.53063
0.549 -1.52367
0.55 -1.51668
0.551 -1.50968
0.552 -1.50266
0.553 -1.49561
0.554 -1.48855
0.555 -1.48147
0.556 -1.47436
0.557 -1.46724
0.558 -1.4601
0.559 -1.45293
0.56 -1.44575
0.561 -1.43854
0.562 -1.43132
0.563 -1.42407
0.564 -1.41681
0.565 -1.40952
0.566 -1.40221
0.567 -1.39489
0.568 -1.38754
0.569 -1.38017
0.57 -1.37278
0.571 -1.36538
0.572 -1.35795
0.573 -1.3505
0.574 -1.34303
0.575 -1.33554
0.576 -1.32803
0.577 -1.3205
0.578 -1.31295
0.579 -1.30538
0.58 -1.29779
0.581 -1.29018
0.582 -1.28255
0.583 -1.2749
0.584 -1.26723
0.585 -1.25955
0.586 -1.25184
0.587 -1.24411
0.588 -1.23637
0.589 -1.22861
0.59 -1.22082
0.591 -1.21303
0.592 -1.20521
0.593 -1.19737
0.594 -1.18952
0.595 -1.18165
0.596 -1.17376
0.597 -1.16586
0.598 -1.15794
0.599 -1.15
0.6 -1.14205
0.601 -1.13408
0.602 -1.1261
0.603 -1.1181
0.604 -1.11009
0.605 -1.10206
0.606 -1.09402
0.607 -1.08597
0.608 -1.0779
0.609 -1.06982
0.61 -1.06173
0.611 -1.05363
0.612 -1.04552
0.613 -1.03739
0.614 -1.02926
0.615 -1.02111
0.616 -1.01296
0.617 -1.0048
0.618 -0.996632
0.619 -0.988456
0.62 -0.980274
0.621 -0.972086
0.622 -0.963892
0.623 -0.955694
0.624 -0.947492
0.625 -0.939287
0.626 -0.93108
0.627 -0.922871
0.628 -0.91466
0.629 -0.90645
0.63 -0.89824
0.631 -0.890032
0.632 -0.881826
0.633 -0.873623
0.634 -0.865425
0.635 -0.857231
0.636 -0.849043
0.637 -0.840862
0.638 -0.832689
0.639 -0.824524
0.64 -0.81637
0.641 -0.808226
0.642 -0.800094
0.643 -0.791975
0.644 -0.783869
0.645 -0.775779
0.646 -0.767705
0.647 -0.759649
0.648 -0.751611
0.649 -0.743592
0.65 -0.735595
0.651 -0.727619
0.652 -0.719667
0.653 -0.711739
0.654 -0.703838
0.655 -0.695963
0.656 -0.688117
0.657 -0.6803
0.658 -0.672515
0.659 -0.664762
0.66 -0.657043
0.661 -0.649359
0.662 -0.641712
0.663 -0.634104
0.664 -0.626534
0.665 -0.619006
0.666 -0.61152
0.667 -0.604078
0.668 -0.596682
0.669 -0.589332
0.67 -0.582031
0.671 -0.574781
0.672 -0.567582
0.673 -0.560436
0.674 -0.553345
0.675 -0.54631
0.676 -0.539333
0.677 -0.532416
0.678 -0.52556
0.679 -0.518768
0.68 -0.512039
0.681 -0.505377
0.682 -0.498783
0.683 -0.492258
0.684 -0.485804
0.685 -0.479423
0.686 -0.473116
0.687 -0.466886
0.688 -0.460734
0.689 -0.454661
0.69 -0.448669
0.691 -0.44276
0.692 -0.436936
0.693 -0.431198
0.694 -0.425548
0.695 -0.419988
0.696 -0.414518
0.697 -0.409142
0.698 -0.403861
0.699 -0.398676
0.7 -0.393588
0.701 -0.388601
0.702 -0.383714
0.703 -0.378931
0.704 -0.374252
0.705 -0.369678
0.706 -0.365213
0.707 -0.360857
0.708 -0.356612
0.709 -0.352479
0.71 -0.34846
0.711 -0.344556
0.712 -0.340769
0.713 -0.337101
0.714 -0.333553
0.715 -0.330125
0.716 -0.326821
0.717 -0.323641
0.718 -0.320587
0.719 -0.317659
0.72 -0.31486
0.721 -0.31219
0.722 -0.309651
0.723 -0.307245
0.724 -0.304972
0.725 -0.302833
0.726 -0.300831
0.727 -0.298965
0.728 -0.297238
0.729 -0.29565
0.73 -0.294202
0.731 -0.292896
0.732 -0.291732
0.733 -0.290711
0.734 -0.289835
0.735 -0.289104
0.736 -0.288519
0.737 -0.288082
0.738 -0.287792
0.739 -0.287651
0.74 -0.287659
0.741 -0.287817
0.742 -0.288126
0.743 -0.288587
0.744 -0.2892
0.745 -0.289965
0.746 -0.290884
0.747 -0.291956
0.748 -0.293183
0.749 -0.294564
0.75 -0.2961
0.751 -0.297791
0.752 -0.299638
0.753 -0.301641
0.754 -0.3038
0.755 -0.306115
0.756 -0.308587
0.757 -0.311216
0.758 -0.314001
0.759 -0.316943
0.76 -0.320041
0.761 -0.323297
0.762 -0.326708
0.763 -0.330277
0.764 -0.334002
0.765 -0.337882
0.766 -0.341919
0.767 -0.346111
0.768 -0.350459
0.769 -0.354961
0.77 -0.359618
0.771 -0.364429
0.772 -0.369394
0.773 -0.374512
0.774 -0.379782
0.775 -0.385204
0.776 -0.390778
0.777 -0.396502
0.778 -0.402376
0.779 -0.408399
0.78 -0.414571
0.781 -0.42089
0.782 -0.427356
0.783 -0.433967
0.784 -0.440724
0.785 -0.447625
0.786 -0.454668
0.787 -0.461854
0.788 -0.46918
0.789 -0.476646
0.79 -0.484251
0.791 -0.491993
0.792 -0.499871
0.793 -0.507885
0.794 -0.516032
0.795 -0.524312
0.796 -0.532723
0.797 -0.541264
0.798 -0.549933
0.799 -0.558729
0.8 -0.567651
0.801 -0.576697
0.802 -0.585865
0.803 -0.595155
0.804 -0.604564
0.805 -0.614092
0.806 -0.623735
0.807 -0.633494
0.808 -0.643366
0.809 -0.65335
0.81 -0.663443
0.811 -0.673645
0.812 -0.683953
0.813 -0.694366
0.814 -0.704882
0.815 -0.715499
0.816 -0.726216
0.817 -0.737031
0.818 -0.747941
0.819 -0.758946
0.82 -0.770043
0.821 -0.78123
0.822 -0.792506
0.823 -0.803868
0.824 -0.815316
0.825 -0.826846
0.826 -0.838457
0.827 -0.850148
0.828 -0.861916
0.829 -0.873759
0.83 -0.885676
0.831 -0.897664
0.832 -0.909722
0.833 -0.921847
0.834 -0.934038
0.835 -0.946294
0.836 -0.958611
0.837 -0.970988
0.838 -0.983423
0.839 -0.995915
0.84 -1.00846
0.841 -1.02106
0.842 -1.03371
0.843 -1.0464
0.844 -1.05915
0.845 -1.07194
0.846 -1.08477
0.847 -1.09764
0.848 -1.11055
0.849 -1.1235
0.85 -1.13649
0.851 -1.14951
0.852 -1.16256
0.853 -1.17564
0.854 -1.18875
0.855 -1.20188
0.856 -1.21504
0.857 -1.22823
0.858 -1.24143
0.859 -1.25466
0.86 -1.2679
0.861 -1.28116
0.862 -1.29443
0.863 -1.30772
0.864 -1.32102
0.865 -1.33432
0.866 -1.34764
0.867 -1.36096
0.868 -1.37429
0.869 -1.38762
0.87 -1.40095
0.871 -1.41429
0.872 -1.42762
0.873 -1.44095
0.874 -1.45428
0.875 -1.4676
0.876 -1.48091
0.877 -1.49422
0.878 -1.50752
0.879 -1.5208
0.88 -1.53408
0.881 -1.54734
0.882 -1.56059
0.883 -1.57382
0.884 -1.58703
0.885 -1.60023
0.886 -1.61341
0.887 -1.62657
0.888 -1.6397
0.889 -1.65281
0.89 -1.6659
0.891 -1.67897
0.892 -1.69201
0.893 -1.70502
0.894 -1.71801
0.895 -1.73096
0.896 -1.74389
0.897 -1.75679
0.898 -1.76966
0.899 -1.78249
0.9 -1.79529
0.901 -1.80806
0.902 -1.82079
0.903 -1.83349
0.904 -1.84615
0.905 -1.85877
0.906 -1.87136
0.907 -1.88391
0.908 -1.89642
0.909 -1.90889
0.91 -1.92132
0.911 -1.93371
0.912 -1.94605
0.913 -1.95836
0.914 -1.97062
0.915 -1.98285
0.916 -1.99502
0.917 -2.00716
0.918 -2.01925
0.919 -2.03129
0.92 -2.04329
0.921 -2.05524
0.922 -2.06715
0.923 -2.07901
0.924 -2.09082
0.925 -2.10259
0.926 -2.11431
0.927 -2.12598
0.928 -2.1376
0.929 -2.14918
0.93 -2.1607
0.931 -2.17218
0.932 -2.18361
0.933 -2.19499
0.934 -2.20632
0.935 -2.2176
0.936 -2.22883
0.937 -2.24001
0.938 -2.25114
0.939 -2.26221
0.94 -2.27324
0.941 -2.28422
0.942 -2.29515
0.943 -2.30602
0.944 -2.31685
0.945 -2.32762
0.946 -2.33835
0.947 -2.34902
0.948 -2.35964
0.949 -2.37021
0.95 -2.38073
0.951 -2.3912
0.952 -2.40162
0.953 -2.41198
0.954 -2.4223
0.955 -2.43256
0.956 -2.44277
0.957 -2.45294
0.958 -2.46305
0.959 -2.47311
0.96 -2.48312
0.961 -2.49308
0.962 -2.50299
0.963 -2.51285
0.964 -2.52265
0.965 -2.53241
0.966 -2.54212
0.967 -2.55178
0.968 -2.56139
0.969 -2.57095
0.97 -2.58045
0.971 -2.58991
0.972 -2.59933
0.973 -2.60869
0.974 -2.618
0.975 -2.62726
0.976 -2.63648
0.977 -2.64565
0.978 -2.65477
0.979 -2.66384
0.98 -2.67286
0.981 -2.68184
0.982 -2.69077
0.983 -2.69965
0.984 -2.70848
0.985 -2.71727
0.986 -2.72601
0.987 -2.73471
0.988 -2.74336
0.989 -2.75196
0.99 -2.76052
0.991 -2.76903
0.992 -2.7775
0.993 -2.78593
0.994 -2.7943
0.995 -2.80264
0.996 -2.81093
0.997 -2.81917
0.998 -2.82738
0.999 -2.83553
1 -2.84365
1.001 -10
