0 5
0.001 3.2845
0.002 3.28027
0.003 3.27605
0.004 3.27183
0.005 3.26762
0.006 3.26341
0.007 3.2592
0.008 3.25499
0.009 3.2508
0.01 3.2466
0.011 3.24242
0.012 3.23824
0.013 3.23407
0.014 3.22991
0.015 3.22576
0.016 3.22162
0.017 3.21749
0.018 3.21337
0.019 3.20926
0.02 3.20517
0.021 3.20109
0.022 3.19702
0.023 3.19297
0.024 3.18894
0.025 3.18492
0.026 3.18092
0.027 3.17693
0.028 3.17297
0.029 3.16902
0.03 3.16509
0.031 3.16118
0.032 3.1573
0.033 3.15343
0.034 3.14959
0.035 3.14577
0.036 3.14197
0.037 3.1382
0.038 3.13445
0.039 3.13073
0.04 3.12703
0.041 3.12336
0.042 3.11972
0.043 3.11611
0.044 3.11252
0.045 3.10896
0.046 3.10543
0.047 3.10194
0.048 3.09847
0.049 3.09503
0.05 3.09163
0.051 3.08825
0.052 3.08491
0.053 3.08161
0.054 3.07833
0.055 3.07509
0.056 3.07189
0.057 3.06872
0.058 3.06558
0.059 3.06248
0.06 3.05942
0.061 3.05639
0.062 3.0534
0.063 3.05044
0.064 3.04753
0.065 3.04465
0.066 3.04181
0.067 3.03901
0.068 3.03624
0.069 3.03352
0.07 3.03083
0.071 3.02819
0.072 3.02558
0.073 3.02301
0.074 3.02048
0.075 3.018
0.076 3.01555
0.077 3.01314
0.078 3.01077
0.079 3.00845
0.08 3.00616
0.081 3.00392
0.082 3.00171
0.083 2.99955
0.084 2.99743
0.085 2.99535
0.086 2.99331
0.087 2.99131
0.088 2.98935
0.089 2.98743
0.09 2.98555
0.091 2.98372
0.092 2.98192
0.093 2.98016
0.094 2.97845
0.095 2.97678
0.096 2.97514
0.097 2.97355
0.098 2.97199
0.099 2.97048
0.1 2.96901
0.101 2.96757
0.102 2.96618
0.103 2.96482
0.104 2.9635
0.105 2.96223
0.106 2.96099
0.107 2.95978
0.108 2.95862
0.109 2.9575
0.11 2.95641
0.111 2.95536
0.112 2.95434
0.113 2.95337
0.114 2.95243
0.115 2.95152
0.116 2.95065
0.117 2.94982
0.118 2.94903
0.119 2.94826
0.12 2.94754
0.121 2.94684
0.122 2.94618
0.123 2.94556
0.124 2.94497
0.125 2.94441
0.126 2.94388
0.127 2.94339
0.128 2.94293
0.129 2.9425
0.13 2.9421
0.131 2.94173
0.132 2.9414
0.133 2.94109
0.134 2.94082
0.135 2.94057
0.136 2.94035
0.137 2.94016
0.138 2.94
0.139 2.93987
0.14 2.93977
0.141 2.93969
0.142 2.93964
0.143 2.93962
0.144 2.93962
0.145 2.93965
0.146 2.9397
0.147 2.93978
0.148 2.93989
0.149 2.94002
0.15 2.94017
0.151 2.94035
0.152 2.94055
0.153 2.94077
0.154 2.94102
0.155 2.94129
0.156 2.94158
0.157 2.94189
0.158 2.94222
0.159 2.94258
0.16 2.94295
0.161 2.94335
0.162 2.94376
0.163 2.9442
0.164 2.94465
0.165 2.94512
0.166 2.94562
0.167 2.94613
0.168 2.94665
0.169 2.9472
0.17 2.94776
0.171 2.94834
0.172 2.94894
0.173 2.94955
0.174 2.95018
0.175 2.95082
0.176 2.95148
0.177 2.95216
0.178 2.95285
0.179 2.95355
0.18 2.95427
0.181 2.955
0.182 2.95575
0.183 2.95651
0.184 2.95728
0.185 2.95807
0.186 2.95887
0.187 2.95968
0.188 2.9605
0.189 2.96134
0.19 2.96218
0.191 2.96304
0.192 2.96391
0.193 2.96479
0.194 2.96568
0.195 2.96658
0.196 2.96749
0.197 2.96842
0.198 2.96935
0.199 2.97029
0.2 2.97124
0.201 2.9722
0.202 2.97317
0.203 2.97414
0.204 2.97513
0.205 2.97612
0.206 2.97712
0.207 2.97813
0.208 2.97915
0.209 2.98018
0.21 2.98121
0.211 2.98225
0.212 2.9833
0.213 2.98435
0.214 2.98541
0.215 2.98648
0.216 2.98755
0.217 2.98863
0.218 2.98971
0.219 2.9908
0.22 2.9919
0.221 2.993
0.222 2.99411
0.223 2.99522
0.224 2.99634
0.225 2.99746
0.226 2.99859
0.227 2.99972
0.228 3.00085
0.229 3.00199
0.23 3.00314
0.231 3.00429
0.232 3.00544
0.233 3.0066
0.234 3.00776
0.235 3.00892
0.236 3.01009
0.237 3.01126
0.238 3.01243
0.239 3.01361
0.24 3.01479
0.241 3.01597
0.242 3.01715
0.243 3.01834
0.244 3.01953
0.245 3.02072
0.246 3.02192
0.247 3.02312
0.248 3.02432
0.249 3.02552
0.25 3.02672
0.251 3.02793
0.252 3.02913
0.253 3.03034
0.254 3.03155
0.255 3.03276
0.256 3.03398
0.257 3.03519
0.258 3.03641
0.259 3.03762
0.26 3.03884
0.261 3.04006
0.262 3.04128
0.263 3.0425
0.264 3.04372
0.265 3.04495
0.266 3.04617
0.267 3.04739
0.268 3.04861
0.269 3.04984
0.27 3.05106
0.271 3.05229
0.272 3.05351
0.273 3.05474
0.274 3.05596
0.275 3.05719
0.276 3.05841
0.277 3.05964
0.278 3.06086
0.279 3.06209
0.28 3.06331
0.281 3.06453
0.282 3.06576
0.283 3.06698
0.284 3.0682
0.285 3.06942
0.286 3.07064
0.287 3.07186
0.288 3.07308
0.289 3.0743
0.29 3.07552
0.291 3.07674
0.292 3.07795
0.293 3.07917
0.294 3.08038
0.295 3.08159
0.296 3.0828
0.297 3.08401
0.298 3.08522
0.299 3.08643
0.3 3.08764
0.301 3.08884
0.302 3.09004
0.303 3.09125
0.304 3.09245
0.305 3.09364
0.306 3.09484
0.307 3.09604
0.308 3.09723
0.309 3.09842
0.31 3.09961
0.311 3.1008
0.312 3.10199
0.313 3.10317
0.314 3.10436
0.315 3.10554
0.316 3.10672
0.317 3.10789
0.318 3.10907
0.319 3.11024
0.32 3.11141
0.321 3.11258
0.322 3.11375
0.323 3.11491
0.324 3.11608
0.325 3.11724
0.326 3.11839
0.327 3.11955
0.328 3.1207
0.329 3.12185
0.33 3.123
0.331 3.12415
0.332 3.12529
0.333 3.12643
0.334 3.12757
0.335 3.12871
0.336 3.12984
0.337 3.13097
0.338 3.1321
0.339 3.13322
0.34 3.13435
0.341 3.13547
0.342 3.13659
0.343 3.1377
0.344 3.13881
0.345 3.13992
0.346 3.14103
0.347 3.14213
0.348 3.14323
0.349 3.14433
0.35 3.14543
0.351 3.14652
0.352 3.14761
0.353 3.1487
0.354 3.14978
0.355 3.15086
0.356 3.15194
0.357 3.15302
0.358 3.15409
0.359 3.15516
0.36 3.15623
0.361 3.15729
0.362 3.15835
0.363 3.15941
0.364 3.16046
0.365 3.16151
0.366 3.16256
0.367 3.16361
0.368 3.16465
0.369 3.16569
0.37 3.16672
0.371 3.16776
0.372 3.16879
0.373 3.16981
0.374 3.17084
0.375 3.17186
0.376 3.17287
0.377 3.17389
0.378 3.1749
0.379 3.17591
0.38 3.17691
0.381 3.17791
0.382 3.17891
0.383 3.17991
0.384 3.1809
0.385 3.18189
0.386 3.18287
0.387 3.18385
0.388 3.18483
0.389 3.18581
0.39 3.18678
0.391 3.18775
0.392 3.18871
0.393 3.18968
0.394 3.19064
0.395 3.19159
0.396 3.19255
0.397 3.1935
0.398 3.19444
0.399 3.19538
0.4 3.19632
0.401 3.19726
0.402 3.19819
0.403 3.19912
0.404 3.20005
0.405 3.20098
0.406 3.2019
0.407 3.20281
0.408 3.20373
0.409 3.20464
0.41 3.20554
0.411 3.20645
0.412 3.20735
0.413 3.20825
0.414 3.20914
0.415 3.21003
0.416 3.21092
0.417 3.2118
0.418 3.21269
0.419 3.21356
0.42 3.21444
0.421 3.21531
0.422 3.21618
0.423 3.21704
0.424 3.21791
0.425 3.21877
0.426 3.21962
0.427 3.22047
0.428 3.22132
0.429 3.22217
0.43 3.22301
0.431 3.22385
0.432 3.22469
0.433 3.22552
0.434 3.22635
0.435 3.22718
0.436 3.228
0.437 3.22882
0.438 3.22964
0.439 3.23045
0.44 3.23126
0.441 3.23207
0.442 3.23288
0.443 3.23368
0.444 3.23448
0.445 3.23527
0.446 3.23607
0.447 3.23685
0.448 3.23764
0.449 3.23842
0.45 3.2392
0.451 3.23998
0.452 3.24076
0.453 3.24153
0.454 3.24229
0.455 3.24306
0.456 3.24382
0.457 3.24458
0.458 3.24534
0.459 3.24609
0.46 3.24684
0.461 3.24758
0.462 3.24833
0.463 3.24907
0.464 3.24981
0.465 3.25054
0.466 3.25127
0.467 3.252
0.468 3.25273
0.469 3.25345
0.47 3.25417
0.471 3.25489
0.472 3.2556
0.473 3.25632
0.474 3.25702
0.475 3.25773
0.476 3.25843
0.477 3.25913
0.478 3.25983
0.479 3.26052
0.48 3.26122
0.481 3.2619
0.482 3.26259
0.483 3.26327
0.484 3.26395
0.485 3.26463
0.486 3.26531
0.487 3.26598
0.488 3.26665
0.489 3.26731
0.49 3.26798
0.491 3.26864
0.492 3.2693
0.493 3.26995
0.494 3.2706
0.495 3.27125
0.496 3.2719
0.497 3.27255
0.498 3.27319
0.499 3.27383
0.5 3.27446
0.501 3.2751
0.502 3.27573
0.503 3.27636
0.504 3.27698
0.505 3.27761
0.506 3.27823
0.507 3.27884
0.508 3.27946
0.509 3.28007
0.51 3.28068
0.511 3.28129
0.512 3.2819
0.513 3.2825
0.514 3.2831
0.515 3.2837
0.516 3.28429
0.517 3.28488
0.518 3.28547
0.519 3.28606
0.52 3.28664
0.521 3.28723
0.522 3.28781
0.523 3.28838
0.524 3.28896
0.525 3.28953
0.526 3.2901
0.527 3.29067
0.528 3.29123
0.529 3.29179
0.53 3.29235
0.531 3.29291
0.532 3.29347
0.533 3.29402
0.534 3.29457
0.535 3.29511
0.536 3.29566
0.537 3.2962
0.538 3.29674
0.539 3.29728
0.54 3.29781
0.541 3.29834
0.542 3.29887
0.543 3.2994
0.544 3.29993
0.545 3.30045
0.546 3.30097
0.547 3.30149
0.548 3.302
0.549 3.30251
0.55 3.30302
0.551 3.30353
0.552 3.30403
0.553 3.30454
0.554 3.30504
0.555 3.30553
0.556 3.30603
0.557 3.30652
0.558 3.30701
0.559 3.30749
0.56 3.30798
0.561 3.30846
0.562 3.30894
0.563 3.30941
0.564 3.30989
0.565 3.31036
0.566 3.31082
0.567 3.31129
0.568 3.31175
0.569 3.31221
0.57 3.31267
0.571 3.31312
0.572 3.31357
0.573 3.31402
0.574 3.31446
0.575 3.31491
0.576 3.31534
0.577 3.31578
0.578 3.31621
0.579 3.31664
0.58 3.31707
0.581 3.31749
0.582 3.31791
0.583 3.31833
0.584 3.31874
0.585 3.31915
0.586 3.31956
0.587 3.31996
0.588 3.32036
0.589 3.32076
0.59 3.32115
0.591 3.32154
0.592 3.32193
0.593 3.32231
0.594 3.32269
0.595 3.32306
0.596 3.32343
0.597 3.32379
0.598 3.32416
0.599 3.32451
0.6 3.32487
0.601 3.32522
0.602 3.32556
0.603 3.3259
0.604 3.32623
0.605 3.32656
0.606 3.32689
0.607 3.32721
0.608 3.32753
0.609 3.32784
0.61 3.32814
0.611 3.32844
0.612 3.32874
0.613 3.32903
0.614 3.32931
0.615 3.32959
0.616 3.32986
0.617 3.33013
0.618 3.33039
0.619 3.33064
0.62 3.33089
0.621 3.33113
0.622 3.33137
0.623 3.3316
0.624 3.33182
0.625 3.33203
0.626 3.33224
0.627 3.33244
0.628 3.33263
0.629 3.33282
0.63 3.33299
0.631 3.33316
0.632 3.33332
0.633 3.33348
0.634 3.33362
0.635 3.33376
0.636 3.33388
0.637 3.334
0.638 3.33411
0.639 3.33421
0.64 3.3343
0.641 3.33438
0.642 3.33445
0.643 3.33451
0.644 3.33456
0.645 3.3346
0.646 3.33463
0.647 3.33465
0.648 3.33465
0.649 3.33465
0.65 3.33463
0.651 3.33461
0.652 3.33457
0.653 3.33451
0.654 3.33445
0.655 3.33437
0.656 3.33428
0.657 3.33418
0.658 3.33406
0.659 3.33393
0.66 3.33379
0.661 3.33363
0.662 3.33346
0.663 3.33327
0.664 3.33307
0.665 3.33285
0.666 3.33262
0.667 3.33238
0.668 3.33211
0.669 3.33183
0.67 3.33154
0.671 3.33123
0.672 3.3309
0.673 3.33056
0.674 3.33019
0.675 3.32982
0.676 3.32942
0.677 3.329
0.678 3.32857
0.679 3.32812
0.68 3.32765
0.681 3.32716
0.682 3.32666
0.683 3.32613
0.684 3.32558
0.685 3.32502
0.686 3.32443
0.687 3.32383
0.688 3.3232
0.689 3.32256
0.69 3.32189
0.691 3.32121
0.692 3.3205
0.693 3.31977
0.694 3.31902
0.695 3.31825
0.696 3.31746
0.697 3.31664
0.698 3.3158
0.699 3.31495
0.7 3.31406
0.701 3.31316
0.702 3.31224
0.703 3.31129
0.704 3.31032
0.705 3.30932
0.706 3.30831
0.707 3.30727
0.708 3.30621
0.709 3.30512
0.71 3.30402
0.711 3.30289
0.712 3.30173
0.713 3.30056
0.714 3.29936
0.715 3.29813
0.716 3.29689
0.717 3.29562
0.718 3.29433
0.719 3.29301
0.72 3.29168
0.721 3.29032
0.722 3.28894
0.723 3.28753
0.724 3.2861
0.725 3.28465
0.726 3.28318
0.727 3.28169
0.728 3.28017
0.729 3.27863
0.73 3.27707
0.731 3.27549
0.732 3.27389
0.733 3.27227
0.734 3.27063
0.735 3.26896
0.736 3.26728
0.737 3.26558
0.738 3.26385
0.739 3.26211
0.74 3.26035
0.741 3.25857
0.742 3.25677
0.743 3.25495
0.744 3.25312
0.745 3.25127
0.746 3.2494
0.747 3.24751
0.748 3.24561
0.749 3.24369
0.75 3.24176
0.751 3.23981
0.752 3.23785
0.753 3.23588
0.754 3.23389
0.755 3.23188
0.756 3.22987
0.757 3.22784
0.758 3.2258
0.759 3.22375
0.76 3.22169
0.761 3.21962
0.762 3.21753
0.763 3.21544
0.764 3.21334
0.765 3.21124
0.766 3.20912
0.767 3.207
0.768 3.20487
0.769 3.20273
0.77 3.20059
0.771 3.19844
0.772 3.19629
0.773 3.19414
0.774 3.19198
0.775 3.18982
0.776 3.18766
0.777 3.18549
0.778 3.18332
0.779 3.18116
0.78 3.17899
0.781 3.17682
0.782 3.17466
0.783 3.17249
0.784 3.17033
0.785 3.16817
0.786 3.16602
0.787 3.16386
0.788 3.16171
0.789 3.15957
0.79 3.15743
0.791 3.1553
0.792 3.15317
0.793 3.15105
0.794 3.14893
0.795 3.14683
0.796 3.14473
0.797 3.14264
0.798 3.14055
0.799 3.13848
0.8 3.13642
0.801 3.13437
0.802 3.13233
0.803 3.1303
0.804 3.12828
0.805 3.12627
0.806 3.12427
0.807 3.12229
0.808 3.12032
0.809 3.11836
0.81 3.11642
0.811 3.11449
0.812 3.11257
0.813 3.11067
0.814 3.10878
0.815 3.10691
0.816 3.10505
0.817 3.10321
0.818 3.10139
0.819 3.09958
0.82 3.09778
0.821 3.09601
0.822 3.09424
0.823 3.0925
0.824 3.09077
0.825 3.08906
0.826 3.08737
0.827 3.0857
0.828 3.08404
0.829 3.0824
0.83 3.08078
0.831 3.07917
0.832 3.07758
0.833 3.07602
0.834 3.07447
0.835 3.07293
0.836 3.07142
0.837 3.06992
0.838 3.06845
0.839 3.06699
0.84 3.06555
0.841 3.06413
0.842 3.06272
0.843 3.06134
0.844 3.05997
0.845 3.05862
0.846 3.05729
0.847 3.05598
0.848 3.05469
0.849 3.05341
0.85 3.05215
0.851 3.05091
0.852 3.04969
0.853 3.04849
0.854 3.04731
0.855 3.04614
0.856 3.04499
0.857 3.04386
0.858 3.04274
0.859 3.04165
0.86 3.04057
0.861 3.0395
0.862 3.03846
0.863 3.03743
0.864 3.03642
0.865 3.03542
0.866 3.03444
0.867 3.03348
0.868 3.03254
0.869 3.03161
0.87 3.0307
0.871 3.0298
0.872 3.02892
0.873 3.02805
0.874 3.0272
0.875 3.02637
0.876 3.02555
0.877 3.02474
0.878 3.02395
0.879 3.02318
0.88 3.02242
0.881 3.02167
0.882 3.02094
0.883 3.02022
0.884 3.01951
0.885 3.01882
0.886 3.01815
0.887 3.01748
0.888 3.01683
0.889 3.0162
0.89 3.01557
0.891 3.01496
0.892 3.01436
0.893 3.01377
0.894 3.0132
0.895 3.01264
0.896 3.01209
0.897 3.01155
0.898 3.01102
0.899 3.01051
0.9 3.01
0.901 3.00951
0.902 3.00903
0.903 3.00855
0.904 3.00809
0.905 3.00764
0.906 3.0072
0.907 3.00677
0.908 3.00636
0.909 3.00595
0.91 3.00555
0.911 3.00516
0.912 3.00478
0.913 3.0044
0.914 3.00404
0.915 3.00369
0.916 3.00335
0.917 3.00301
0.918 3.00268
0.919 3.00237
0.92 3.00206
0.921 3.00175
0.922 3.00146
0.923 3.00118
0.924 3.0009
0.925 3.00063
0.926 3.00037
0.927 3.00011
0.928 2.99986
0.929 2.99962
0.93 2.99939
0.931 2.99916
0.932 2.99895
0.933 2.99873
0.934 2.99853
0.935 2.99833
0.936 2.99814
0.937 2.99795
0.938 2.99777
0.939 2.9976
0.94 2.99743
0.941 2.99727
0.942 2.99711
0.943 2.99696
0.944 2.99681
0.945 2.99667
0.946 2.99654
0.947 2.99641
0.948 2.99629
0.949 2.99617
0.95 2.99606
0.951 2.99595
0.952 2.99585
0.953 2.99575
0.954 2.99566
0.955 2.99557
0.956 2.99548
0.957 2.9954
0.958 2.99533
0.959 2.99526
0.96 2.99519
0.961 2.99513
0.962 2.99507
0.963 2.99502
0.964 2.99496
0.965 2.99492
0.966 2.99488
0.967 2.99484
0.968 2.9948
0.969 2.99477
0.97 2.99474
0.971 2.99472
0.972 2.9947
0.973 2.99468
0.974 2.99467
0.975 2.99466
0.976 2.99465
0.977 2.99464
0.978 2.99464
0.979 2.99465
0.98 2.99465
0.981 2.99466
0.982 2.99467
0.983 2.99468
0.984 2.9947
0.985 2.99472
0.986 2.99474
0.987 2.99476
0.988 2.99479
0.989 2.99482
0.99 2.99485
0.991 2.99489
0.992 2.99493
0.993 2.99497
0.994 2.99501
0.995 2.99505
0.996 2.9951
0.997 2.99515
0.998 2.9952
0.999 2.99525
1 2.99531
1.001 5
