0 -10
0.001 -5.68613
0.002 -5.67479
0.003 -5.66346
0.004 -5.65213
0.005 -5.6408
0.006 -5.62947
0.007 -5.61814
0.008 -5.60682
0.009 -5.5955
0.01 -5.58419
0.011 -5.57288
0.012 -5.56157
0.013 -5.55026
0.014 -5.53896
0.015 -5.52767
0.016 -5.51638
0.017 -5.5051
0.018 -5.49382
0.019 -5.48255
0.02 -5.47128
0.021 -5.46002
0.022 -5.44877
0.023 -5.43752
0.024 -5.42628
0.025 -5.41505
0.026 -5.40383
0.027 -5.39262
0.028 -5.38141
0.029 -5.37022
0.03 -5.35903
0.031 -5.34785
0.032 -5.33669
0.033 -5.32553
0.034 -5.31438
0.035 -5.30325
0.036 -5.29212
0.037 -5.28101
0.038 -5.26991
0.039 -5.25882
0.04 -5.24774
0.041 -5.23667
0.042 -5.22562
0.043 -5.21458
0.044 -5.20356
0.045 -5.19254
0.046 -5.18155
0.047 -5.17056
0.048 -5.15959
0.049 -5.14864
0.05 -5.1377
0.051 -5.12677
0.052 -5.11586
0.053 -5.10497
0.054 -5.09409
0.055 -5.08323
0.056 -5.07239
0.057 -5.06156
0.058 -5.05075
0.059 -5.03995
0.06 -5.02918
0.061 -5.01842
0.062 -5.00768
0.063 -4.99696
0.064 -4.98625
0.065 -4.97557
0.066 -4.9649
0.067 -4.95426
0.068 -4.94363
0.069 -4.93302
0.07 -4.92244
0.071 -4.91187
0.072 -4.90132
0.073 -4.89079
0.074 -4.88029
0.075 -4.8698
0.076 -4.85934
0.077 -4.84889
0.078 -4.83847
0.079 -4.82807
0.08 -4.81769
0.081 -4.80733
0.082 -4.79699
0.083 -4.78668
0.084 -4.77639
0.085 -4.76612
0.086 -4.75587
0.087 -4.74565
0.088 -4.73545
0.089 -4.72527
0.09 -4.71511
0.091 -4.70498
0.092 -4.69487
0.093 -4.68478
0.094 -4.67472
0.095 -4.66468
0.096 -4.65467
0.097 -4.64468
0.098 -4.63471
0.099 -4.62476
0.1 -4.61484
0.101 -4.60495
0.102 -4.59507
0.103 -4.58523
0.104 -4.5754
0.105 -4.5656
0.106 -4.55583
0.107 -4.54608
0.108 -4.53635
0.109 -4.52665
0.11 -4.51697
0.111 -4.50732
0.112 -4.49769
0.113 -4.48808
0.114 -4.4785
0.115 -4.46895
0.116 -4.45942
0.117 -4.44991
0.118 -4.44043
0.119 -4.43097
0.12 -4.42154
0.121 -4.41213
0.122 -4.40275
0.123 -4.39339
0.124 -4.38405
0.125 -4.37474
0.126 -4.36546
0.127 -4.3562
0.128 -4.34696
0.129 -4.33775
0.13 -4.32856
0.131 -4.31939
0.132 -4.31025
0.133 -4.30114
0.134 -4.29205
0.135 -4.28298
0.136 -4.27393
0.137 -4.26491
0.138 -4.25592
0.139 -4.24694
0.14 -4.238
0.141 -4.22907
0.142 -4.22017
0.143 -4.21129
0.144 -4.20244
0.145 -4.1936
0.146 -4.1848
0.147 -4.17601
0.148 -4.16725
0.149 -4.15851
0.15 -4.14979
0.151 -4.1411
0.152 -4.13243
0.153 -4.12378
0.154 -4.11515
0.155 -4.10655
0.156 -4.09797
0.157 -4.08941
0.158 -4.08087
0.159 -4.07236
0.16 -4.06386
0.161 -4.05539
0.162 -4.04694
0.163 -4.03851
0.164 -4.03011
0.165 -4.02172
0.166 -4.01336
0.167 -4.00501
0.168 -3.99669
0.169 -3.98839
0.17 -3.98011
0.171 -3.97185
0.172 -3.96361
0.173 -3.95539
0.174 -3.94719
0.175 -3.93901
0.176 -3.93085
0.177 -3.92271
0.178 -3.91459
0.179 -3.90649
0.18 -3.89841
0.181 -3.89035
0.182 -3.8823
0.183 -3.87428
0.184 -3.86628
0.185 -3.85829
0.186 -3.85032
0.187 -3.84237
0.188 -3.83444
0.189 -3.82653
0.19 -3.81864
0.191 -3.81076
0.192 -3.8029
0.193 -3.79506
0.194 -3.78724
0.195 -3.77943
0.196 -3.77164
0.197 -3.76387
0.198 -3.75611
0.199 -3.74838
0.2 -3.74065
0.201 -3.73295
0.202 -3.72526
0.203 -3.71759
0.204 -3.70993
0.205 -3.70229
0.206 -3.69467
0.207 -3.68706
0.208 -3.67947
0.209 -3.67189
0.21 -3.66433
0.211 -3.65678
0.212 -3.64925
0.213 -3.64174
0.214 -3.63423
0.215 -3.62675
0.216 -3.61927
0.217 -3.61182
0.218 -3.60437
0.219 -3.59694
0.22 -3.58953
0.221 -3.58212
0.222 -3.57474
0.223 -3.56736
0.224 -3.56
0.225 -3.55265
0.226 -3.54532
0.227 -3.538
0.228 -3.53069
0.229 -3.52339
0.23 -3.51611
0.231 -3.50884
0.232 -3.50158
0.233 -3.49434
0.234 -3.4871
0.235 -3.47988
0.236 -3.47268
0.237 -3.46548
0.238 -3.45829
0.239 -3.45112
0.24 -3.44396
0.241 -3.43681
0.242 -3.42967
0.243 -3.42254
0.244 -3.41542
0.245 -3.40832
0.246 -3.40123
0.247 -3.39414
0.248 -3.38707
0.249 -3.38001
0.25 -3.37296
0.251 -3.36591
0.252 -3.35888
0.253 -3.35186
0.254 -3.34485
0.255 -3.33785
0.256 -3.33086
0.257 -3.32388
0.258 -3.31691
0.259 -3.30995
0.26 -3.303
0.261 -3.29606
0.262 -3.28913
0.263 -3.28221
0.264 -3.2753
0.265 -3.2684
0.266 -3.2615
0.267 -3.25462
0.268 -3.24774
0.269 -3.24088
0.27 -3.23402
0.271 -3.22717
0.272 -3.22033
0.273 -3.2135
0.274 -3.20668
0.275 -3.19987
0.276 -3.19307
0.277 -3.18627
0.278 -3.17949
0.279 -3.17271
0.28 -3.16594
0.281 -3.15918
0.282 -3.15243
0.283 -3.14569
0.284 -3.13895
0.285 -3.13223
0.286 -3.12551
0.287 -3.1188
0.288 -3.1121
0.289 -3.10541
0.29 -3.09872
0.291 -3.09205
0.292 -3.08538
0.293 -3.07872
0.294 -3.07207
0.295 -3.06543
0.296 -3.05879
0.297 -3.05217
0.298 -3.04555
0.299 -3.03894
0.3 -3.03234
0.301 -3.02575
0.302 -3.01916
0.303 -3.01259
0.304 -3.00602
0.305 -2.99946
0.306 -2.99291
0.307 -2.98636
0.308 -2.97983
0.309 -2.9733
0.31 -2.96678
0.311 -2.96027
0.312 -2.95377
0.313 -2.94728
0.314 -2.9408
0.315 -2.93432
0.316 -2.92785
0.317 -2.92139
0.318 -2.91494
0.319 -2.9085
0.32 -2.90206
0.321 -2.89564
0.322 -2.88922
0.323 -2.88281
0.324 -2.87641
0.325 -2.87002
0.326 -2.86364
0.327 -2.85727
0.328 -2.8509
0.329 -2.84454
0.33 -2.8382
0.331 -2.83186
0.332 -2.82553
0.333 -2.81921
0.334 -2.8129
0.335 -2.80659
0.336 -2.8003
0.337 -2.79401
0.338 -2.78774
0.339 -2.78147
0.34 -2.77521
0.341 -2.76896
0.342 -2.76272
0.343 -2.75649
0.344 -2.75027
0.345 -2.74406
0.346 -2.73786
0.347 -2.73166
0.348 -2.72548
0.349 -2.71931
0.35 -2.71314
0.351 -2.70698
0.352 -2.70084
0.353 -2.6947
0.354 -2.68857
0.355 -2.68246
0.356 -2.67635
0.357 -2.67025
0.358 -2.66416
0.359 -2.65808
0.36 -2.65201
0.361 -2.64595
0.362 -2.6399
0.363 -2.63386
0.364 -2.62783
0.365 -2.62181
0.366 -2.6158
0.367 -2.60979
0.368 -2.6038
0.369 -2.59782
0.37 -2.59185
0.371 -2.58589
0.372 -2.57993
0.373 -2.57399
0.374 -2.56806
0.375 -2.56214
0.376 -2.55622
0.377 -2.55032
0.378 -2.54443
0.379 -2.53854
0.38 -2.53267
0.381 -2.52681
0.382 -2.52095
0.383 -2.51511
0.384 -2.50928
0.385 -2.50345
0.386 -2.49764
0.387 -2.49183
0.388 -2.48604
0.389 -2.48026
0.39 -2.47448
0.391 -2.46872
0.392 -2.46296
0.393 -2.45722
0.394 -2.45148
0.395 -2.44576
0.396 -2.44004
0.397 -2.43433
0.398 -2.42864
0.399 -2.42295
0.4 -2.41727
0.401 -2.41161
0.402 -2.40595
0.403 -2.4003
0.404 -2.39466
0.405 -2.38903
0.406 -2.38341
0.407 -2.3778
0.408 -2.3722
0.409 -2.36661
0.41 -2.36103
0.411 -2.35545
0.412 -2.34989
0.413 -2.34433
0.414 -2.33879
0.415 -2.33325
0.416 -2.32772
0.417 -2.3222
0.418 -2.31669
0.419 -2.31119
0.42 -2.3057
0.421 -2.30021
0.422 -2.29474
0.423 -2.28927
0.424 -2.28381
0.425 -2.27836
0.426 -2.27292
0.427 -2.26749
0.428 -2.26207
0.429 -2.25665
0.43 -2.25124
0.431 -2.24584
0.432 -2.24045
0.433 -2.23506
0.434 -2.22969
0.435 -2.22432
0.436 -2.21896
0.437 -2.2136
0.438 -2.20826
0.439 -2.20292
0.44 -2.19758
0.441 -2.19226
0.442 -2.18694
0.443 -2.18163
0.444 -2.17633
0.445 -2.17103
0.446 -2.16574
0.447 -2.16046
0.448 -2.15519
0.449 -2.14992
0.45 -2.14465
0.451 -2.1394
0.452 -2.13414
0.453 -2.1289
0.454 -2.12366
0.455 -2.11843
0.456 -2.1132
0.457 -2.10798
0.458 -2.10277
0.459 -2.09756
0.46 -2.09235
0.461 -2.08715
0.462 -2.08196
0.463 -2.07677
0.464 -2.07158
0.465 -2.0664
0.466 -2.06123
0.467 -2.05606
0.468 -2.05089
0.469 -2.04573
0.47 -2.04058
0.471 -2.03542
0.472 -2.03028
0.473 -2.02513
0.474 -2.01999
0.475 -2.01485
0.476 -2.00972
0.477 -2.00459
0.478 -1.99946
0.479 -1.99434
0.48 -1.98922
0.481 -1.9841
0.482 -1.97899
0.483 -1.97388
0.484 -1.96877
0.485 -1.96366
0.486 -1.95856
0.487 -1.95346
0.488 -1.94836
0.489 -1.94326
0.49 -1.93816
0.491 -1.93307
0.492 -1.92797
0.493 -1.92288
0.494 -1.91779
0.495 -1.9127
0.496 -1.90762
0.497 -1.90253
0.498 -1.89744
0.499 -1.89236
0.5 -1.88727
0.501 -1.88219
0.502 -1.8771
0.503 -1.87202
0.504 -1.86693
0.505 -1.86185
0.506 -1.85677
0.507 -1.85168
0.508 -1.84659
0.509 -1.84151
0.51 -1.83642
0.511 -1.83133
0.512 -1.82624
0.513 -1.82115
0.514 -1.81606
0.515 -1.81097
0.516 -1.80587
0.517 -1.80078
0.518 -1.79568
0.519 -1.79058
0.52 -1.78547
0.521 -1.78037
0.522 -1.77526
0.523 -1.77015
0.524 -1.76504
0.525 -1.75992
0.526 -1.7548
0.527 -1.74968
0.528 -1.74455
0.529 -1.73943
0.53 -1.73429
0.531 -1.72916
0.532 -1.72402
0.533 -1.71887
0.534 -1.71372
0.535 -1.70857
0.536 -1.70341
0.537 -1.69825
0.538 -1.69308
0.539 -1.68791
0.54 -1.68274
0.541 -1.67755
0.542 -1.67237
0.543 -1.66717
0.544 -1.66198
0.545 -1.65677
0.546 -1.65156
0.547 -1.64635
0.548 -1.64113
0.549 -1.6359
0.55 -1.63066
0.551 -1.62542
0.552 -1.62017
0.553 -1.61492
0.554 -1.60966
0.555 -1.60439
0.556 -1.59911
0.557 -1.59383
0.558 -1.58854
0.559 -1.58324
0.56 -1.57794
0.561 -1.57262
0.562 -1.5673
0.563 -1.56197
0.564 -1.55663
0.565 -1.55129
0.566 -1.54593
0.567 -1.54057
0.568 -1.5352
0.569 -1.52982
0.57 -1.52443
0.571 -1.51903
0.572 -1.51362
0.573 -1.5082
0.574 -1.50277
0.575 -1.49733
0.576 -1.49189
0.577 -1.48643
0.578 -1.48096
0.579 -1.47549
0.58 -1.47
0.581 -1.4645
0.582 -1.45899
0.583 -1.45348
0.584 -1.44795
0.585 -1.44241
0.586 -1.43686
0.587 -1.43129
0.588 -1.42572
0.589 -1.42014
0.59 -1.41454
0.591 -1.40894
0.592 -1.40332
0.593 -1.39769
0.594 -1.39205
0.595 -1.38639
0.596 -1.38073
0.597 -1.37505
0.598 -1.36937
0.599 -1.36366
0.6 -1.35795
0.601 -1.35223
0.602 -1.34649
0.603 -1.34074
0.604 -1.33498
0.605 -1.32921
0.606 -1.32342
0.607 -1.31762
0.608 -1.31181
0.609 -1.30598
0.61 -1.30015
0.611 -1.2943
0.612 -1.28843
0.613 -1.28256
0.614 -1.27667
0.615 -1.27077
0.616 -1.26485
0.617 -1.25893
0.618 -1.25299
0.619 -1.24703
0.62 -1.24107
0.621 -1.23509
0.622 -1.2291
0.623 -1.22309
0.624 -1.21707
0.625 -1.21104
0.626 -1.205
0.627 -1.19894
0.628 -1.19287
0.629 -1.18679
0.63 -1.1807
0.631 -1.17459
0.632 -1.16847
0.633 -1.16233
0.634 -1.15619
0.635 -1.15003
0.636 -1.14386
0.637 -1.13767
0.638 -1.13148
0.639 -1.12527
0.64 -1.11905
0.641 -1.11282
0.642 -1.10658
0.643 -1.10032
0.644 -1.09405
0.645 -1.08777
0.646 -1.08148
0.647 -1.07518
0.648 -1.06887
0.649 -1.06255
0.65 -1.05621
0.651 -1.04987
0.652 -1.04351
0.653 -1.03715
0.654 -1.03077
0.655 -1.02439
0.656 -1.01799
0.657 -1.01159
0.658 -1.00518
0.659 -0.998753
0.66 -0.992323
0.661 -0.985884
0.662 -0.979437
0.663 -0.972982
0.664 -0.96652
0.665 -0.960051
0.666 -0.953574
0.667 -0.947092
0.668 -0.940603
0.669 -0.934108
0.67 -0.927607
0.671 -0.921102
0.672 -0.914591
0.673 -0.908076
0.674 -0.901558
0.675 -0.895035
0.676 -0.88851
0.677 -0.881981
0.678 -0.875451
0.679 -0.868918
0.68 -0.862384
0.681 -0.85585
0.682 -0.849315
0.683 -0.842779
0.684 -0.836245
0.685 -0.829712
0.686 -0.82318
0.687 -0.81665
0.688 -0.810124
0.689 -0.8036
0.69 -0.797081
0.691 -0.790566
0.692 -0.784056
0.693 -0.777552
0.694 -0.771055
0.695 -0.764564
0.696 -0.758081
0.697 -0.751607
0.698 -0.745142
0.699 -0.738686
0.7 -0.732241
0.701 -0.725808
0.702 -0.719386
0.703 -0.712977
0.704 -0.706582
0.705 -0.700201
0.706 -0.693835
0.707 -0.687485
0.708 -0.681152
0.709 -0.674836
0.71 -0.668538
0.711 -0.66226
0.712 -0.656002
0.713 -0.649766
0.714 -0.643551
0.715 -0.637358
0.716 -0.63119
0.717 -0.625046
0.718 -0.618928
0.719 -0.612837
0.72 -0.606773
0.721 -0.600738
0.722 -0.594732
0.723 -0.588757
0.724 -0.582813
0.725 -0.576902
0.726 -0.571024
0.727 -0.565181
0.728 -0.559374
0.729 -0.553604
0.73 -0.547871
0.731 -0.542178
0.732 -0.536524
0.733 -0.530912
0.734 -0.525342
0.735 -0.519815
0.736 -0.514333
0.737 -0.508896
0.738 -0.503506
0.739 -0.498164
0.74 -0.492871
0.741 -0.487628
0.742 -0.482437
0.743 -0.477298
0.744 -0.472213
0.745 -0.467183
0.746 -0.462209
0.747 -0.457292
0.748 -0.452434
0.749 -0.447635
0.75 -0.442898
0.751 -0.438222
0.752 -0.43361
0.753 -0.429062
0.754 -0.424579
0.755 -0.420164
0.756 -0.415817
0.757 -0.411539
0.758 -0.407331
0.759 -0.403195
0.76 -0.399132
0.761 -0.395143
0.762 -0.391229
0.763 -0.387392
0.764 -0.383632
0.765 -0.379951
0.766 -0.37635
0.767 -0.37283
0.768 -0.369392
0.769 -0.366038
0.77 -0.362768
0.771 -0.359584
0.772 -0.356486
0.773 -0.353477
0.774 -0.350556
0.775 -0.347726
0.776 -0.344987
0.777 -0.34234
0.778 -0.339786
0.779 -0.337327
0.78 -0.334963
0.781 -0.332695
0.782 -0.330525
0.783 -0.328454
0.784 -0.326482
0.785 -0.32461
0.786 -0.322839
0.787 -0.321171
0.788 -0.319606
0.789 -0.318144
0.79 -0.316788
0.791 -0.315538
0.792 -0.314394
0.793 -0.313357
0.794 -0.312429
0.795 -0.31161
0.796 -0.310901
0.797 -0.310302
0.798 -0.309815
0.799 -0.309439
0.8 -0.309176
0.801 -0.309026
0.802 -0.308991
0.803 -0.309069
0.804 -0.309263
0.805 -0.309573
0.806 -0.309999
0.807 -0.310541
0.808 -0.311201
0.809 -0.311978
0.81 -0.312874
0.811 -0.313888
0.812 -0.315021
0.813 -0.316274
0.814 -0.317646
0.815 -0.319138
0.816 -0.32075
0.817 -0.322483
0.818 -0.324337
0.819 -0.326311
0.82 -0.328407
0.821 -0.330624
0.822 -0.332963
0.823 -0.335423
0.824 -0.338004
0.825 -0.340708
0.826 -0.343533
0.827 -0.346479
0.828 -0.349548
0.829 -0.352738
0.83 -0.356049
0.831 -0.359482
0.832 -0.363036
0.833 -0.366711
0.834 -0.370507
0.835 -0.374424
0.836 -0.378461
0.837 -0.382619
0.838 -0.386896
0.839 -0.391292
0.84 -0.395808
0.841 -0.400443
0.842 -0.405196
0.843 -0.410067
0.844 -0.415055
0.845 -0.42016
0.846 -0.425382
0.847 -0.43072
0.848 -0.436173
0.849 -0.441741
0.85 -0.447423
0.851 -0.453218
0.852 -0.459127
0.853 -0.465147
0.854 -0.471279
0.855 -0.477522
0.856 -0.483875
0.857 -0.490337
0.858 -0.496908
0.859 -0.503586
0.86 -0.510371
0.861 -0.517262
0.862 -0.524258
0.863 -0.531358
0.864 -0.538562
0.865 -0.545867
0.866 -0.553274
0.867 -0.560781
0.868 -0.568388
0.869 -0.576093
0.87 -0.583895
0.871 -0.591793
0.872 -0.599787
0.873 -0.607874
0.874 -0.616055
0.875 -0.624327
0.876 -0.63269
0.877 -0.641143
0.878 -0.649684
0.879 -0.658312
0.88 -0.667026
0.881 -0.675826
0.882 -0.684708
0.883 -0.693674
0.884 -0.70272
0.885 -0.711846
0.886 -0.721051
0.887 -0.730334
0.888 -0.739692
0.889 -0.749126
0.89 -0.758633
0.891 -0.768212
0.892 -0.777862
0.893 -0.787582
0.894 -0.79737
0.895 -0.807225
0.896 -0.817146
0.897 -0.827131
0.898 -0.837179
0.899 -0.847288
0.9 -0.857458
0.901 -0.867687
0.902 -0.877974
0.903 -0.888317
0.904 -0.898714
0.905 -0.909165
0.906 -0.919669
0.907 -0.930223
0.908 -0.940827
0.909 -0.951479
0.91 -0.962177
0.911 -0.972921
0.912 -0.983709
0.913 -0.99454
0.914 -1.00541
0.915 -1.01632
0.916 -1.02728
0.917 -1.03826
0.918 -1.04929
0.919 -1.06035
0.92 -1.07144
0.921 -1.08257
0.922 -1.09372
0.923 -1.10491
0.924 -1.11612
0.925 -1.12736
0.926 -1.13863
0.927 -1.14992
0.928 -1.16123
0.929 -1.17257
0.93 -1.18392
0.931 -1.1953
0.932 -1.20669
0.933 -1.21811
0.934 -1.22953
0.935 -1.24097
0.936 -1.25243
0.937 -1.2639
0.938 -1.27538
0.939 -1.28687
0.94 -1.29837
0.941 -1.30987
0.942 -1.32139
0.943 -1.3329
0.944 -1.34443
0.945 -1.35596
0.946 -1.36748
0.947 -1.37902
0.948 -1.39055
0.949 -1.40208
0.95 -1.41361
0.951 -1.42514
0.952 -1.43666
0.953 -1.44818
0.954 -1.45969
0.955 -1.4712
0.956 -1.4827
0.957 -1.49419
0.958 -1.50567
0.959 -1.51715
0.96 -1.52861
0.961 -1.54006
0.962 -1.5515
0.963 -1.56293
0.964 -1.57434
0.965 -1.58573
0.966 -1.59712
0.967 -1.60848
0.968 -1.61983
0.969 -1.63116
0.97 -1.64247
0.971 -1.65377
0.972 -1.66504
0.973 -1.67629
0.974 -1.68752
0.975 -1.69873
0.976 -1.70992
0.977 -1.72109
0.978 -1.73223
0.979 -1.74334
0.98 -1.75444
0.981 -1.7655
0.982 -1.77654
0.983 -1.78756
0.984 -1.79855
0.985 -1.80951
0.986 -1.82044
0.987 -1.83135
0.988 -1.84222
0.989 -1.85307
0.99 -1.86389
0.991 -1.87468
0.992 -1.88543
0.993 -1.89616
0.994 -1.90685
0.995 -1.91752
0.996 -1.92815
0.997 -1.93875
0.998 -1.94932
0.999 -1.95985
1 -1.97035
1.001 -10
