0 0
0.001 0.509448
0.002 0.514702
0.003 0.519954
0.004 0.525205
0.005 0.530455
0.006 0.535703
0.007 0.54095
0.008 0.546195
0.009 0.551437
0.01 0.556678
0.011 0.561916
0.012 0.567152
0.013 0.572386
0.014 0.577617
0.015 0.582845
0.016 0.58807
0.017 0.593292
0.018 0.59851
0.019 0.603726
0.02 0.608938
0.021 0.614146
0.022 0.619351
0.023 0.624552
0.024 0.629748
0.025 0.634941
0.026 0.640129
0.027 0.645313
0.028 0.650492
0.029 0.655667
0.03 0.660837
0.031 0.666002
0.032 0.671161
0.033 0.676316
0.034 0.681465
0.035 0.686609
0.036 0.691747
0.037 0.69688
0.038 0.702006
0.039 0.707127
0.04 0.712242
0.041 0.71735
0.042 0.722452
0.043 0.727548
0.044 0.732637
0.045 0.73772
0.046 0.742796
0.047 0.747865
0.048 0.752927
0.049 0.757982
0.05 0.76303
0.051 0.76807
0.052 0.773103
0.053 0.778129
0.054 0.783147
0.055 0.788157
0.056 0.79316
0.057 0.798155
0.058 0.803142
0.059 0.808121
0.06 0.813092
0.061 0.818054
0.062 0.823009
0.063 0.827955
0.064 0.832892
0.065 0.837821
0.066 0.842742
0.067 0.847654
0.068 0.852557
0.069 0.857452
0.07 0.862338
0.071 0.867215
0.072 0.872083
0.073 0.876942
0.074 0.881792
0.075 0.886633
0.076 0.891464
0.077 0.896287
0.078 0.901101
0.079 0.905905
0.08 0.9107
0.081 0.915486
0.082 0.920262
0.083 0.925029
0.084 0.929787
0.085 0.934535
0.086 0.939274
0.087 0.944003
0.088 0.948723
0.089 0.953434
0.09 0.958135
0.091 0.962827
0.092 0.967509
0.093 0.972181
0.094 0.976844
0.095 0.981498
0.096 0.986142
0.097 0.990777
0.098 0.995402
0.099 1.00002
0.1 1.00462
0.101 1.00922
0.102 1.01381
0.103 1.01839
0.104 1.02296
0.105 1.02752
0.106 1.03207
0.107 1.03661
0.108 1.04114
0.109 1.04566
0.11 1.05017
0.111 1.05468
0.112 1.05917
0.113 1.06366
0.114 1.06814
0.115 1.07261
0.116 1.07706
0.117 1.08152
0.118 1.08596
0.119 1.09039
0.12 1.09481
0.121 1.09923
0.122 1.10364
0.123 1.10804
0.124 1.11243
0.125 1.11681
0.126 1.12118
0.127 1.12555
0.128 1.1299
0.129 1.13425
0.13 1.13859
0.131 1.14292
0.132 1.14725
0.133 1.15157
0.134 1.15587
0.135 1.16018
0.136 1.16447
0.137 1.16876
0.138 1.17303
0.139 1.17731
0.14 1.18157
0.141 1.18583
0.142 1.19008
0.143 1.19432
0.144 1.19856
0.145 1.20278
0.146 1.20701
0.147 1.21122
0.148 1.21543
0.149 1.21963
0.15 1.22383
0.151 1.22802
0.152 1.2322
0.153 1.23638
0.154 1.24055
0.155 1.24472
0.156 1.24887
0.157 1.25303
0.158 1.25718
0.159 1.26132
0.16 1.26545
0.161 1.26959
0.162 1.27371
0.163 1.27783
0.164 1.28195
0.165 1.28606
0.166 1.29016
0.167 1.29426
0.168 1.29836
0.169 1.30245
0.17 1.30654
0.171 1.31062
0.172 1.3147
0.173 1.31877
0.174 1.32284
0.175 1.32691
0.176 1.33097
0.177 1.33503
0.178 1.33908
0.179 1.34314
0.18 1.34718
0.181 1.35123
0.182 1.35527
0.183 1.3593
0.184 1.36334
0.185 1.36737
0.186 1.3714
0.187 1.37542
0.188 1.37945
0.189 1.38347
0.19 1.38749
0.191 1.3915
0.192 1.39551
0.193 1.39953
0.194 1.40353
0.195 1.40754
0.196 1.41155
0.197 1.41555
0.198 1.41955
0.199 1.42355
0.2 1.42755
0.201 1.43155
0.202 1.43554
0.203 1.43954
0.204 1.44353
0.205 1.44752
0.206 1.45152
0.207 1.45551
0.208 1.4595
0.209 1.46349
0.21 1.46748
0.211 1.47147
0.212 1.47546
0.213 1.47945
0.214 1.48343
0.215 1.48742
0.216 1.49141
0.217 1.4954
0.218 1.49939
0.219 1.50338
0.22 1.50737
0.221 1.51136
0.222 1.51535
0.223 1.51935
0.224 1.52334
0.225 1.52734
0.226 1.53133
0.227 1.53533
0.228 1.53933
0.229 1.54333
0.23 1.54733
0.231 1.55133
0.232 1.55534
0.233 1.55934
0.234 1.56335
0.235 1.56736
0.236 1.57137
0.237 1.57539
0.238 1.5794
0.239 1.58342
0.24 1.58745
0.241 1.59147
0.242 1.5955
0.243 1.59952
0.244 1.60356
0.245 1.60759
0.246 1.61163
0.247 1.61567
0.248 1.61971
0.249 1.62376
0.25 1.62781
0.251 1.63187
0.252 1.63592
0.253 1.63998
0.254 1.64405
0.255 1.64812
0.256 1.65219
0.257 1.65626
0.258 1.66034
0.259 1.66442
0.26 1.66851
0.261 1.6726
0.262 1.6767
0.263 1.6808
0.264 1.6849
0.265 1.68901
0.266 1.69312
0.267 1.69724
0.268 1.70136
0.269 1.70549
0.27 1.70962
0.271 1.71376
0.272 1.7179
0.273 1.72205
0.274 1.7262
0.275 1.73035
0.276 1.73451
0.277 1.73868
0.278 1.74285
0.279 1.74703
0.28 1.75121
0.281 1.7554
0.282 1.75959
0.283 1.76379
0.284 1.76799
0.285 1.7722
0.286 1.77641
0.287 1.78063
0.288 1.78486
0.289 1.78909
0.29 1.79333
0.291 1.79757
0.292 1.80182
0.293 1.80607
0.294 1.81033
0.295 1.8146
0.296 1.81887
0.297 1.82315
0.298 1.82743
0.299 1.83172
0.3 1.83602
0.301 1.84032
0.302 1.84463
0.303 1.84895
0.304 1.85327
0.305 1.85759
0.306 1.86193
0.307 1.86627
0.308 1.87061
0.309 1.87496
0.31 1.87932
0.311 1.88369
0.312 1.88806
0.313 1.89244
0.314 1.89682
0.315 1.90121
0.316 1.90561
0.317 1.91001
0.318 1.91442
0.319 1.91883
0.32 1.92326
0.321 1.92768
0.322 1.93212
0.323 1.93656
0.324 1.94101
0.325 1.94546
0.326 1.94992
0.327 1.95439
0.328 1.95886
0.329 1.96334
0.33 1.96783
0.331 1.97232
0.332 1.97682
0.333 1.98133
0.334 1.98584
0.335 1.99036
0.336 1.99489
0.337 1.99942
0.338 2.00396
0.339 2.0085
0.34 2.01305
0.341 2.01761
0.342 2.02218
0.343 2.02675
0.344 2.03132
0.345 2.03591
0.346 2.0405
0.347 2.04509
0.348 2.0497
0.349 2.0543
0.35 2.05892
0.351 2.06354
0.352 2.06817
0.353 2.0728
0.354 2.07745
0.355 2.08209
0.356 2.08675
0.357 2.09141
0.358 2.09607
0.359 2.10075
0.36 2.10542
0.361 2.11011
0.362 2.1148
0.363 2.1195
0.364 2.1242
0.365 2.12891
0.366 2.13363
0.367 2.13835
0.368 2.14308
0.369 2.14782
0.37 2.15256
0.371 2.15731
0.372 2.16206
0.373 2.16682
0.374 2.17159
0.375 2.17636
0.376 2.18114
0.377 2.18593
0.378 2.19072
0.379 2.19552
0.38 2.20032
0.381 2.20513
0.382 2.20995
0.383 2.21477
0.384 2.2196
0.385 2.22444
0.386 2.22928
0.387 2.23413
0.388 2.23898
0.389 2.24384
0.39 2.24871
0.391 2.25359
0.392 2.25847
0.393 2.26335
0.394 2.26824
0.395 2.27314
0.396 2.27805
0.397 2.28296
0.398 2.28788
0.399 2.2928
0.4 2.29773
0.401 2.30267
0.402 2.30762
0.403 2.31257
0.404 2.31752
0.405 2.32249
0.406 2.32746
0.407 2.33244
0.408 2.33742
0.409 2.34241
0.41 2.34741
0.411 2.35241
0.412 2.35742
0.413 2.36244
0.414 2.36746
0.415 2.3725
0.416 2.37753
0.417 2.38258
0.418 2.38763
0.419 2.39269
0.42 2.39776
0.421 2.40283
0.422 2.40791
0.423 2.413
0.424 2.4181
0.425 2.4232
0.426 2.42831
0.427 2.43343
0.428 2.43855
0.429 2.44369
0.43 2.44883
0.431 2.45398
0.432 2.45913
0.433 2.4643
0.434 2.46947
0.435 2.47465
0.436 2.47984
0.437 2.48504
0.438 2.49024
0.439 2.49545
0.44 2.50067
0.441 2.5059
0.442 2.51114
0.443 2.51639
0.444 2.52165
0.445 2.52691
0.446 2.53218
0.447 2.53746
0.448 2.54276
0.449 2.54806
0.45 2.55337
0.451 2.55868
0.452 2.56401
0.453 2.56935
0.454 2.5747
0.455 2.58006
0.456 2.58542
0.457 2.5908
0.458 2.59619
0.459 2.60158
0.46 2.60699
0.461 2.61241
0.462 2.61784
0.463 2.62328
0.464 2.62872
0.465 2.63418
0.466 2.63966
0.467 2.64514
0.468 2.65063
0.469 2.65614
0.47 2.66165
0.471 2.66718
0.472 2.67272
0.473 2.67827
0.474 2.68383
0.475 2.68941
0.476 2.695
0.477 2.7006
0.478 2.70621
0.479 2.71183
0.48 2.71747
0.481 2.72312
0.482 2.72879
0.483 2.73446
0.484 2.74015
0.485 2.74586
0.486 2.75158
0.487 2.75731
0.488 2.76305
0.489 2.76881
0.49 2.77459
0.491 2.78038
0.492 2.78618
0.493 2.792
0.494 2.79783
0.495 2.80368
0.496 2.80954
0.497 2.81542
0.498 2.82132
0.499 2.82723
0.5 2.83316
0.501 2.8391
0.502 2.84506
0.503 2.85104
0.504 2.85703
0.505 2.86304
0.506 2.86907
0.507 2.87511
0.508 2.88118
0.509 2.88726
0.51 2.89335
0.511 2.89947
0.512 2.90561
0.513 2.91176
0.514 2.91793
0.515 2.92412
0.516 2.93033
0.517 2.93656
0.518 2.94281
0.519 2.94908
0.52 2.95537
0.521 2.96168
0.522 2.96801
0.523 2.97436
0.524 2.98074
0.525 2.98713
0.526 2.99354
0.527 2.99998
0.528 3.00644
0.529 3.01292
0.53 3.01942
0.531 3.02595
0.532 3.0325
0.533 3.03907
0.534 3.04566
0.535 3.05228
0.536 3.05892
0.537 3.06559
0.538 3.07228
0.539 3.07899
0.54 3.08573
0.541 3.0925
0.542 3.09929
0.543 3.10611
0.544 3.11295
0.545 3.11982
0.546 3.12671
0.547 3.13363
0.548 3.14058
0.549 3.14755
0.55 3.15456
0.551 3.16159
0.552 3.16865
0.553 3.17573
0.554 3.18285
0.555 3.18999
0.556 3.19716
0.557 3.20437
0.558 3.2116
0.559 3.21886
0.56 3.22616
0.561 3.23348
0.562 3.24083
0.563 3.24822
0.564 3.25564
0.565 3.26308
0.566 3.27057
0.567 3.27808
0.568 3.28562
0.569 3.2932
0.57 3.30081
0.571 3.30846
0.572 3.31614
0.573 3.32385
0.574 3.3316
0.575 3.33939
0.576 3.3472
0.577 3.35506
0.578 3.36295
0.579 3.37087
0.58 3.37883
0.581 3.38683
0.582 3.39487
0.583 3.40294
0.584 3.41105
0.585 3.4192
0.586 3.42739
0.587 3.43561
0.588 3.44388
0.589 3.45218
0.59 3.46053
0.591 3.46891
0.592 3.47733
0.593 3.4858
0.594 3.4943
0.595 3.50285
0.596 3.51144
0.597 3.52007
0.598 3.52874
0.599 3.53746
0.6 3.54622
0.601 3.55502
0.602 3.56386
0.603 3.57275
0.604 3.58168
0.605 3.59066
0.606 3.59968
0.607 3.60875
0.608 3.61787
0.609 3.62703
0.61 3.63623
0.611 3.64548
0.612 3.65478
0.613 3.66413
0.614 3.67352
0.615 3.68296
0.616 3.69245
0.617 3.70199
0.618 3.71158
0.619 3.72122
0.62 3.7309
0.621 3.74064
0.622 3.75042
0.623 3.76026
0.624 3.77015
0.625 3.78009
0.626 3.79008
0.627 3.80012
0.628 3.81021
0.629 3.82036
0.63 3.83055
0.631 3.8408
0.632 3.85111
0.633 3.86147
0.634 3.87188
0.635 3.88234
0.636 3.89286
0.637 3.90344
0.638 3.91406
0.639 3.92475
0.64 3.93549
0.641 3.94628
0.642 3.95713
0.643 3.96804
0.644 3.979
0.645 3.99002
0.646 4.0011
0.647 4.01223
0.648 4.02342
0.649 4.03467
0.65 4.04598
0.651 4.05734
0.652 4.06876
0.653 4.08024
0.654 4.09178
0.655 4.10338
0.656 4.11504
0.657 4.12675
0.658 4.13853
0.659 4.15036
0.66 4.16225
0.661 4.1742
0.662 4.18622
0.663 4.19829
0.664 4.21042
0.665 4.22261
0.666 4.23487
0.667 4.24718
0.668 4.25955
0.669 4.27198
0.67 4.28448
0.671 4.29703
0.672 4.30964
0.673 4.32232
0.674 4.33505
0.675 4.34785
0.676 4.36071
0.677 4.37362
0.678 4.3866
0.679 4.39963
0.68 4.41273
0.681 4.42589
0.682 4.43911
0.683 4.45238
0.684 4.46572
0.685 4.47912
0.686 4.49257
0.687 4.50609
0.688 4.51967
0.689 4.5333
0.69 4.54699
0.691 4.56075
0.692 4.57456
0.693 4.58843
0.694 4.60235
0.695 4.61634
0.696 4.63038
0.697 4.64448
0.698 4.65863
0.699 4.67285
0.7 4.68711
0.701 4.70144
0.702 4.71582
0.703 4.73025
0.704 4.74474
0.705 4.75928
0.706 4.77388
0.707 4.78853
0.708 4.80323
0.709 4.81799
0.71 4.83279
0.711 4.84765
0.712 4.86256
0.713 4.87752
0.714 4.89252
0.715 4.90758
0.716 4.92268
0.717 4.93784
0.718 4.95304
0.719 4.96828
0.72 4.98357
0.721 4.99891
0.722 5.01429
0.723 5.02971
0.724 5.04517
0.725 5.06068
0.726 5.07623
0.727 5.09181
0.728 5.10744
0.729 5.12311
0.73 5.13881
0.731 5.15455
0.732 5.17032
0.733 5.18613
0.734 5.20198
0.735 5.21785
0.736 5.23376
0.737 5.2497
0.738 5.26567
0.739 5.28167
0.74 5.29769
0.741 5.31374
0.742 5.32982
0.743 5.34592
0.744 5.36205
0.745 5.3782
0.746 5.39436
0.747 5.41055
0.748 5.42676
0.749 5.44298
0.75 5.45923
0.751 5.47548
0.752 5.49175
0.753 5.50803
0.754 5.52433
0.755 5.54063
0.756 5.55694
0.757 5.57326
0.758 5.58959
0.759 5.60592
0.76 5.62226
0.761 5.63859
0.762 5.65493
0.763 5.67127
0.764 5.6876
0.765 5.70393
0.766 5.72026
0.767 5.73658
0.768 5.7529
0.769 5.7692
0.77 5.78549
0.771 5.80178
0.772 5.81805
0.773 5.8343
0.774 5.85054
0.775 5.86676
0.776 5.88296
0.777 5.89915
0.778 5.91531
0.779 5.93144
0.78 5.94756
0.781 5.96364
0.782 5.9797
0.783 5.99573
0.784 6.01173
0.785 6.02769
0.786 6.04363
0.787 6.05953
0.788 6.07539
0.789 6.09121
0.79 6.107
0.791 6.12274
0.792 6.13844
0.793 6.1541
0.794 6.16971
0.795 6.18528
0.796 6.20079
0.797 6.21626
0.798 6.23168
0.799 6.24705
0.8 6.26236
0.801 6.27762
0.802 6.29282
0.803 6.30796
0.804 6.32304
0.805 6.33807
0.806 6.35303
0.807 6.36793
0.808 6.38276
0.809 6.39753
0.81 6.41224
0.811 6.42687
0.812 6.44143
0.813 6.45593
0.814 6.47035
0.815 6.4847
0.816 6.49897
0.817 6.51317
0.818 6.52729
0.819 6.54134
0.82 6.5553
0.821 6.56919
0.822 6.58299
0.823 6.59671
0.824 6.61035
0.825 6.62391
0.826 6.63737
0.827 6.65076
0.828 6.66405
0.829 6.67726
0.83 6.69038
0.831 6.7034
0.832 6.71634
0.833 6.72918
0.834 6.74194
0.835 6.75459
0.836 6.76716
0.837 6.77963
0.838 6.792
0.839 6.80428
0.84 6.81645
0.841 6.82854
0.842 6.84052
0.843 6.8524
0.844 6.86418
0.845 6.87587
0.846 6.88745
0.847 6.89893
0.848 6.9103
0.849 6.92158
0.85 6.93275
0.851 6.94382
0.852 6.95478
0.853 6.96564
0.854 6.9764
0.855 6.98705
0.856 6.99759
0.857 7.00803
0.858 7.01837
0.859 7.02859
0.86 7.03871
0.861 7.04873
0.862 7.05864
0.863 7.06844
0.864 7.07813
0.865 7.08772
0.866 7.0972
0.867 7.10658
0.868 7.11584
0.869 7.125
0.87 7.13405
0.871 7.143
0.872 7.15184
0.873 7.16057
0.874 7.1692
0.875 7.17771
0.876 7.18613
0.877 7.19443
0.878 7.20263
0.879 7.21073
0.88 7.21872
0.881 7.22661
0.882 7.23439
0.883 7.24206
0.884 7.24963
0.885 7.2571
0.886 7.26447
0.887 7.27173
0.888 7.27889
0.889 7.28595
0.89 7.2929
0.891 7.29976
0.892 7.30651
0.893 7.31317
0.894 7.31972
0.895 7.32618
0.896 7.33253
0.897 7.33879
0.898 7.34496
0.899 7.35102
0.9 7.35699
0.901 7.36286
0.902 7.36864
0.903 7.37433
0.904 7.37992
0.905 7.38542
0.906 7.39083
0.907 7.39614
0.908 7.40137
0.909 7.4065
0.91 7.41155
0.911 7.41651
0.912 7.42138
0.913 7.42616
0.914 7.43085
0.915 7.43546
0.916 7.43999
0.917 7.44443
0.918 7.44879
0.919 7.45307
0.92 7.45726
0.921 7.46138
0.922 7.46541
0.923 7.46937
0.924 7.47324
0.925 7.47704
0.926 7.48077
0.927 7.48441
0.928 7.48799
0.929 7.49148
0.93 7.49491
0.931 7.49826
0.932 7.50154
0.933 7.50475
0.934 7.50789
0.935 7.51095
0.936 7.51396
0.937 7.51689
0.938 7.51976
0.939 7.52256
0.94 7.52529
0.941 7.52796
0.942 7.53057
0.943 7.53311
0.944 7.5356
0.945 7.53802
0.946 7.54038
0.947 7.54268
0.948 7.54493
0.949 7.54711
0.95 7.54924
0.951 7.55131
0.952 7.55333
0.953 7.55529
0.954 7.5572
0.955 7.55905
0.956 7.56085
0.957 7.5626
0.958 7.5643
0.959 7.56595
0.96 7.56755
0.961 7.5691
0.962 7.5706
0.963 7.57206
0.964 7.57346
0.965 7.57483
0.966 7.57614
0.967 7.57742
0.968 7.57865
0.969 7.57983
0.97 7.58098
0.971 7.58208
0.972 7.58314
0.973 7.58416
0.974 7.58514
0.975 7.58608
0.976 7.58698
0.977 7.58785
0.978 7.58867
0.979 7.58946
0.98 7.59022
0.981 7.59094
0.982 7.59162
0.983 7.59227
0.984 7.59289
0.985 7.59347
0.986 7.59402
0.987 7.59454
0.988 7.59503
0.989 7.59549
0.99 7.59591
0.991 7.59631
0.992 7.59667
0.993 7.59701
0.994 7.59732
0.995 7.5976
0.996 7.59786
0.997 7.59809
0.998 7.59829
0.999 7.59847
1 7.59862
1.001 0
