0 5
0.001 3.34229
0.002 3.34006
0.003 3.33784
0.004 3.33562
0.005 3.33341
0.006 3.33121
0.007 3.32902
0.008 3.32683
0.009 3.32465
0.01 3.32247
0.011 3.3203
0.012 3.31814
0.013 3.31599
0.014 3.31385
0.015 3.31171
0.016 3.30958
0.017 3.30746
0.018 3.30535
0.019 3.30325
0.02 3.30116
0.021 3.29907
0.022 3.29699
0.023 3.29493
0.024 3.29287
0.025 3.29082
0.026 3.28878
0.027 3.28675
0.028 3.28473
0.029 3.28272
0.03 3.28072
0.031 3.27873
0.032 3.27675
0.033 3.27478
0.034 3.27283
0.035 3.27088
0.036 3.26894
0.037 3.26702
0.038 3.2651
0.039 3.2632
0.04 3.26131
0.041 3.25943
0.042 3.25756
0.043 3.25571
0.044 3.25387
0.045 3.25203
0.046 3.25022
0.047 3.24841
0.048 3.24662
0.049 3.24483
0.05 3.24307
0.051 3.24131
0.052 3.23957
0.053 3.23784
0.054 3.23613
0.055 3.23442
0.056 3.23274
0.057 3.23106
0.058 3.2294
0.059 3.22775
0.06 3.22612
0.061 3.2245
0.062 3.2229
0.063 3.22131
0.064 3.21973
0.065 3.21817
0.066 3.21663
0.067 3.2151
0.068 3.21358
0.069 3.21208
0.07 3.2106
0.071 3.20913
0.072 3.20767
0.073 3.20623
0.074 3.20481
0.075 3.2034
0.076 3.20201
0.077 3.20063
0.078 3.19927
0.079 3.19792
0.08 3.19659
0.081 3.19528
0.082 3.19399
0.083 3.1927
0.084 3.19144
0.085 3.19019
0.086 3.18896
0.087 3.18775
0.088 3.18655
0.089 3.18537
0.09 3.1842
0.091 3.18305
0.092 3.18192
0.093 3.18081
0.094 3.17971
0.095 3.17863
0.096 3.17756
0.097 3.17651
0.098 3.17548
0.099 3.17447
0.1 3.17347
0.101 3.17249
0.102 3.17153
0.103 3.17059
0.104 3.16966
0.105 3.16875
0.106 3.16785
0.107 3.16698
0.108 3.16611
0.109 3.16527
0.11 3.16445
0.111 3.16364
0.112 3.16285
0.113 3.16207
0.114 3.16131
0.115 3.16057
0.116 3.15985
0.117 3.15914
0.118 3.15845
0.119 3.15778
0.12 3.15712
0.121 3.15649
0.122 3.15586
0.123 3.15526
0.124 3.15467
0.125 3.1541
0.126 3.15354
0.127 3.153
0.128 3.15248
0.129 3.15198
0.13 3.15149
0.131 3.15102
0.132 3.15056
0.133 3.15012
0.134 3.1497
0.135 3.14929
0.136 3.1489
0.137 3.14852
0.138 3.14816
0.139 3.14782
0.14 3.14749
0.141 3.14718
0.142 3.14689
0.143 3.14661
0.144 3.14634
0.145 3.14609
0.146 3.14586
0.147 3.14564
0.148 3.14544
0.149 3.14525
0.15 3.14508
0.151 3.14492
0.152 3.14477
0.153 3.14464
0.154 3.14453
0.155 3.14443
0.156 3.14435
0.157 3.14428
0.158 3.14422
0.159 3.14418
0.16 3.14415
0.161 3.14413
0.162 3.14413
0.163 3.14415
0.164 3.14417
0.165 3.14422
0.166 3.14427
0.167 3.14434
0.168 3.14442
0.169 3.14451
0.17 3.14462
0.171 3.14474
0.172 3.14487
0.173 3.14502
0.174 3.14517
0.175 3.14534
0.176 3.14553
0.177 3.14572
0.178 3.14593
0.179 3.14615
0.18 3.14638
0.181 3.14662
0.182 3.14688
0.183 3.14714
0.184 3.14742
0.185 3.14771
0.186 3.14801
0.187 3.14832
0.188 3.14865
0.189 3.14898
0.19 3.14932
0.191 3.14968
0.192 3.15004
0.193 3.15042
0.194 3.15081
0.195 3.15121
0.196 3.15161
0.197 3.15203
0.198 3.15246
0.199 3.15289
0.2 3.15334
0.201 3.1538
0.202 3.15427
0.203 3.15474
0.204 3.15523
0.205 3.15572
0.206 3.15622
0.207 3.15674
0.208 3.15726
0.209 3.15779
0.21 3.15833
0.211 3.15888
0.212 3.15943
0.213 3.16
0.214 3.16057
0.215 3.16115
0.216 3.16174
0.217 3.16234
0.218 3.16295
0.219 3.16356
0.22 3.16418
0.221 3.16481
0.222 3.16545
0.223 3.1661
0.224 3.16675
0.225 3.16741
0.226 3.16807
0.227 3.16875
0.228 3.16943
0.229 3.17012
0.23 3.17081
0.231 3.17151
0.232 3.17222
0.233 3.17294
0.234 3.17366
0.235 3.17439
0.236 3.17512
0.237 3.17586
0.238 3.17661
0.239 3.17736
0.24 3.17812
0.241 3.17889
0.242 3.17966
0.243 3.18044
0.244 3.18122
0.245 3.18201
0.246 3.18281
0.247 3.18361
0.248 3.18441
0.249 3.18522
0.25 3.18604
0.251 3.18686
0.252 3.18769
0.253 3.18852
0.254 3.18936
0.255 3.1902
0.256 3.19105
0.257 3.1919
0.258 3.19276
0.259 3.19362
0.26 3.19449
0.261 3.19536
0.262 3.19623
0.263 3.19711
0.264 3.198
0.265 3.19889
0.266 3.19978
0.267 3.20068
0.268 3.20158
0.269 3.20248
0.27 3.20339
0.271 3.2043
0.272 3.20522
0.273 3.20614
0.274 3.20707
0.275 3.20799
0.276 3.20893
0.277 3.20986
0.278 3.2108
0.279 3.21174
0.28 3.21269
0.281 3.21364
0.282 3.21459
0.283 3.21554
0.284 3.2165
0.285 3.21746
0.286 3.21843
0.287 3.21939
0.288 3.22036
0.289 3.22134
0.29 3.22231
0.291 3.22329
0.292 3.22427
0.293 3.22525
0.294 3.22624
0.295 3.22723
0.296 3.22822
0.297 3.22921
0.298 3.2302
0.299 3.2312
0.3 3.2322
0.301 3.2332
0.302 3.23421
0.303 3.23521
0.304 3.23622
0.305 3.23723
0.306 3.23824
0.307 3.23925
0.308 3.24026
0.309 3.24128
0.31 3.2423
0.311 3.24332
0.312 3.24434
0.313 3.24536
0.314 3.24638
0.315 3.2474
0.316 3.24843
0.317 3.24945
0.318 3.25048
0.319 3.25151
0.32 3.25254
0.321 3.25357
0.322 3.2546
0.323 3.25563
0.324 3.25666
0.325 3.2577
0.326 3.25873
0.327 3.25976
0.328 3.2608
0.329 3.26183
0.33 3.26287
0.331 3.2639
0.332 3.26494
0.333 3.26598
0.334 3.26701
0.335 3.26805
0.336 3.26909
0.337 3.27012
0.338 3.27116
0.339 3.27219
0.34 3.27323
0.341 3.27427
0.342 3.2753
0.343 3.27634
0.344 3.27737
0.345 3.27841
0.346 3.27944
0.347 3.28047
0.348 3.28151
0.349 3.28254
0.35 3.28357
0.351 3.2846
0.352 3.28563
0.353 3.28666
0.354 3.28769
0.355 3.28872
0.356 3.28974
0.357 3.29077
0.358 3.29179
0.359 3.29282
0.36 3.29384
0.361 3.29486
0.362 3.29588
0.363 3.2969
0.364 3.29792
0.365 3.29893
0.366 3.29995
0.367 3.30096
0.368 3.30197
0.369 3.30298
0.37 3.30399
0.371 3.305
0.372 3.306
0.373 3.30701
0.374 3.30801
0.375 3.30901
0.376 3.31001
0.377 3.311
0.378 3.312
0.379 3.31299
0.38 3.31398
0.381 3.31497
0.382 3.31596
0.383 3.31694
0.384 3.31793
0.385 3.31891
0.386 3.31989
0.387 3.32086
0.388 3.32184
0.389 3.32281
0.39 3.32378
0.391 3.32475
0.392 3.32571
0.393 3.32667
0.394 3.32764
0.395 3.32859
0.396 3.32955
0.397 3.3305
0.398 3.33145
0.399 3.3324
0.4 3.33335
0.401 3.33429
0.402 3.33523
0.403 3.33617
0.404 3.33711
0.405 3.33804
0.406 3.33897
0.407 3.3399
0.408 3.34083
0.409 3.34175
0.41 3.34267
0.411 3.34359
0.412 3.3445
0.413 3.34542
0.414 3.34632
0.415 3.34723
0.416 3.34814
0.417 3.34904
0.418 3.34994
0.419 3.35083
0.42 3.35172
0.421 3.35261
0.422 3.3535
0.423 3.35439
0.424 3.35527
0.425 3.35615
0.426 3.35702
0.427 3.3579
0.428 3.35877
0.429 3.35963
0.43 3.3605
0.431 3.36136
0.432 3.36222
0.433 3.36307
0.434 3.36393
0.435 3.36478
0.436 3.36562
0.437 3.36647
0.438 3.36731
0.439 3.36815
0.44 3.36898
0.441 3.36981
0.442 3.37064
0.443 3.37147
0.444 3.3723
0.445 3.37312
0.446 3.37393
0.447 3.37475
0.448 3.37556
0.449 3.37637
0.45 3.37718
0.451 3.37798
0.452 3.37878
0.453 3.37958
0.454 3.38037
0.455 3.38117
0.456 3.38195
0.457 3.38274
0.458 3.38352
0.459 3.3843
0.46 3.38508
0.461 3.38586
0.462 3.38663
0.463 3.3874
0.464 3.38816
0.465 3.38893
0.466 3.38969
0.467 3.39044
0.468 3.3912
0.469 3.39195
0.47 3.3927
0.471 3.39345
0.472 3.39419
0.473 3.39493
0.474 3.39567
0.475 3.39641
0.476 3.39714
0.477 3.39787
0.478 3.39859
0.479 3.39932
0.48 3.40004
0.481 3.40076
0.482 3.40148
0.483 3.40219
0.484 3.4029
0.485 3.40361
0.486 3.40432
0.487 3.40502
0.488 3.40572
0.489 3.40642
0.49 3.40711
0.491 3.40781
0.492 3.4085
0.493 3.40918
0.494 3.40987
0.495 3.41055
0.496 3.41123
0.497 3.41191
0.498 3.41258
0.499 3.41326
0.5 3.41393
0.501 3.41459
0.502 3.41526
0.503 3.41592
0.504 3.41658
0.505 3.41724
0.506 3.4179
0.507 3.41855
0.508 3.4192
0.509 3.41985
0.51 3.42049
0.511 3.42114
0.512 3.42178
0.513 3.42242
0.514 3.42305
0.515 3.42369
0.516 3.42432
0.517 3.42495
0.518 3.42558
0.519 3.4262
0.52 3.42683
0.521 3.42745
0.522 3.42807
0.523 3.42868
0.524 3.4293
0.525 3.42991
0.526 3.43052
0.527 3.43113
0.528 3.43173
0.529 3.43234
0.53 3.43294
0.531 3.43354
0.532 3.43413
0.533 3.43473
0.534 3.43532
0.535 3.43591
0.536 3.4365
0.537 3.43709
0.538 3.43767
0.539 3.43826
0.54 3.43884
0.541 3.43942
0.542 3.43999
0.543 3.44057
0.544 3.44114
0.545 3.44171
0.546 3.44228
0.547 3.44285
0.548 3.44341
0.549 3.44398
0.55 3.44454
0.551 3.4451
0.552 3.44565
0.553 3.44621
0.554 3.44676
0.555 3.44731
0.556 3.44786
0.557 3.44841
0.558 3.44896
0.559 3.4495
0.56 3.45005
0.561 3.45059
0.562 3.45113
0.563 3.45166
0.564 3.4522
0.565 3.45273
0.566 3.45326
0.567 3.45379
0.568 3.45432
0.569 3.45485
0.57 3.45537
0.571 3.4559
0.572 3.45642
0.573 3.45694
0.574 3.45745
0.575 3.45797
0.576 3.45848
0.577 3.459
0.578 3.45951
0.579 3.46001
0.58 3.46052
0.581 3.46103
0.582 3.46153
0.583 3.46203
0.584 3.46253
0.585 3.46303
0.586 3.46353
0.587 3.46402
0.588 3.46451
0.589 3.465
0.59 3.46549
0.591 3.46598
0.592 3.46647
0.593 3.46695
0.594 3.46743
0.595 3.46791
0.596 3.46839
0.597 3.46887
0.598 3.46934
0.599 3.46982
0.6 3.47029
0.601 3.47076
0.602 3.47123
0.603 3.47169
0.604 3.47215
0.605 3.47262
0.606 3.47308
0.607 3.47353
0.608 3.47399
0.609 3.47444
0.61 3.4749
0.611 3.47535
0.612 3.47579
0.613 3.47624
0.614 3.47668
0.615 3.47713
0.616 3.47757
0.617 3.478
0.618 3.47844
0.619 3.47887
0.62 3.4793
0.621 3.47973
0.622 3.48016
0.623 3.48058
0.624 3.48101
0.625 3.48143
0.626 3.48184
0.627 3.48226
0.628 3.48267
0.629 3.48308
0.63 3.48349
0.631 3.4839
0.632 3.4843
0.633 3.4847
0.634 3.4851
0.635 3.48549
0.636 3.48588
0.637 3.48627
0.638 3.48666
0.639 3.48704
0.64 3.48742
0.641 3.4878
0.642 3.48817
0.643 3.48854
0.644 3.48891
0.645 3.48928
0.646 3.48964
0.647 3.49
0.648 3.49035
0.649 3.4907
0.65 3.49105
0.651 3.4914
0.652 3.49174
0.653 3.49207
0.654 3.49241
0.655 3.49274
0.656 3.49306
0.657 3.49338
0.658 3.4937
0.659 3.49401
0.66 3.49432
0.661 3.49463
0.662 3.49493
0.663 3.49522
0.664 3.49551
0.665 3.4958
0.666 3.49608
0.667 3.49636
0.668 3.49663
0.669 3.4969
0.67 3.49716
0.671 3.49741
0.672 3.49766
0.673 3.49791
0.674 3.49815
0.675 3.49838
0.676 3.49861
0.677 3.49883
0.678 3.49905
0.679 3.49926
0.68 3.49946
0.681 3.49966
0.682 3.49985
0.683 3.50003
0.684 3.50021
0.685 3.50038
0.686 3.50054
0.687 3.5007
0.688 3.50084
0.689 3.50098
0.69 3.50112
0.691 3.50124
0.692 3.50136
0.693 3.50147
0.694 3.50157
0.695 3.50166
0.696 3.50174
0.697 3.50182
0.698 3.50188
0.699 3.50194
0.7 3.50199
0.701 3.50202
0.702 3.50205
0.703 3.50207
0.704 3.50208
0.705 3.50208
0.706 3.50207
0.707 3.50205
0.708 3.50201
0.709 3.50197
0.71 3.50191
0.711 3.50185
0.712 3.50177
0.713 3.50168
0.714 3.50158
0.715 3.50147
0.716 3.50135
0.717 3.50121
0.718 3.50106
0.719 3.5009
0.72 3.50073
0.721 3.50054
0.722 3.50034
0.723 3.50012
0.724 3.4999
0.725 3.49966
0.726 3.4994
0.727 3.49913
0.728 3.49885
0.729 3.49855
0.73 3.49824
0.731 3.49791
0.732 3.49757
0.733 3.49721
0.734 3.49683
0.735 3.49645
0.736 3.49604
0.737 3.49562
0.738 3.49518
0.739 3.49473
0.74 3.49426
0.741 3.49377
0.742 3.49327
0.743 3.49275
0.744 3.49221
0.745 3.49166
0.746 3.49109
0.747 3.4905
0.748 3.48989
0.749 3.48927
0.75 3.48862
0.751 3.48796
0.752 3.48728
0.753 3.48659
0.754 3.48587
0.755 3.48514
0.756 3.48438
0.757 3.48361
0.758 3.48282
0.759 3.48201
0.76 3.48118
0.761 3.48033
0.762 3.47946
0.763 3.47858
0.764 3.47767
0.765 3.47674
0.766 3.4758
0.767 3.47483
0.768 3.47385
0.769 3.47285
0.77 3.47182
0.771 3.47078
0.772 3.46972
0.773 3.46863
0.774 3.46753
0.775 3.46641
0.776 3.46527
0.777 3.46411
0.778 3.46293
0.779 3.46173
0.78 3.46051
0.781 3.45927
0.782 3.45801
0.783 3.45673
0.784 3.45544
0.785 3.45412
0.786 3.45279
0.787 3.45143
0.788 3.45006
0.789 3.44867
0.79 3.44726
0.791 3.44584
0.792 3.44439
0.793 3.44293
0.794 3.44145
0.795 3.43995
0.796 3.43843
0.797 3.4369
0.798 3.43535
0.799 3.43378
0.8 3.4322
0.801 3.4306
0.802 3.42899
0.803 3.42736
0.804 3.42571
0.805 3.42405
0.806 3.42237
0.807 3.42068
0.808 3.41897
0.809 3.41725
0.81 3.41552
0.811 3.41377
0.812 3.41201
0.813 3.41024
0.814 3.40845
0.815 3.40665
0.816 3.40484
0.817 3.40302
0.818 3.40119
0.819 3.39935
0.82 3.39749
0.821 3.39563
0.822 3.39375
0.823 3.39187
0.824 3.38998
0.825 3.38808
0.826 3.38617
0.827 3.38425
0.828 3.38233
0.829 3.3804
0.83 3.37846
0.831 3.37652
0.832 3.37457
0.833 3.37261
0.834 3.37065
0.835 3.36869
0.836 3.36672
0.837 3.36475
0.838 3.36277
0.839 3.3608
0.84 3.35881
0.841 3.35683
0.842 3.35485
0.843 3.35286
0.844 3.35087
0.845 3.34889
0.846 3.3469
0.847 3.34491
0.848 3.34293
0.849 3.34094
0.85 3.33896
0.851 3.33697
0.852 3.33499
0.853 3.33302
0.854 3.33104
0.855 3.32907
0.856 3.32711
0.857 3.32514
0.858 3.32318
0.859 3.32123
0.86 3.31928
0.861 3.31734
0.862 3.3154
0.863 3.31347
0.864 3.31155
0.865 3.30963
0.866 3.30772
0.867 3.30582
0.868 3.30393
0.869 3.30204
0.87 3.30016
0.871 3.29829
0.872 3.29643
0.873 3.29458
0.874 3.29274
0.875 3.29091
0.876 3.28909
0.877 3.28727
0.878 3.28547
0.879 3.28368
0.88 3.2819
0.881 3.28014
0.882 3.27838
0.883 3.27664
0.884 3.2749
0.885 3.27318
0.886 3.27147
0.887 3.26978
0.888 3.26809
0.889 3.26642
0.89 3.26476
0.891 3.26312
0.892 3.26148
0.893 3.25986
0.894 3.25826
0.895 3.25667
0.896 3.25509
0.897 3.25352
0.898 3.25197
0.899 3.25043
0.9 3.24891
0.901 3.2474
0.902 3.24591
0.903 3.24443
0.904 3.24296
0.905 3.24151
0.906 3.24007
0.907 3.23865
0.908 3.23724
0.909 3.23584
0.91 3.23446
0.911 3.2331
0.912 3.23175
0.913 3.23041
0.914 3.22909
0.915 3.22778
0.916 3.22649
0.917 3.22521
0.918 3.22395
0.919 3.2227
0.92 3.22146
0.921 3.22024
0.922 3.21904
0.923 3.21785
0.924 3.21667
0.925 3.21551
0.926 3.21436
0.927 3.21322
0.928 3.2121
0.929 3.211
0.93 3.20991
0.931 3.20883
0.932 3.20776
0.933 3.20671
0.934 3.20568
0.935 3.20465
0.936 3.20364
0.937 3.20265
0.938 3.20167
0.939 3.2007
0.94 3.19974
0.941 3.1988
0.942 3.19787
0.943 3.19695
0.944 3.19605
0.945 3.19516
0.946 3.19428
0.947 3.19341
0.948 3.19256
0.949 3.19172
0.95 3.19089
0.951 3.19008
0.952 3.18927
0.953 3.18848
0.954 3.1877
0.955 3.18693
0.956 3.18618
0.957 3.18543
0.958 3.1847
0.959 3.18398
0.96 3.18326
0.961 3.18256
0.962 3.18188
0.963 3.1812
0.964 3.18053
0.965 3.17987
0.966 3.17923
0.967 3.17859
0.968 3.17797
0.969 3.17735
0.97 3.17675
0.971 3.17615
0.972 3.17557
0.973 3.17499
0.974 3.17443
0.975 3.17387
0.976 3.17332
0.977 3.17279
0.978 3.17226
0.979 3.17174
0.98 3.17123
0.981 3.17073
0.982 3.17024
0.983 3.16975
0.984 3.16928
0.985 3.16881
0.986 3.16836
0.987 3.16791
0.988 3.16747
0.989 3.16703
0.99 3.16661
0.991 3.16619
0.992 3.16578
0.993 3.16538
0.994 3.16498
0.995 3.1646
0.996 3.16422
0.997 3.16385
0.998 3.16348
0.999 3.16312
1 3.16277
1.001 5
