0 0
0.001 0.637397
0.002 0.643616
0.003 0.64984
0.004 0.656068
0.005 0.6623
0.006 0.668536
0.007 0.674775
0.008 0.681017
0.009 0.687262
0.01 0.693508
0.011 0.699757
0.012 0.706006
0.013 0.712257
0.014 0.718508
0.015 0.724759
0.016 0.73101
0.017 0.737261
0.018 0.74351
0.019 0.749758
0.02 0.756003
0.021 0.762247
0.022 0.768488
0.023 0.774726
0.024 0.78096
0.025 0.78719
0.026 0.793416
0.027 0.799638
0.028 0.805854
0.029 0.812065
0.03 0.81827
0.031 0.824469
0.032 0.830661
0.033 0.836846
0.034 0.843024
0.035 0.849194
0.036 0.855356
0.037 0.86151
0.038 0.867654
0.039 0.87379
0.04 0.879916
0.041 0.886032
0.042 0.892137
0.043 0.898232
0.044 0.904317
0.045 0.91039
0.046 0.916451
0.047 0.9225
0.048 0.928538
0.049 0.934563
0.05 0.940575
0.051 0.946574
0.052 0.952559
0.053 0.958531
0.054 0.96449
0.055 0.970434
0.056 0.976363
0.057 0.982278
0.058 0.988178
0.059 0.994063
0.06 0.999933
0.061 1.00579
0.062 1.01163
0.063 1.01745
0.064 1.02325
0.065 1.02904
0.066 1.03482
0.067 1.04057
0.068 1.04631
0.069 1.05204
0.07 1.05774
0.071 1.06343
0.072 1.0691
0.073 1.07476
0.074 1.08039
0.075 1.08601
0.076 1.09161
0.077 1.09719
0.078 1.10276
0.079 1.1083
0.08 1.11383
0.081 1.11934
0.082 1.12484
0.083 1.13031
0.084 1.13577
0.085 1.1412
0.086 1.14662
0.087 1.15202
0.088 1.15741
0.089 1.16277
0.09 1.16812
0.091 1.17344
0.092 1.17875
0.093 1.18405
0.094 1.18932
0.095 1.19457
0.096 1.19981
0.097 1.20503
0.098 1.21023
0.099 1.21541
0.1 1.22058
0.101 1.22572
0.102 1.23085
0.103 1.23596
0.104 1.24106
0.105 1.24613
0.106 1.25119
0.107 1.25624
0.108 1.26126
0.109 1.26627
0.11 1.27126
0.111 1.27623
0.112 1.28119
0.113 1.28613
0.114 1.29105
0.115 1.29596
0.116 1.30085
0.117 1.30572
0.118 1.31058
0.119 1.31542
0.12 1.32025
0.121 1.32506
0.122 1.32986
0.123 1.33463
0.124 1.3394
0.125 1.34415
0.126 1.34888
0.127 1.3536
0.128 1.3583
0.129 1.36299
0.13 1.36767
0.131 1.37233
0.132 1.37698
0.133 1.38161
0.134 1.38623
0.135 1.39083
0.136 1.39542
0.137 1.4
0.138 1.40456
0.139 1.40911
0.14 1.41365
0.141 1.41817
0.142 1.42268
0.143 1.42718
0.144 1.43166
0.145 1.43613
0.146 1.44059
0.147 1.44504
0.148 1.44948
0.149 1.4539
0.15 1.45831
0.151 1.46271
0.152 1.4671
0.153 1.47147
0.154 1.47583
0.155 1.48019
0.156 1.48453
0.157 1.48886
0.158 1.49318
0.159 1.49748
0.16 1.50178
0.161 1.50607
0.162 1.51034
0.163 1.51461
0.164 1.51886
0.165 1.5231
0.166 1.52734
0.167 1.53156
0.168 1.53577
0.169 1.53998
0.17 1.54417
0.171 1.54836
0.172 1.55253
0.173 1.55669
0.174 1.56085
0.175 1.56499
0.176 1.56913
0.177 1.57326
0.178 1.57737
0.179 1.58148
0.18 1.58558
0.181 1.58967
0.182 1.59375
0.183 1.59783
0.184 1.60189
0.185 1.60594
0.186 1.60999
0.187 1.61403
0.188 1.61806
0.189 1.62208
0.19 1.6261
0.191 1.6301
0.192 1.6341
0.193 1.63809
0.194 1.64207
0.195 1.64604
0.196 1.65001
0.197 1.65397
0.198 1.65792
0.199 1.66186
0.2 1.6658
0.201 1.66973
0.202 1.67365
0.203 1.67756
0.204 1.68147
0.205 1.68537
0.206 1.68926
0.207 1.69315
0.208 1.69702
0.209 1.7009
0.21 1.70476
0.211 1.70862
0.212 1.71247
0.213 1.71631
0.214 1.72015
0.215 1.72398
0.216 1.72781
0.217 1.73163
0.218 1.73544
0.219 1.73925
0.22 1.74305
0.221 1.74684
0.222 1.75063
0.223 1.75442
0.224 1.75819
0.225 1.76196
0.226 1.76573
0.227 1.76949
0.228 1.77324
0.229 1.77699
0.23 1.78073
0.231 1.78447
0.232 1.7882
0.233 1.79193
0.234 1.79565
0.235 1.79937
0.236 1.80308
0.237 1.80678
0.238 1.81048
0.239 1.81418
0.24 1.81787
0.241 1.82156
0.242 1.82524
0.243 1.82892
0.244 1.83259
0.245 1.83625
0.246 1.83992
0.247 1.84358
0.248 1.84723
0.249 1.85088
0.25 1.85452
0.251 1.85817
0.252 1.8618
0.253 1.86543
0.254 1.86906
0.255 1.87269
0.256 1.87631
0.257 1.87992
0.258 1.88354
0.259 1.88714
0.26 1.89075
0.261 1.89435
0.262 1.89795
0.263 1.90154
0.264 1.90513
0.265 1.90872
0.266 1.9123
0.267 1.91588
0.268 1.91945
0.269 1.92303
0.27 1.9266
0.271 1.93016
0.272 1.93372
0.273 1.93728
0.274 1.94084
0.275 1.94439
0.276 1.94794
0.277 1.95149
0.278 1.95504
0.279 1.95858
0.28 1.96212
0.281 1.96565
0.282 1.96919
0.283 1.97272
0.284 1.97624
0.285 1.97977
0.286 1.98329
0.287 1.98681
0.288 1.99033
0.289 1.99384
0.29 1.99736
0.291 2.00087
0.292 2.00437
0.293 2.00788
0.294 2.01138
0.295 2.01488
0.296 2.01838
0.297 2.02188
0.298 2.02537
0.299 2.02887
0.3 2.03236
0.301 2.03585
0.302 2.03933
0.303 2.04282
0.304 2.0463
0.305 2.04978
0.306 2.05326
0.307 2.05674
0.308 2.06021
0.309 2.06369
0.31 2.06716
0.311 2.07063
0.312 2.0741
0.313 2.07757
0.314 2.08103
0.315 2.0845
0.316 2.08796
0.317 2.09142
0.318 2.09488
0.319 2.09834
0.32 2.1018
0.321 2.10526
0.322 2.10871
0.323 2.11217
0.324 2.11562
0.325 2.11907
0.326 2.12252
0.327 2.12597
0.328 2.12942
0.329 2.13287
0.33 2.13631
0.331 2.13976
0.332 2.1432
0.333 2.14665
0.334 2.15009
0.335 2.15353
0.336 2.15697
0.337 2.16041
0.338 2.16385
0.339 2.16729
0.34 2.17073
0.341 2.17417
0.342 2.17761
0.343 2.18104
0.344 2.18448
0.345 2.18792
0.346 2.19135
0.347 2.19479
0.348 2.19822
0.349 2.20165
0.35 2.20509
0.351 2.20852
0.352 2.21196
0.353 2.21539
0.354 2.21882
0.355 2.22225
0.356 2.22569
0.357 2.22912
0.358 2.23255
0.359 2.23599
0.36 2.23942
0.361 2.24285
0.362 2.24628
0.363 2.24972
0.364 2.25315
0.365 2.25658
0.366 2.26002
0.367 2.26345
0.368 2.26689
0.369 2.27032
0.37 2.27376
0.371 2.27719
0.372 2.28063
0.373 2.28406
0.374 2.2875
0.375 2.29094
0.376 2.29438
0.377 2.29782
0.378 2.30126
0.379 2.3047
0.38 2.30814
0.381 2.31158
0.382 2.31502
0.383 2.31847
0.384 2.32191
0.385 2.32536
0.386 2.32881
0.387 2.33225
0.388 2.3357
0.389 2.33915
0.39 2.34261
0.391 2.34606
0.392 2.34951
0.393 2.35297
0.394 2.35643
0.395 2.35989
0.396 2.36335
0.397 2.36681
0.398 2.37027
0.399 2.37374
0.4 2.3772
0.401 2.38067
0.402 2.38414
0.403 2.38761
0.404 2.39109
0.405 2.39456
0.406 2.39804
0.407 2.40152
0.408 2.40501
0.409 2.40849
0.41 2.41198
0.411 2.41547
0.412 2.41896
0.413 2.42245
0.414 2.42595
0.415 2.42945
0.416 2.43295
0.417 2.43645
0.418 2.43996
0.419 2.44347
0.42 2.44698
0.421 2.4505
0.422 2.45401
0.423 2.45753
0.424 2.46106
0.425 2.46459
0.426 2.46812
0.427 2.47165
0.428 2.47519
0.429 2.47873
0.43 2.48227
0.431 2.48582
0.432 2.48937
0.433 2.49292
0.434 2.49648
0.435 2.50004
0.436 2.50361
0.437 2.50718
0.438 2.51075
0.439 2.51433
0.44 2.51791
0.441 2.5215
0.442 2.52509
0.443 2.52868
0.444 2.53228
0.445 2.53588
0.446 2.53949
0.447 2.5431
0.448 2.54672
0.449 2.55034
0.45 2.55397
0.451 2.5576
0.452 2.56124
0.453 2.56488
0.454 2.56852
0.455 2.57218
0.456 2.57583
0.457 2.5795
0.458 2.58316
0.459 2.58684
0.46 2.59052
0.461 2.5942
0.462 2.59789
0.463 2.60159
0.464 2.60529
0.465 2.609
0.466 2.61271
0.467 2.61644
0.468 2.62016
0.469 2.6239
0.47 2.62764
0.471 2.63138
0.472 2.63514
0.473 2.6389
0.474 2.64266
0.475 2.64644
0.476 2.65022
0.477 2.654
0.478 2.6578
0.479 2.6616
0.48 2.66541
0.481 2.66923
0.482 2.67305
0.483 2.67689
0.484 2.68073
0.485 2.68457
0.486 2.68843
0.487 2.69229
0.488 2.69617
0.489 2.70005
0.49 2.70393
0.491 2.70783
0.492 2.71174
0.493 2.71565
0.494 2.71958
0.495 2.72351
0.496 2.72745
0.497 2.7314
0.498 2.73536
0.499 2.73933
0.5 2.7433
0.501 2.74729
0.502 2.75129
0.503 2.7553
0.504 2.75931
0.505 2.76334
0.506 2.76738
0.507 2.77142
0.508 2.77548
0.509 2.77955
0.51 2.78363
0.511 2.78771
0.512 2.79181
0.513 2.79592
0.514 2.80005
0.515 2.80418
0.516 2.80832
0.517 2.81248
0.518 2.81664
0.519 2.82082
0.52 2.82501
0.521 2.82921
0.522 2.83343
0.523 2.83765
0.524 2.84189
0.525 2.84614
0.526 2.8504
0.527 2.85468
0.528 2.85896
0.529 2.86327
0.53 2.86758
0.531 2.87191
0.532 2.87625
0.533 2.8806
0.534 2.88497
0.535 2.88935
0.536 2.89374
0.537 2.89815
0.538 2.90257
0.539 2.90701
0.54 2.91146
0.541 2.91592
0.542 2.9204
0.543 2.9249
0.544 2.92941
0.545 2.93393
0.546 2.93847
0.547 2.94303
0.548 2.9476
0.549 2.95218
0.55 2.95679
0.551 2.9614
0.552 2.96604
0.553 2.97069
0.554 2.97535
0.555 2.98004
0.556 2.98474
0.557 2.98945
0.558 2.99419
0.559 2.99894
0.56 3.0037
0.561 3.00849
0.562 3.01329
0.563 3.01811
0.564 3.02295
0.565 3.02781
0.566 3.03268
0.567 3.03757
0.568 3.04249
0.569 3.04742
0.57 3.05237
0.571 3.05733
0.572 3.06232
0.573 3.06733
0.574 3.07236
0.575 3.0774
0.576 3.08247
0.577 3.08755
0.578 3.09266
0.579 3.09779
0.58 3.10294
0.581 3.1081
0.582 3.11329
0.583 3.1185
0.584 3.12374
0.585 3.12899
0.586 3.13427
0.587 3.13956
0.588 3.14488
0.589 3.15022
0.59 3.15559
0.591 3.16097
0.592 3.16638
0.593 3.17181
0.594 3.17727
0.595 3.18275
0.596 3.18825
0.597 3.19378
0.598 3.19933
0.599 3.2049
0.6 3.2105
0.601 3.21612
0.602 3.22177
0.603 3.22744
0.604 3.23314
0.605 3.23887
0.606 3.24461
0.607 3.25039
0.608 3.25619
0.609 3.26202
0.61 3.26787
0.611 3.27375
0.612 3.27966
0.613 3.28559
0.614 3.29155
0.615 3.29754
0.616 3.30355
0.617 3.3096
0.618 3.31567
0.619 3.32177
0.62 3.3279
0.621 3.33406
0.622 3.34024
0.623 3.34646
0.624 3.3527
0.625 3.35897
0.626 3.36528
0.627 3.37161
0.628 3.37798
0.629 3.38437
0.63 3.3908
0.631 3.39725
0.632 3.40374
0.633 3.41026
0.634 3.41681
0.635 3.42339
0.636 3.43001
0.637 3.43665
0.638 3.44333
0.639 3.45004
0.64 3.45679
0.641 3.46357
0.642 3.47038
0.643 3.47722
0.644 3.4841
0.645 3.49101
0.646 3.49796
0.647 3.50494
0.648 3.51196
0.649 3.51901
0.65 3.5261
0.651 3.53322
0.652 3.54038
0.653 3.54758
0.654 3.55481
0.655 3.56207
0.656 3.56938
0.657 3.57672
0.658 3.5841
0.659 3.59151
0.66 3.59897
0.661 3.60646
0.662 3.61399
0.663 3.62156
0.664 3.62916
0.665 3.63681
0.666 3.64449
0.667 3.65222
0.668 3.65998
0.669 3.66778
0.67 3.67563
0.671 3.68351
0.672 3.69143
0.673 3.6994
0.674 3.70741
0.675 3.71545
0.676 3.72354
0.677 3.73167
0.678 3.73984
0.679 3.74806
0.68 3.75631
0.681 3.76461
0.682 3.77296
0.683 3.78134
0.684 3.78977
0.685 3.79824
0.686 3.80676
0.687 3.81532
0.688 3.82392
0.689 3.83257
0.69 3.84126
0.691 3.85
0.692 3.85878
0.693 3.86761
0.694 3.87649
0.695 3.8854
0.696 3.89437
0.697 3.90338
0.698 3.91244
0.699 3.92154
0.7 3.93069
0.701 3.93989
0.702 3.94913
0.703 3.95842
0.704 3.96776
0.705 3.97715
0.706 3.98658
0.707 3.99607
0.708 4.0056
0.709 4.01517
0.71 4.0248
0.711 4.03448
0.712 4.0442
0.713 4.05397
0.714 4.0638
0.715 4.07367
0.716 4.08359
0.717 4.09356
0.718 4.10358
0.719 4.11365
0.72 4.12376
0.721 4.13393
0.722 4.14415
0.723 4.15442
0.724 4.16474
0.725 4.17511
0.726 4.18553
0.727 4.196
0.728 4.20652
0.729 4.21709
0.73 4.22772
0.731 4.23839
0.732 4.24911
0.733 4.25989
0.734 4.27072
0.735 4.28159
0.736 4.29252
0.737 4.3035
0.738 4.31453
0.739 4.32561
0.74 4.33674
0.741 4.34793
0.742 4.35916
0.743 4.37045
0.744 4.38178
0.745 4.39317
0.746 4.40461
0.747 4.4161
0.748 4.42764
0.749 4.43923
0.75 4.45087
0.751 4.46256
0.752 4.4743
0.753 4.48609
0.754 4.49793
0.755 4.50983
0.756 4.52177
0.757 4.53376
0.758 4.5458
0.759 4.55789
0.76 4.57003
0.761 4.58222
0.762 4.59446
0.763 4.60675
0.764 4.61908
0.765 4.63146
0.766 4.6439
0.767 4.65638
0.768 4.6689
0.769 4.68148
0.77 4.6941
0.771 4.70676
0.772 4.71948
0.773 4.73224
0.774 4.74504
0.775 4.75789
0.776 4.77079
0.777 4.78373
0.778 4.79671
0.779 4.80974
0.78 4.82281
0.781 4.83592
0.782 4.84908
0.783 4.86228
0.784 4.87552
0.785 4.8888
0.786 4.90213
0.787 4.91549
0.788 4.92889
0.789 4.94233
0.79 4.95581
0.791 4.96933
0.792 4.98289
0.793 4.99648
0.794 5.01011
0.795 5.02378
0.796 5.03748
0.797 5.05121
0.798 5.06498
0.799 5.07879
0.8 5.09262
0.801 5.10649
0.802 5.12039
0.803 5.13432
0.804 5.14828
0.805 5.16227
0.806 5.17628
0.807 5.19033
0.808 5.2044
0.809 5.2185
0.81 5.23263
0.811 5.24678
0.812 5.26095
0.813 5.27514
0.814 5.28936
0.815 5.3036
0.816 5.31786
0.817 5.33214
0.818 5.34644
0.819 5.36076
0.82 5.3751
0.821 5.38945
0.822 5.40381
0.823 5.41819
0.824 5.43259
0.825 5.447
0.826 5.46141
0.827 5.47584
0.828 5.49028
0.829 5.50473
0.83 5.51918
0.831 5.53365
0.832 5.54811
0.833 5.56259
0.834 5.57706
0.835 5.59154
0.836 5.60602
0.837 5.6205
0.838 5.63498
0.839 5.64946
0.84 5.66394
0.841 5.67841
0.842 5.69288
0.843 5.70735
0.844 5.7218
0.845 5.73625
0.846 5.75069
0.847 5.76512
0.848 5.77954
0.849 5.79395
0.85 5.80834
0.851 5.82272
0.852 5.83708
0.853 5.85143
0.854 5.86575
0.855 5.88006
0.856 5.89435
0.857 5.90862
0.858 5.92287
0.859 5.93709
0.86 5.95129
0.861 5.96546
0.862 5.97961
0.863 5.99373
0.864 6.00781
0.865 6.02187
0.866 6.0359
0.867 6.0499
0.868 6.06386
0.869 6.07779
0.87 6.09168
0.871 6.10554
0.872 6.11935
0.873 6.13313
0.874 6.14687
0.875 6.16057
0.876 6.17422
0.877 6.18784
0.878 6.2014
0.879 6.21493
0.88 6.2284
0.881 6.24183
0.882 6.25521
0.883 6.26854
0.884 6.28182
0.885 6.29505
0.886 6.30823
0.887 6.32135
0.888 6.33442
0.889 6.34743
0.89 6.36039
0.891 6.37329
0.892 6.38613
0.893 6.39891
0.894 6.41163
0.895 6.42429
0.896 6.43689
0.897 6.44942
0.898 6.46189
0.899 6.4743
0.9 6.48664
0.901 6.49892
0.902 6.51112
0.903 6.52326
0.904 6.53533
0.905 6.54733
0.906 6.55926
0.907 6.57112
0.908 6.58291
0.909 6.59462
0.91 6.60626
0.911 6.61783
0.912 6.62932
0.913 6.64073
0.914 6.65207
0.915 6.66334
0.916 6.67452
0.917 6.68563
0.918 6.69666
0.919 6.70761
0.92 6.71848
0.921 6.72927
0.922 6.73998
0.923 6.75061
0.924 6.76116
0.925 6.77162
0.926 6.782
0.927 6.7923
0.928 6.80252
0.929 6.81265
0.93 6.8227
0.931 6.83266
0.932 6.84254
0.933 6.85233
0.934 6.86204
0.935 6.87166
0.936 6.8812
0.937 6.89064
0.938 6.90001
0.939 6.90928
0.94 6.91847
0.941 6.92757
0.942 6.93659
0.943 6.94552
0.944 6.95436
0.945 6.96311
0.946 6.97178
0.947 6.98035
0.948 6.98884
0.949 6.99724
0.95 7.00556
0.951 7.01378
0.952 7.02192
0.953 7.02997
0.954 7.03794
0.955 7.04581
0.956 7.0536
0.957 7.0613
0.958 7.06892
0.959 7.07644
0.96 7.08388
0.961 7.09124
0.962 7.09851
0.963 7.10569
0.964 7.11278
0.965 7.11979
0.966 7.12672
0.967 7.13355
0.968 7.14031
0.969 7.14698
0.97 7.15356
0.971 7.16006
0.972 7.16648
0.973 7.17281
0.974 7.17907
0.975 7.18523
0.976 7.19132
0.977 7.19733
0.978 7.20325
0.979 7.20909
0.98 7.21486
0.981 7.22054
0.982 7.22614
0.983 7.23167
0.984 7.23711
0.985 7.24248
0.986 7.24777
0.987 7.25298
0.988 7.25812
0.989 7.26318
0.99 7.26816
0.991 7.27307
0.992 7.27791
0.993 7.28267
0.994 7.28736
0.995 7.29198
0.996 7.29652
0.997 7.301
0.998 7.3054
0.999 7.30973
1 7.31399
1.001 0
