0 5
0.001 3.28448
0.002 3.28186
0.003 3.27925
0.004 3.27664
0.005 3.27404
0.006 3.27144
0.007 3.26885
0.008 3.26627
0.009 3.2637
0.01 3.26113
0.011 3.25857
0.012 3.25602
0.013 3.25347
0.014 3.25094
0.015 3.24841
0.016 3.2459
0.017 3.24339
0.018 3.24089
0.019 3.23841
0.02 3.23593
0.021 3.23347
0.022 3.23102
0.023 3.22858
0.024 3.22615
0.025 3.22374
0.026 3.22134
0.027 3.21895
0.028 3.21657
0.029 3.21421
0.03 3.21186
0.031 3.20953
0.032 3.20721
0.033 3.20491
0.034 3.20263
0.035 3.20036
0.036 3.1981
0.037 3.19587
0.038 3.19364
0.039 3.19144
0.04 3.18926
0.041 3.18709
0.042 3.18494
0.043 3.18281
0.044 3.1807
0.045 3.17861
0.046 3.17653
0.047 3.17448
0.048 3.17245
0.049 3.17044
0.05 3.16845
0.051 3.16648
0.052 3.16453
0.053 3.1626
0.054 3.1607
0.055 3.15881
0.056 3.15695
0.057 3.15512
0.058 3.1533
0.059 3.15151
0.06 3.14974
0.061 3.148
0.062 3.14628
0.063 3.14458
0.064 3.14291
0.065 3.14127
0.066 3.13965
0.067 3.13805
0.068 3.13648
0.069 3.13494
0.07 3.13342
0.071 3.13192
0.072 3.13046
0.073 3.12902
0.074 3.1276
0.075 3.12621
0.076 3.12485
0.077 3.12352
0.078 3.12221
0.079 3.12093
0.08 3.11968
0.081 3.11845
0.082 3.11726
0.083 3.11609
0.084 3.11494
0.085 3.11383
0.086 3.11274
0.087 3.11168
0.088 3.11065
0.089 3.10965
0.09 3.10868
0.091 3.10773
0.092 3.10681
0.093 3.10592
0.094 3.10506
0.095 3.10423
0.096 3.10342
0.097 3.10264
0.098 3.10189
0.099 3.10117
0.1 3.10048
0.101 3.09981
0.102 3.09918
0.103 3.09857
0.104 3.09799
0.105 3.09743
0.106 3.09691
0.107 3.09641
0.108 3.09594
0.109 3.09549
0.11 3.09508
0.111 3.09469
0.112 3.09433
0.113 3.09399
0.114 3.09368
0.115 3.0934
0.116 3.09315
0.117 3.09292
0.118 3.09271
0.119 3.09254
0.12 3.09239
0.121 3.09226
0.122 3.09216
0.123 3.09209
0.124 3.09204
0.125 3.09201
0.126 3.09201
0.127 3.09204
0.128 3.09209
0.129 3.09216
0.13 3.09226
0.131 3.09238
0.132 3.09252
0.133 3.09268
0.134 3.09287
0.135 3.09308
0.136 3.09332
0.137 3.09357
0.138 3.09385
0.139 3.09415
0.14 3.09447
0.141 3.09481
0.142 3.09517
0.143 3.09556
0.144 3.09596
0.145 3.09638
0.146 3.09682
0.147 3.09729
0.148 3.09777
0.149 3.09826
0.15 3.09878
0.151 3.09932
0.152 3.09987
0.153 3.10044
0.154 3.10103
0.155 3.10164
0.156 3.10226
0.157 3.1029
0.158 3.10355
0.159 3.10422
0.16 3.10491
0.161 3.10561
0.162 3.10633
0.163 3.10706
0.164 3.1078
0.165 3.10856
0.166 3.10933
0.167 3.11012
0.168 3.11092
0.169 3.11173
0.17 3.11256
0.171 3.1134
0.172 3.11425
0.173 3.11511
0.174 3.11598
0.175 3.11687
0.176 3.11776
0.177 3.11867
0.178 3.11959
0.179 3.12051
0.18 3.12145
0.181 3.1224
0.182 3.12335
0.183 3.12432
0.184 3.12529
0.185 3.12627
0.186 3.12726
0.187 3.12826
0.188 3.12927
0.189 3.13029
0.19 3.13131
0.191 3.13234
0.192 3.13337
0.193 3.13442
0.194 3.13547
0.195 3.13652
0.196 3.13758
0.197 3.13865
0.198 3.13972
0.199 3.1408
0.2 3.14189
0.201 3.14298
0.202 3.14407
0.203 3.14517
0.204 3.14627
0.205 3.14738
0.206 3.14849
0.207 3.1496
0.208 3.15072
0.209 3.15184
0.21 3.15297
0.211 3.1541
0.212 3.15523
0.213 3.15636
0.214 3.1575
0.215 3.15864
0.216 3.15978
0.217 3.16093
0.218 3.16207
0.219 3.16322
0.22 3.16437
0.221 3.16552
0.222 3.16667
0.223 3.16783
0.224 3.16898
0.225 3.17014
0.226 3.1713
0.227 3.17245
0.228 3.17361
0.229 3.17477
0.23 3.17593
0.231 3.17709
0.232 3.17825
0.233 3.17941
0.234 3.18057
0.235 3.18173
0.236 3.18289
0.237 3.18405
0.238 3.18521
0.239 3.18637
0.24 3.18753
0.241 3.18868
0.242 3.18984
0.243 3.191
0.244 3.19215
0.245 3.1933
0.246 3.19446
0.247 3.19561
0.248 3.19676
0.249 3.19791
0.25 3.19905
0.251 3.2002
0.252 3.20134
0.253 3.20249
0.254 3.20363
0.255 3.20477
0.256 3.2059
0.257 3.20704
0.258 3.20817
0.259 3.20931
0.26 3.21044
0.261 3.21156
0.262 3.21269
0.263 3.21381
0.264 3.21493
0.265 3.21605
0.266 3.21717
0.267 3.21828
0.268 3.21939
0.269 3.2205
0.27 3.22161
0.271 3.22271
0.272 3.22382
0.273 3.22491
0.274 3.22601
0.275 3.2271
0.276 3.22819
0.277 3.22928
0.278 3.23037
0.279 3.23145
0.28 3.23253
0.281 3.23361
0.282 3.23468
0.283 3.23575
0.284 3.23682
0.285 3.23788
0.286 3.23895
0.287 3.24
0.288 3.24106
0.289 3.24211
0.29 3.24316
0.291 3.24421
0.292 3.24525
0.293 3.24629
0.294 3.24733
0.295 3.24836
0.296 3.24939
0.297 3.25042
0.298 3.25144
0.299 3.25247
0.3 3.25348
0.301 3.2545
0.302 3.25551
0.303 3.25652
0.304 3.25752
0.305 3.25852
0.306 3.25952
0.307 3.26051
0.308 3.2615
0.309 3.26249
0.31 3.26347
0.311 3.26446
0.312 3.26543
0.313 3.26641
0.314 3.26738
0.315 3.26834
0.316 3.26931
0.317 3.27027
0.318 3.27122
0.319 3.27218
0.32 3.27313
0.321 3.27407
0.322 3.27502
0.323 3.27596
0.324 3.27689
0.325 3.27783
0.326 3.27875
0.327 3.27968
0.328 3.2806
0.329 3.28152
0.33 3.28244
0.331 3.28335
0.332 3.28426
0.333 3.28516
0.334 3.28606
0.335 3.28696
0.336 3.28785
0.337 3.28875
0.338 3.28963
0.339 3.29052
0.34 3.2914
0.341 3.29227
0.342 3.29315
0.343 3.29402
0.344 3.29488
0.345 3.29575
0.346 3.29661
0.347 3.29746
0.348 3.29832
0.349 3.29917
0.35 3.30001
0.351 3.30086
0.352 3.3017
0.353 3.30253
0.354 3.30336
0.355 3.30419
0.356 3.30502
0.357 3.30584
0.358 3.30666
0.359 3.30748
0.36 3.30829
0.361 3.3091
0.362 3.3099
0.363 3.31071
0.364 3.31151
0.365 3.3123
0.366 3.31309
0.367 3.31388
0.368 3.31467
0.369 3.31545
0.37 3.31623
0.371 3.31701
0.372 3.31778
0.373 3.31855
0.374 3.31931
0.375 3.32008
0.376 3.32084
0.377 3.32159
0.378 3.32235
0.379 3.3231
0.38 3.32384
0.381 3.32459
0.382 3.32533
0.383 3.32607
0.384 3.3268
0.385 3.32753
0.386 3.32826
0.387 3.32899
0.388 3.32971
0.389 3.33043
0.39 3.33114
0.391 3.33185
0.392 3.33256
0.393 3.33327
0.394 3.33397
0.395 3.33467
0.396 3.33537
0.397 3.33607
0.398 3.33676
0.399 3.33745
0.4 3.33813
0.401 3.33882
0.402 3.33949
0.403 3.34017
0.404 3.34085
0.405 3.34152
0.406 3.34218
0.407 3.34285
0.408 3.34351
0.409 3.34417
0.41 3.34483
0.411 3.34548
0.412 3.34613
0.413 3.34678
0.414 3.34743
0.415 3.34807
0.416 3.34871
0.417 3.34934
0.418 3.34998
0.419 3.35061
0.42 3.35124
0.421 3.35187
0.422 3.35249
0.423 3.35311
0.424 3.35373
0.425 3.35434
0.426 3.35496
0.427 3.35557
0.428 3.35617
0.429 3.35678
0.43 3.35738
0.431 3.35798
0.432 3.35858
0.433 3.35917
0.434 3.35976
0.435 3.36035
0.436 3.36094
0.437 3.36152
0.438 3.3621
0.439 3.36268
0.44 3.36326
0.441 3.36383
0.442 3.36441
0.443 3.36497
0.444 3.36554
0.445 3.36611
0.446 3.36667
0.447 3.36723
0.448 3.36778
0.449 3.36834
0.45 3.36889
0.451 3.36944
0.452 3.36999
0.453 3.37053
0.454 3.37108
0.455 3.37162
0.456 3.37216
0.457 3.37269
0.458 3.37323
0.459 3.37376
0.46 3.37429
0.461 3.37481
0.462 3.37534
0.463 3.37586
0.464 3.37638
0.465 3.3769
0.466 3.37741
0.467 3.37793
0.468 3.37844
0.469 3.37895
0.47 3.37946
0.471 3.37996
0.472 3.38046
0.473 3.38096
0.474 3.38146
0.475 3.38196
0.476 3.38245
0.477 3.38295
0.478 3.38344
0.479 3.38392
0.48 3.38441
0.481 3.38489
0.482 3.38538
0.483 3.38586
0.484 3.38633
0.485 3.38681
0.486 3.38728
0.487 3.38776
0.488 3.38822
0.489 3.38869
0.49 3.38916
0.491 3.38962
0.492 3.39008
0.493 3.39054
0.494 3.391
0.495 3.39146
0.496 3.39191
0.497 3.39236
0.498 3.39281
0.499 3.39326
0.5 3.39371
0.501 3.39415
0.502 3.3946
0.503 3.39504
0.504 3.39548
0.505 3.39591
0.506 3.39635
0.507 3.39678
0.508 3.39721
0.509 3.39764
0.51 3.39807
0.511 3.3985
0.512 3.39892
0.513 3.39934
0.514 3.39976
0.515 3.40018
0.516 3.4006
0.517 3.40101
0.518 3.40143
0.519 3.40184
0.52 3.40225
0.521 3.40265
0.522 3.40306
0.523 3.40347
0.524 3.40387
0.525 3.40427
0.526 3.40467
0.527 3.40507
0.528 3.40546
0.529 3.40586
0.53 3.40625
0.531 3.40664
0.532 3.40703
0.533 3.40741
0.534 3.4078
0.535 3.40818
0.536 3.40856
0.537 3.40895
0.538 3.40932
0.539 3.4097
0.54 3.41008
0.541 3.41045
0.542 3.41082
0.543 3.41119
0.544 3.41156
0.545 3.41193
0.546 3.41229
0.547 3.41266
0.548 3.41302
0.549 3.41338
0.55 3.41374
0.551 3.41409
0.552 3.41445
0.553 3.4148
0.554 3.41515
0.555 3.4155
0.556 3.41585
0.557 3.4162
0.558 3.41654
0.559 3.41689
0.56 3.41723
0.561 3.41757
0.562 3.41791
0.563 3.41825
0.564 3.41858
0.565 3.41892
0.566 3.41925
0.567 3.41958
0.568 3.41991
0.569 3.42023
0.57 3.42056
0.571 3.42088
0.572 3.42121
0.573 3.42153
0.574 3.42185
0.575 3.42216
0.576 3.42248
0.577 3.4228
0.578 3.42311
0.579 3.42342
0.58 3.42373
0.581 3.42404
0.582 3.42434
0.583 3.42465
0.584 3.42495
0.585 3.42525
0.586 3.42555
0.587 3.42585
0.588 3.42615
0.589 3.42644
0.59 3.42673
0.591 3.42702
0.592 3.42731
0.593 3.4276
0.594 3.42789
0.595 3.42817
0.596 3.42846
0.597 3.42874
0.598 3.42902
0.599 3.4293
0.6 3.42957
0.601 3.42985
0.602 3.43012
0.603 3.43039
0.604 3.43066
0.605 3.43093
0.606 3.4312
0.607 3.43146
0.608 3.43173
0.609 3.43199
0.61 3.43225
0.611 3.43251
0.612 3.43276
0.613 3.43302
0.614 3.43327
0.615 3.43352
0.616 3.43377
0.617 3.43402
0.618 3.43426
0.619 3.43451
0.62 3.43475
0.621 3.43499
0.622 3.43523
0.623 3.43547
0.624 3.4357
0.625 3.43594
0.626 3.43617
0.627 3.4364
0.628 3.43663
0.629 3.43685
0.63 3.43708
0.631 3.4373
0.632 3.43752
0.633 3.43774
0.634 3.43796
0.635 3.43817
0.636 3.43839
0.637 3.4386
0.638 3.43881
0.639 3.43902
0.64 3.43922
0.641 3.43943
0.642 3.43963
0.643 3.43983
0.644 3.44003
0.645 3.44023
0.646 3.44042
0.647 3.44061
0.648 3.4408
0.649 3.44099
0.65 3.44118
0.651 3.44136
0.652 3.44155
0.653 3.44173
0.654 3.4419
0.655 3.44208
0.656 3.44226
0.657 3.44243
0.658 3.4426
0.659 3.44277
0.66 3.44293
0.661 3.44309
0.662 3.44326
0.663 3.44341
0.664 3.44357
0.665 3.44373
0.666 3.44388
0.667 3.44403
0.668 3.44418
0.669 3.44432
0.67 3.44447
0.671 3.44461
0.672 3.44475
0.673 3.44488
0.674 3.44502
0.675 3.44515
0.676 3.44528
0.677 3.4454
0.678 3.44553
0.679 3.44565
0.68 3.44577
0.681 3.44589
0.682 3.446
0.683 3.44611
0.684 3.44622
0.685 3.44633
0.686 3.44643
0.687 3.44653
0.688 3.44663
0.689 3.44672
0.69 3.44682
0.691 3.44691
0.692 3.44699
0.693 3.44708
0.694 3.44716
0.695 3.44724
0.696 3.44731
0.697 3.44738
0.698 3.44745
0.699 3.44752
0.7 3.44758
0.701 3.44764
0.702 3.4477
0.703 3.44775
0.704 3.4478
0.705 3.44785
0.706 3.44789
0.707 3.44793
0.708 3.44797
0.709 3.448
0.71 3.44803
0.711 3.44806
0.712 3.44808
0.713 3.4481
0.714 3.44812
0.715 3.44813
0.716 3.44814
0.717 3.44814
0.718 3.44814
0.719 3.44814
0.72 3.44813
0.721 3.44812
0.722 3.4481
0.723 3.44808
0.724 3.44806
0.725 3.44803
0.726 3.44799
0.727 3.44796
0.728 3.44792
0.729 3.44787
0.73 3.44782
0.731 3.44776
0.732 3.4477
0.733 3.44764
0.734 3.44757
0.735 3.44749
0.736 3.44741
0.737 3.44733
0.738 3.44724
0.739 3.44715
0.74 3.44705
0.741 3.44694
0.742 3.44683
0.743 3.44671
0.744 3.44659
0.745 3.44646
0.746 3.44633
0.747 3.44619
0.748 3.44605
0.749 3.4459
0.75 3.44574
0.751 3.44558
0.752 3.44541
0.753 3.44523
0.754 3.44505
0.755 3.44486
0.756 3.44466
0.757 3.44446
0.758 3.44425
0.759 3.44404
0.76 3.44382
0.761 3.44359
0.762 3.44335
0.763 3.4431
0.764 3.44285
0.765 3.44259
0.766 3.44233
0.767 3.44205
0.768 3.44177
0.769 3.44148
0.77 3.44118
0.771 3.44088
0.772 3.44056
0.773 3.44024
0.774 3.43991
0.775 3.43957
0.776 3.43922
0.777 3.43886
0.778 3.43849
0.779 3.43812
0.78 3.43773
0.781 3.43734
0.782 3.43694
0.783 3.43652
0.784 3.4361
0.785 3.43567
0.786 3.43522
0.787 3.43477
0.788 3.43431
0.789 3.43384
0.79 3.43335
0.791 3.43286
0.792 3.43235
0.793 3.43184
0.794 3.43131
0.795 3.43078
0.796 3.43023
0.797 3.42967
0.798 3.4291
0.799 3.42851
0.8 3.42792
0.801 3.42731
0.802 3.42669
0.803 3.42606
0.804 3.42542
0.805 3.42477
0.806 3.4241
0.807 3.42342
0.808 3.42273
0.809 3.42203
0.81 3.42131
0.811 3.42058
0.812 3.41983
0.813 3.41908
0.814 3.41831
0.815 3.41752
0.816 3.41673
0.817 3.41592
0.818 3.41509
0.819 3.41425
0.82 3.4134
0.821 3.41253
0.822 3.41165
0.823 3.41076
0.824 3.40985
0.825 3.40893
0.826 3.40799
0.827 3.40704
0.828 3.40607
0.829 3.40509
0.83 3.40409
0.831 3.40308
0.832 3.40206
0.833 3.40102
0.834 3.39996
0.835 3.39889
0.836 3.3978
0.837 3.3967
0.838 3.39558
0.839 3.39445
0.84 3.39331
0.841 3.39214
0.842 3.39097
0.843 3.38977
0.844 3.38856
0.845 3.38734
0.846 3.3861
0.847 3.38485
0.848 3.38358
0.849 3.38229
0.85 3.38099
0.851 3.37968
0.852 3.37835
0.853 3.377
0.854 3.37564
0.855 3.37426
0.856 3.37287
0.857 3.37146
0.858 3.37004
0.859 3.3686
0.86 3.36715
0.861 3.36568
0.862 3.3642
0.863 3.36271
0.864 3.3612
0.865 3.35967
0.866 3.35813
0.867 3.35658
0.868 3.35501
0.869 3.35343
0.87 3.35183
0.871 3.35022
0.872 3.3486
0.873 3.34697
0.874 3.34532
0.875 3.34365
0.876 3.34198
0.877 3.34029
0.878 3.33859
0.879 3.33688
0.88 3.33515
0.881 3.33341
0.882 3.33166
0.883 3.3299
0.884 3.32813
0.885 3.32635
0.886 3.32455
0.887 3.32275
0.888 3.32093
0.889 3.31911
0.89 3.31727
0.891 3.31543
0.892 3.31357
0.893 3.31171
0.894 3.30984
0.895 3.30795
0.896 3.30606
0.897 3.30417
0.898 3.30226
0.899 3.30035
0.9 3.29843
0.901 3.2965
0.902 3.29456
0.903 3.29262
0.904 3.29067
0.905 3.28872
0.906 3.28676
0.907 3.2848
0.908 3.28283
0.909 3.28086
0.91 3.27888
0.911 3.2769
0.912 3.27491
0.913 3.27292
0.914 3.27093
0.915 3.26894
0.916 3.26694
0.917 3.26494
0.918 3.26294
0.919 3.26094
0.92 3.25894
0.921 3.25693
0.922 3.25493
0.923 3.25292
0.924 3.25092
0.925 3.24891
0.926 3.24691
0.927 3.24491
0.928 3.24291
0.929 3.24091
0.93 3.23891
0.931 3.23692
0.932 3.23493
0.933 3.23294
0.934 3.23095
0.935 3.22897
0.936 3.22699
0.937 3.22502
0.938 3.22305
0.939 3.22108
0.94 3.21912
0.941 3.21717
0.942 3.21522
0.943 3.21327
0.944 3.21134
0.945 3.2094
0.946 3.20748
0.947 3.20556
0.948 3.20365
0.949 3.20175
0.95 3.19985
0.951 3.19796
0.952 3.19608
0.953 3.19421
0.954 3.19235
0.955 3.19049
0.956 3.18865
0.957 3.18681
0.958 3.18498
0.959 3.18316
0.96 3.18135
0.961 3.17956
0.962 3.17777
0.963 3.17599
0.964 3.17422
0.965 3.17246
0.966 3.17072
0.967 3.16898
0.968 3.16725
0.969 3.16554
0.97 3.16384
0.971 3.16214
0.972 3.16046
0.973 3.1588
0.974 3.15714
0.975 3.15549
0.976 3.15386
0.977 3.15224
0.978 3.15063
0.979 3.14903
0.98 3.14745
0.981 3.14588
0.982 3.14432
0.983 3.14277
0.984 3.14123
0.985 3.13971
0.986 3.1382
0.987 3.1367
0.988 3.13522
0.989 3.13375
0.99 3.13229
0.991 3.13084
0.992 3.12941
0.993 3.12799
0.994 3.12658
0.995 3.12519
0.996 3.1238
0.997 3.12243
0.998 3.12108
0.999 3.11973
1 3.1184
1.001 5
