0 -10
0.001 -5.96088
0.002 -5.94646
0.003 -5.93203
0.004 -5.91759
0.005 -5.90313
0.006 -5.88867
0.007 -5.87419
0.008 -5.8597
0.009 -5.8452
0.01 -5.83069
0.011 -5.81617
0.012 -5.80165
0.013 -5.78712
0.014 -5.77258
0.015 -5.75804
0.016 -5.7435
0.017 -5.72895
0.018 -5.71441
0.019 -5.69986
0.02 -5.68531
0.021 -5.67076
0.022 -5.65621
0.023 -5.64166
0.024 -5.62712
0.025 -5.61258
0.026 -5.59805
0.027 -5.58352
0.028 -5.569
0.029 -5.55449
0.03 -5.53999
0.031 -5.52549
0.032 -5.51101
0.033 -5.49653
0.034 -5.48207
0.035 -5.46762
0.036 -5.45319
0.037 -5.43877
0.038 -5.42436
0.039 -5.40997
0.04 -5.3956
0.041 -5.38124
0.042 -5.36691
0.043 -5.35259
0.044 -5.3383
0.045 -5.32402
0.046 -5.30977
0.047 -5.29554
0.048 -5.28133
0.049 -5.26715
0.05 -5.25299
0.051 -5.23886
0.052 -5.22476
0.053 -5.21068
0.054 -5.19663
0.055 -5.18261
0.056 -5.16861
0.057 -5.15465
0.058 -5.14072
0.059 -5.12682
0.06 -5.11295
0.061 -5.09911
0.062 -5.08531
0.063 -5.07154
0.064 -5.0578
0.065 -5.0441
0.066 -5.03044
0.067 -5.01681
0.068 -5.00322
0.069 -4.98966
0.07 -4.97614
0.071 -4.96266
0.072 -4.94922
0.073 -4.93582
0.074 -4.92245
0.075 -4.90913
0.076 -4.89584
0.077 -4.8826
0.078 -4.8694
0.079 -4.85624
0.08 -4.84311
0.081 -4.83004
0.082 -4.817
0.083 -4.80401
0.084 -4.79105
0.085 -4.77815
0.086 -4.76528
0.087 -4.75246
0.088 -4.73968
0.089 -4.72695
0.09 -4.71426
0.091 -4.70161
0.092 -4.68901
0.093 -4.67646
0.094 -4.66395
0.095 -4.65148
0.096 -4.63906
0.097 -4.62668
0.098 -4.61435
0.099 -4.60207
0.1 -4.58983
0.101 -4.57763
0.102 -4.56548
0.103 -4.55338
0.104 -4.54132
0.105 -4.52931
0.106 -4.51735
0.107 -4.50543
0.108 -4.49355
0.109 -4.48172
0.11 -4.46994
0.111 -4.45821
0.112 -4.44651
0.113 -4.43487
0.114 -4.42327
0.115 -4.41171
0.116 -4.40021
0.117 -4.38874
0.118 -4.37732
0.119 -4.36595
0.12 -4.35463
0.121 -4.34334
0.122 -4.33211
0.123 -4.32092
0.124 -4.30977
0.125 -4.29867
0.126 -4.28761
0.127 -4.2766
0.128 -4.26563
0.129 -4.25471
0.13 -4.24383
0.131 -4.23299
0.132 -4.2222
0.133 -4.21146
0.134 -4.20075
0.135 -4.1901
0.136 -4.17948
0.137 -4.16891
0.138 -4.15838
0.139 -4.1479
0.14 -4.13746
0.141 -4.12706
0.142 -4.1167
0.143 -4.10639
0.144 -4.09612
0.145 -4.08589
0.146 -4.07571
0.147 -4.06556
0.148 -4.05546
0.149 -4.04541
0.15 -4.03539
0.151 -4.02541
0.152 -4.01548
0.153 -4.00559
0.154 -3.99574
0.155 -3.98593
0.156 -3.97616
0.157 -3.96644
0.158 -3.95675
0.159 -3.94711
0.16 -3.9375
0.161 -3.92794
0.162 -3.91842
0.163 -3.90893
0.164 -3.89949
0.165 -3.89009
0.166 -3.88072
0.167 -3.8714
0.168 -3.86211
0.169 -3.85287
0.17 -3.84366
0.171 -3.8345
0.172 -3.82537
0.173 -3.81628
0.174 -3.80723
0.175 -3.79822
0.176 -3.78925
0.177 -3.78032
0.178 -3.77142
0.179 -3.76256
0.18 -3.75374
0.181 -3.74496
0.182 -3.73622
0.183 -3.72751
0.184 -3.71884
0.185 -3.71021
0.186 -3.70161
0.187 -3.69305
0.188 -3.68453
0.189 -3.67605
0.19 -3.6676
0.191 -3.65919
0.192 -3.65081
0.193 -3.64247
0.194 -3.63417
0.195 -3.6259
0.196 -3.61767
0.197 -3.60947
0.198 -3.60131
0.199 -3.59318
0.2 -3.58509
0.201 -3.57704
0.202 -3.56901
0.203 -3.56103
0.204 -3.55307
0.205 -3.54515
0.206 -3.53727
0.207 -3.52942
0.208 -3.5216
0.209 -3.51382
0.21 -3.50606
0.211 -3.49835
0.212 -3.49066
0.213 -3.48301
0.214 -3.47539
0.215 -3.46781
0.216 -3.46025
0.217 -3.45273
0.218 -3.44524
0.219 -3.43778
0.22 -3.43036
0.221 -3.42296
0.222 -3.4156
0.223 -3.40826
0.224 -3.40096
0.225 -3.39369
0.226 -3.38645
0.227 -3.37924
0.228 -3.37206
0.229 -3.36491
0.23 -3.35779
0.231 -3.35071
0.232 -3.34365
0.233 -3.33661
0.234 -3.32961
0.235 -3.32264
0.236 -3.3157
0.237 -3.30878
0.238 -3.30189
0.239 -3.29504
0.24 -3.28821
0.241 -3.2814
0.242 -3.27463
0.243 -3.26788
0.244 -3.26116
0.245 -3.25447
0.246 -3.24781
0.247 -3.24117
0.248 -3.23456
0.249 -3.22797
0.25 -3.22141
0.251 -3.21488
0.252 -3.20837
0.253 -3.20189
0.254 -3.19544
0.255 -3.18901
0.256 -3.18261
0.257 -3.17623
0.258 -3.16987
0.259 -3.16354
0.26 -3.15724
0.261 -3.15096
0.262 -3.1447
0.263 -3.13847
0.264 -3.13227
0.265 -3.12608
0.266 -3.11992
0.267 -3.11378
0.268 -3.10767
0.269 -3.10158
0.27 -3.09551
0.271 -3.08947
0.272 -3.08345
0.273 -3.07745
0.274 -3.07147
0.275 -3.06552
0.276 -3.05959
0.277 -3.05367
0.278 -3.04779
0.279 -3.04192
0.28 -3.03607
0.281 -3.03025
0.282 -3.02444
0.283 -3.01866
0.284 -3.0129
0.285 -3.00716
0.286 -3.00144
0.287 -2.99574
0.288 -2.99006
0.289 -2.9844
0.29 -2.97876
0.291 -2.97314
0.292 -2.96754
0.293 -2.96196
0.294 -2.9564
0.295 -2.95085
0.296 -2.94533
0.297 -2.93983
0.298 -2.93434
0.299 -2.92888
0.3 -2.92343
0.301 -2.918
0.302 -2.91259
0.303 -2.90719
0.304 -2.90182
0.305 -2.89646
0.306 -2.89112
0.307 -2.8858
0.308 -2.8805
0.309 -2.87521
0.31 -2.86994
0.311 -2.86469
0.312 -2.85946
0.313 -2.85424
0.314 -2.84904
0.315 -2.84385
0.316 -2.83868
0.317 -2.83353
0.318 -2.8284
0.319 -2.82328
0.32 -2.81817
0.321 -2.81309
0.322 -2.80802
0.323 -2.80296
0.324 -2.79792
0.325 -2.7929
0.326 -2.78789
0.327 -2.78289
0.328 -2.77791
0.329 -2.77295
0.33 -2.768
0.331 -2.76307
0.332 -2.75815
0.333 -2.75325
0.334 -2.74836
0.335 -2.74348
0.336 -2.73862
0.337 -2.73377
0.338 -2.72894
0.339 -2.72412
0.34 -2.71932
0.341 -2.71452
0.342 -2.70975
0.343 -2.70498
0.344 -2.70023
0.345 -2.6955
0.346 -2.69077
0.347 -2.68606
0.348 -2.68136
0.349 -2.67668
0.35 -2.67201
0.351 -2.66735
0.352 -2.6627
0.353 -2.65807
0.354 -2.65344
0.355 -2.64884
0.356 -2.64424
0.357 -2.63965
0.358 -2.63508
0.359 -2.63052
0.36 -2.62597
0.361 -2.62143
0.362 -2.61691
0.363 -2.6124
0.364 -2.60789
0.365 -2.6034
0.366 -2.59892
0.367 -2.59445
0.368 -2.59
0.369 -2.58555
0.37 -2.58111
0.371 -2.57669
0.372 -2.57227
0.373 -2.56787
0.374 -2.56348
0.375 -2.5591
0.376 -2.55472
0.377 -2.55036
0.378 -2.54601
0.379 -2.54167
0.38 -2.53734
0.381 -2.53301
0.382 -2.5287
0.383 -2.5244
0.384 -2.52011
0.385 -2.51582
0.386 -2.51155
0.387 -2.50728
0.388 -2.50303
0.389 -2.49878
0.39 -2.49455
0.391 -2.49032
0.392 -2.4861
0.393 -2.48189
0.394 -2.47768
0.395 -2.47349
0.396 -2.46931
0.397 -2.46513
0.398 -2.46096
0.399 -2.4568
0.4 -2.45265
0.401 -2.4485
0.402 -2.44437
0.403 -2.44024
0.404 -2.43612
0.405 -2.432
0.406 -2.4279
0.407 -2.4238
0.408 -2.41971
0.409 -2.41563
0.41 -2.41155
0.411 -2.40748
0.412 -2.40342
0.413 -2.39937
0.414 -2.39532
0.415 -2.39128
0.416 -2.38724
0.417 -2.38321
0.418 -2.37919
0.419 -2.37517
0.42 -2.37117
0.421 -2.36716
0.422 -2.36317
0.423 -2.35917
0.424 -2.35519
0.425 -2.35121
0.426 -2.34724
0.427 -2.34327
0.428 -2.33931
0.429 -2.33535
0.43 -2.3314
0.431 -2.32745
0.432 -2.32351
0.433 -2.31958
0.434 -2.31565
0.435 -2.31172
0.436 -2.3078
0.437 -2.30388
0.438 -2.29997
0.439 -2.29606
0.44 -2.29216
0.441 -2.28826
0.442 -2.28437
0.443 -2.28048
0.444 -2.27659
0.445 -2.27271
0.446 -2.26883
0.447 -2.26496
0.448 -2.26109
0.449 -2.25722
0.45 -2.25336
0.451 -2.2495
0.452 -2.24565
0.453 -2.24179
0.454 -2.23794
0.455 -2.2341
0.456 -2.23025
0.457 -2.22641
0.458 -2.22257
0.459 -2.21874
0.46 -2.21491
0.461 -2.21108
0.462 -2.20725
0.463 -2.20343
0.464 -2.1996
0.465 -2.19578
0.466 -2.19196
0.467 -2.18815
0.468 -2.18433
0.469 -2.18052
0.47 -2.17671
0.471 -2.1729
0.472 -2.16909
0.473 -2.16529
0.474 -2.16148
0.475 -2.15768
0.476 -2.15388
0.477 -2.15008
0.478 -2.14628
0.479 -2.14248
0.48 -2.13868
0.481 -2.13488
0.482 -2.13108
0.483 -2.12729
0.484 -2.12349
0.485 -2.1197
0.486 -2.1159
0.487 -2.11211
0.488 -2.10831
0.489 -2.10452
0.49 -2.10072
0.491 -2.09693
0.492 -2.09313
0.493 -2.08934
0.494 -2.08554
0.495 -2.08174
0.496 -2.07794
0.497 -2.07415
0.498 -2.07035
0.499 -2.06655
0.5 -2.06275
0.501 -2.05895
0.502 -2.05514
0.503 -2.05134
0.504 -2.04753
0.505 -2.04373
0.506 -2.03992
0.507 -2.03611
0.508 -2.03229
0.509 -2.02848
0.51 -2.02466
0.511 -2.02085
0.512 -2.01703
0.513 -2.01321
0.514 -2.00938
0.515 -2.00555
0.516 -2.00173
0.517 -1.99789
0.518 -1.99406
0.519 -1.99022
0.52 -1.98638
0.521 -1.98254
0.522 -1.97869
0.523 -1.97484
0.524 -1.97099
0.525 -1.96714
0.526 -1.96328
0.527 -1.95942
0.528 -1.95555
0.529 -1.95168
0.53 -1.94781
0.531 -1.94393
0.532 -1.94005
0.533 -1.93616
0.534 -1.93228
0.535 -1.92838
0.536 -1.92448
0.537 -1.92058
0.538 -1.91668
0.539 -1.91276
0.54 -1.90885
0.541 -1.90493
0.542 -1.901
0.543 -1.89707
0.544 -1.89314
0.545 -1.88919
0.546 -1.88525
0.547 -1.8813
0.548 -1.87734
0.549 -1.87338
0.55 -1.86941
0.551 -1.86544
0.552 -1.86146
0.553 -1.85747
0.554 -1.85348
0.555 -1.84948
0.556 -1.84548
0.557 -1.84147
0.558 -1.83745
0.559 -1.83343
0.56 -1.8294
0.561 -1.82536
0.562 -1.82132
0.563 -1.81727
0.564 -1.81321
0.565 -1.80915
0.566 -1.80508
0.567 -1.801
0.568 -1.79691
0.569 -1.79282
0.57 -1.78872
0.571 -1.78461
0.572 -1.7805
0.573 -1.77637
0.574 -1.77224
0.575 -1.7681
0.576 -1.76395
0.577 -1.7598
0.578 -1.75563
0.579 -1.75146
0.58 -1.74728
0.581 -1.74309
0.582 -1.73889
0.583 -1.73468
0.584 -1.73047
0.585 -1.72624
0.586 -1.72201
0.587 -1.71776
0.588 -1.71351
0.589 -1.70925
0.59 -1.70498
0.591 -1.7007
0.592 -1.69641
0.593 -1.69211
0.594 -1.6878
0.595 -1.68348
0.596 -1.67915
0.597 -1.67481
0.598 -1.67046
0.599 -1.6661
0.6 -1.66173
0.601 -1.65735
0.602 -1.65295
0.603 -1.64855
0.604 -1.64414
0.605 -1.63971
0.606 -1.63528
0.607 -1.63083
0.608 -1.62638
0.609 -1.62191
0.61 -1.61743
0.611 -1.61294
0.612 -1.60843
0.613 -1.60392
0.614 -1.59939
0.615 -1.59486
0.616 -1.59031
0.617 -1.58575
0.618 -1.58117
0.619 -1.57659
0.62 -1.57199
0.621 -1.56738
0.622 -1.56276
0.623 -1.55812
0.624 -1.55347
0.625 -1.54881
0.626 -1.54414
0.627 -1.53945
0.628 -1.53476
0.629 -1.53004
0.63 -1.52532
0.631 -1.52058
0.632 -1.51583
0.633 -1.51107
0.634 -1.50629
0.635 -1.5015
0.636 -1.49669
0.637 -1.49187
0.638 -1.48704
0.639 -1.4822
0.64 -1.47734
0.641 -1.47246
0.642 -1.46758
0.643 -1.46267
0.644 -1.45776
0.645 -1.45283
0.646 -1.44788
0.647 -1.44292
0.648 -1.43795
0.649 -1.43296
0.65 -1.42796
0.651 -1.42295
0.652 -1.41791
0.653 -1.41287
0.654 -1.40781
0.655 -1.40273
0.656 -1.39764
0.657 -1.39253
0.658 -1.38741
0.659 -1.38228
0.66 -1.37713
0.661 -1.37196
0.662 -1.36678
0.663 -1.36158
0.664 -1.35637
0.665 -1.35115
0.666 -1.3459
0.667 -1.34065
0.668 -1.33537
0.669 -1.33008
0.67 -1.32478
0.671 -1.31946
0.672 -1.31412
0.673 -1.30877
0.674 -1.30341
0.675 -1.29803
0.676 -1.29263
0.677 -1.28721
0.678 -1.28179
0.679 -1.27634
0.68 -1.27088
0.681 -1.26541
0.682 -1.25991
0.683 -1.25441
0.684 -1.24888
0.685 -1.24335
0.686 -1.23779
0.687 -1.23222
0.688 -1.22664
0.689 -1.22104
0.69 -1.21542
0.691 -1.20979
0.692 -1.20414
0.693 -1.19848
0.694 -1.1928
0.695 -1.18711
0.696 -1.1814
0.697 -1.17567
0.698 -1.16994
0.699 -1.16418
0.7 -1.15841
0.701 -1.15263
0.702 -1.14683
0.703 -1.14102
0.704 -1.13519
0.705 -1.12934
0.706 -1.12349
0.707 -1.11761
0.708 -1.11173
0.709 -1.10583
0.71 -1.09991
0.711 -1.09398
0.712 -1.08804
0.713 -1.08209
0.714 -1.07612
0.715 -1.07013
0.716 -1.06414
0.717 -1.05813
0.718 -1.0521
0.719 -1.04607
0.72 -1.04002
0.721 -1.03396
0.722 -1.02789
0.723 -1.0218
0.724 -1.01571
0.725 -1.0096
0.726 -1.00348
0.727 -0.99735
0.728 -0.991209
0.729 -0.985057
0.73 -0.978894
0.731 -0.972721
0.732 -0.966538
0.733 -0.960346
0.734 -0.954144
0.735 -0.947932
0.736 -0.941712
0.737 -0.935484
0.738 -0.929247
0.739 -0.923002
0.74 -0.91675
0.741 -0.91049
0.742 -0.904224
0.743 -0.897951
0.744 -0.891672
0.745 -0.885386
0.746 -0.879096
0.747 -0.8728
0.748 -0.866499
0.749 -0.860195
0.75 -0.853886
0.751 -0.847574
0.752 -0.841259
0.753 -0.834941
0.754 -0.828621
0.755 -0.8223
0.756 -0.815977
0.757 -0.809653
0.758 -0.80333
0.759 -0.797006
0.76 -0.790684
0.761 -0.784362
0.762 -0.778042
0.763 -0.771725
0.764 -0.765411
0.765 -0.7591
0.766 -0.752793
0.767 -0.746491
0.768 -0.740194
0.769 -0.733903
0.77 -0.727618
0.771 -0.72134
0.772 -0.71507
0.773 -0.708808
0.774 -0.702556
0.775 -0.696312
0.776 -0.69008
0.777 -0.683858
0.778 -0.677648
0.779 -0.67145
0.78 -0.665265
0.781 -0.659094
0.782 -0.652938
0.783 -0.646797
0.784 -0.640672
0.785 -0.634564
0.786 -0.628474
0.787 -0.622402
0.788 -0.616349
0.789 -0.610317
0.79 -0.604305
0.791 -0.598315
0.792 -0.592347
0.793 -0.586402
0.794 -0.580482
0.795 -0.574587
0.796 -0.568718
0.797 -0.562875
0.798 -0.55706
0.799 -0.551274
0.8 -0.545518
0.801 -0.539791
0.802 -0.534096
0.803 -0.528434
0.804 -0.522804
0.805 -0.517209
0.806 -0.511649
0.807 -0.506125
0.808 -0.500637
0.809 -0.495188
0.81 -0.489778
0.811 -0.484408
0.812 -0.479079
0.813 -0.473792
0.814 -0.468548
0.815 -0.463347
0.816 -0.458192
0.817 -0.453083
0.818 -0.448021
0.819 -0.443007
0.82 -0.438042
0.821 -0.433127
0.822 -0.428263
0.823 -0.423451
0.824 -0.418693
0.825 -0.413989
0.826 -0.40934
0.827 -0.404748
0.828 -0.400213
0.829 -0.395736
0.83 -0.391319
0.831 -0.386963
0.832 -0.382668
0.833 -0.378436
0.834 -0.374268
0.835 -0.370164
0.836 -0.366127
0.837 -0.362156
0.838 -0.358252
0.839 -0.354418
0.84 -0.350654
0.841 -0.346961
0.842 -0.343339
0.843 -0.339791
0.844 -0.336317
0.845 -0.332918
0.846 -0.329594
0.847 -0.326348
0.848 -0.32318
0.849 -0.320091
0.85 -0.317081
0.851 -0.314153
0.852 -0.311307
0.853 -0.308543
0.854 -0.305863
0.855 -0.303268
0.856 -0.300759
0.857 -0.298336
0.858 -0.296
0.859 -0.293753
0.86 -0.291595
0.861 -0.289527
0.862 -0.287549
0.863 -0.285664
0.864 -0.283871
0.865 -0.282172
0.866 -0.280566
0.867 -0.279056
0.868 -0.277641
0.869 -0.276323
0.87 -0.275102
0.871 -0.273978
0.872 -0.272954
0.873 -0.272028
0.874 -0.271203
0.875 -0.270478
0.876 -0.269855
0.877 -0.269333
0.878 -0.268914
0.879 -0.268598
0.88 -0.268386
0.881 -0.268277
0.882 -0.268274
0.883 -0.268375
0.884 -0.268583
0.885 -0.268896
0.886 -0.269316
0.887 -0.269843
0.888 -0.270477
0.889 -0.27122
0.89 -0.27207
0.891 -0.273029
0.892 -0.274096
0.893 -0.275273
0.894 -0.276559
0.895 -0.277955
0.896 -0.279461
0.897 -0.281077
0.898 -0.282803
0.899 -0.284639
0.9 -0.286586
0.901 -0.288644
0.902 -0.290812
0.903 -0.293092
0.904 -0.295482
0.905 -0.297983
0.906 -0.300595
0.907 -0.303319
0.908 -0.306153
0.909 -0.309098
0.91 -0.312153
0.911 -0.315319
0.912 -0.318596
0.913 -0.321983
0.914 -0.325481
0.915 -0.329088
0.916 -0.332805
0.917 -0.336631
0.918 -0.340567
0.919 -0.344612
0.92 -0.348765
0.921 -0.353027
0.922 -0.357396
0.923 -0.361873
0.924 -0.366457
0.925 -0.371148
0.926 -0.375946
0.927 -0.380849
0.928 -0.385857
0.929 -0.39097
0.93 -0.396188
0.931 -0.401509
0.932 -0.406934
0.933 -0.412461
0.934 -0.41809
0.935 -0.42382
0.936 -0.429652
0.937 -0.435583
0.938 -0.441613
0.939 -0.447742
0.94 -0.45397
0.941 -0.460294
0.942 -0.466715
0.943 -0.473231
0.944 -0.479842
0.945 -0.486548
0.946 -0.493346
0.947 -0.500237
0.948 -0.50722
0.949 -0.514293
0.95 -0.521456
0.951 -0.528707
0.952 -0.536047
0.953 -0.543474
0.954 -0.550987
0.955 -0.558585
0.956 -0.566267
0.957 -0.574032
0.958 -0.58188
0.959 -0.589808
0.96 -0.597817
0.961 -0.605905
0.962 -0.614071
0.963 -0.622314
0.964 -0.630633
0.965 -0.639027
0.966 -0.647494
0.967 -0.656035
0.968 -0.664647
0.969 -0.67333
0.97 -0.682082
0.971 -0.690902
0.972 -0.69979
0.973 -0.708744
0.974 -0.717762
0.975 -0.726845
0.976 -0.73599
0.977 -0.745196
0.978 -0.754463
0.979 -0.76379
0.98 -0.773174
0.981 -0.782615
0.982 -0.792112
0.983 -0.801663
0.984 -0.811268
0.985 -0.820925
0.986 -0.830633
0.987 -0.840391
0.988 -0.850197
0.989 -0.860051
0.99 -0.869952
0.991 -0.879898
0.992 -0.889887
0.993 -0.89992
0.994 -0.909994
0.995 -0.920109
0.996 -0.930263
0.997 -0.940455
0.998 -0.950684
0.999 -0.960949
1 -0.971249
1.001 -10
