0 0
0.001 0.471115
0.002 0.477515
0.003 0.483906
0.004 0.490287
0.005 0.496658
0.006 0.503019
0.007 0.50937
0.008 0.515709
0.009 0.522038
0.01 0.528356
0.011 0.534662
0.012 0.540956
0.013 0.547238
0.014 0.553508
0.015 0.559766
0.016 0.56601
0.017 0.572242
0.018 0.57846
0.019 0.584665
0.02 0.590857
0.021 0.597034
0.022 0.603197
0.023 0.609346
0.024 0.61548
0.025 0.6216
0.026 0.627705
0.027 0.633794
0.028 0.639868
0.029 0.645927
0.03 0.65197
0.031 0.657997
0.032 0.664009
0.033 0.670004
0.034 0.675982
0.035 0.681944
0.036 0.68789
0.037 0.693819
0.038 0.69973
0.039 0.705625
0.04 0.711503
0.041 0.717363
0.042 0.723206
0.043 0.729032
0.044 0.734839
0.045 0.740629
0.046 0.746402
0.047 0.752156
0.048 0.757893
0.049 0.763611
0.05 0.769312
0.051 0.774994
0.052 0.780658
0.053 0.786304
0.054 0.791931
0.055 0.79754
0.056 0.803131
0.057 0.808703
0.058 0.814257
0.059 0.819792
0.06 0.825309
0.061 0.830807
0.062 0.836287
0.063 0.841748
0.064 0.847191
0.065 0.852615
0.066 0.858021
0.067 0.863409
0.068 0.868778
0.069 0.874128
0.07 0.87946
0.071 0.884774
0.072 0.89007
0.073 0.895347
0.074 0.900606
0.075 0.905847
0.076 0.91107
0.077 0.916275
0.078 0.921462
0.079 0.926631
0.08 0.931782
0.081 0.936915
0.082 0.942031
0.083 0.947129
0.084 0.95221
0.085 0.957274
0.086 0.96232
0.087 0.967348
0.088 0.97236
0.089 0.977355
0.09 0.982333
0.091 0.987294
0.092 0.992238
0.093 0.997166
0.094 1.00208
0.095 1.00697
0.096 1.01185
0.097 1.01671
0.098 1.02156
0.099 1.02639
0.1 1.03121
0.101 1.036
0.102 1.04079
0.103 1.04556
0.104 1.05031
0.105 1.05505
0.106 1.05977
0.107 1.06448
0.108 1.06917
0.109 1.07385
0.11 1.07852
0.111 1.08317
0.112 1.0878
0.113 1.09243
0.114 1.09704
0.115 1.10163
0.116 1.10621
0.117 1.11078
0.118 1.11533
0.119 1.11988
0.12 1.1244
0.121 1.12892
0.122 1.13342
0.123 1.13791
0.124 1.14239
0.125 1.14686
0.126 1.15131
0.127 1.15575
0.128 1.16018
0.129 1.1646
0.13 1.16901
0.131 1.17341
0.132 1.17779
0.133 1.18216
0.134 1.18653
0.135 1.19088
0.136 1.19522
0.137 1.19955
0.138 1.20387
0.139 1.20818
0.14 1.21248
0.141 1.21677
0.142 1.22105
0.143 1.22532
0.144 1.22959
0.145 1.23384
0.146 1.23808
0.147 1.24232
0.148 1.24654
0.149 1.25076
0.15 1.25497
0.151 1.25917
0.152 1.26336
0.153 1.26754
0.154 1.27172
0.155 1.27589
0.156 1.28005
0.157 1.2842
0.158 1.28834
0.159 1.29248
0.16 1.29661
0.161 1.30074
0.162 1.30485
0.163 1.30896
0.164 1.31307
0.165 1.31716
0.166 1.32125
0.167 1.32534
0.168 1.32942
0.169 1.33349
0.17 1.33756
0.171 1.34162
0.172 1.34567
0.173 1.34972
0.174 1.35377
0.175 1.35781
0.176 1.36184
0.177 1.36587
0.178 1.3699
0.179 1.37392
0.18 1.37793
0.181 1.38195
0.182 1.38595
0.183 1.38996
0.184 1.39396
0.185 1.39795
0.186 1.40194
0.187 1.40593
0.188 1.40992
0.189 1.4139
0.19 1.41788
0.191 1.42185
0.192 1.42582
0.193 1.42979
0.194 1.43376
0.195 1.43772
0.196 1.44168
0.197 1.44564
0.198 1.4496
0.199 1.45355
0.2 1.4575
0.201 1.46145
0.202 1.4654
0.203 1.46935
0.204 1.47329
0.205 1.47724
0.206 1.48118
0.207 1.48512
0.208 1.48906
0.209 1.493
0.21 1.49694
0.211 1.50087
0.212 1.50481
0.213 1.50874
0.214 1.51268
0.215 1.51661
0.216 1.52055
0.217 1.52448
0.218 1.52841
0.219 1.53235
0.22 1.53628
0.221 1.54021
0.222 1.54415
0.223 1.54808
0.224 1.55201
0.225 1.55595
0.226 1.55988
0.227 1.56382
0.228 1.56776
0.229 1.5717
0.23 1.57563
0.231 1.57957
0.232 1.58351
0.233 1.58746
0.234 1.5914
0.235 1.59535
0.236 1.59929
0.237 1.60324
0.238 1.60719
0.239 1.61114
0.24 1.61509
0.241 1.61905
0.242 1.623
0.243 1.62696
0.244 1.63092
0.245 1.63489
0.246 1.63885
0.247 1.64282
0.248 1.64679
0.249 1.65076
0.25 1.65473
0.251 1.65871
0.252 1.66269
0.253 1.66667
0.254 1.67066
0.255 1.67465
0.256 1.67864
0.257 1.68263
0.258 1.68663
0.259 1.69063
0.26 1.69463
0.261 1.69864
0.262 1.70265
0.263 1.70666
0.264 1.71068
0.265 1.7147
0.266 1.71872
0.267 1.72274
0.268 1.72677
0.269 1.73081
0.27 1.73484
0.271 1.73889
0.272 1.74293
0.273 1.74698
0.274 1.75103
0.275 1.75509
0.276 1.75915
0.277 1.76321
0.278 1.76728
0.279 1.77135
0.28 1.77543
0.281 1.77951
0.282 1.78359
0.283 1.78768
0.284 1.79177
0.285 1.79587
0.286 1.79997
0.287 1.80407
0.288 1.80818
0.289 1.8123
0.29 1.81641
0.291 1.82054
0.292 1.82466
0.293 1.8288
0.294 1.83293
0.295 1.83707
0.296 1.84122
0.297 1.84537
0.298 1.84952
0.299 1.85368
0.3 1.85784
0.301 1.86201
0.302 1.86619
0.303 1.87036
0.304 1.87455
0.305 1.87873
0.306 1.88293
0.307 1.88712
0.308 1.89132
0.309 1.89553
0.31 1.89974
0.311 1.90396
0.312 1.90818
0.313 1.91241
0.314 1.91664
0.315 1.92087
0.316 1.92512
0.317 1.92936
0.318 1.93361
0.319 1.93787
0.32 1.94213
0.321 1.9464
0.322 1.95067
0.323 1.95495
0.324 1.95923
0.325 1.96352
0.326 1.96781
0.327 1.97211
0.328 1.97641
0.329 1.98072
0.33 1.98503
0.331 1.98935
0.332 1.99367
0.333 1.998
0.334 2.00234
0.335 2.00668
0.336 2.01102
0.337 2.01537
0.338 2.01973
0.339 2.02409
0.34 2.02846
0.341 2.03283
0.342 2.03721
0.343 2.04159
0.344 2.04598
0.345 2.05037
0.346 2.05477
0.347 2.05918
0.348 2.06359
0.349 2.06801
0.35 2.07243
0.351 2.07686
0.352 2.0813
0.353 2.08574
0.354 2.09018
0.355 2.09463
0.356 2.09909
0.357 2.10356
0.358 2.10802
0.359 2.1125
0.36 2.11698
0.361 2.12147
0.362 2.12596
0.363 2.13046
0.364 2.13497
0.365 2.13948
0.366 2.144
0.367 2.14852
0.368 2.15305
0.369 2.15759
0.37 2.16213
0.371 2.16668
0.372 2.17124
0.373 2.1758
0.374 2.18037
0.375 2.18495
0.376 2.18953
0.377 2.19412
0.378 2.19872
0.379 2.20332
0.38 2.20793
0.381 2.21254
0.382 2.21717
0.383 2.2218
0.384 2.22644
0.385 2.23108
0.386 2.23573
0.387 2.24039
0.388 2.24506
0.389 2.24973
0.39 2.25441
0.391 2.2591
0.392 2.2638
0.393 2.2685
0.394 2.27321
0.395 2.27793
0.396 2.28266
0.397 2.28739
0.398 2.29213
0.399 2.29688
0.4 2.30164
0.401 2.30641
0.402 2.31118
0.403 2.31597
0.404 2.32076
0.405 2.32556
0.406 2.33037
0.407 2.33518
0.408 2.34001
0.409 2.34484
0.41 2.34969
0.411 2.35454
0.412 2.3594
0.413 2.36427
0.414 2.36915
0.415 2.37404
0.416 2.37894
0.417 2.38385
0.418 2.38877
0.419 2.39369
0.42 2.39863
0.421 2.40358
0.422 2.40854
0.423 2.41351
0.424 2.41848
0.425 2.42347
0.426 2.42847
0.427 2.43348
0.428 2.4385
0.429 2.44353
0.43 2.44857
0.431 2.45363
0.432 2.45869
0.433 2.46377
0.434 2.46885
0.435 2.47395
0.436 2.47906
0.437 2.48418
0.438 2.48932
0.439 2.49446
0.44 2.49962
0.441 2.50479
0.442 2.50997
0.443 2.51517
0.444 2.52037
0.445 2.5256
0.446 2.53083
0.447 2.53608
0.448 2.54134
0.449 2.54661
0.45 2.5519
0.451 2.5572
0.452 2.56251
0.453 2.56784
0.454 2.57318
0.455 2.57854
0.456 2.58391
0.457 2.5893
0.458 2.5947
0.459 2.60012
0.46 2.60555
0.461 2.61099
0.462 2.61646
0.463 2.62193
0.464 2.62743
0.465 2.63294
0.466 2.63846
0.467 2.644
0.468 2.64956
0.469 2.65514
0.47 2.66073
0.471 2.66634
0.472 2.67197
0.473 2.67761
0.474 2.68327
0.475 2.68895
0.476 2.69465
0.477 2.70036
0.478 2.7061
0.479 2.71185
0.48 2.71762
0.481 2.72341
0.482 2.72922
0.483 2.73505
0.484 2.7409
0.485 2.74676
0.486 2.75265
0.487 2.75856
0.488 2.76449
0.489 2.77044
0.49 2.77641
0.491 2.7824
0.492 2.78841
0.493 2.79445
0.494 2.8005
0.495 2.80658
0.496 2.81268
0.497 2.8188
0.498 2.82495
0.499 2.83112
0.5 2.83731
0.501 2.84352
0.502 2.84976
0.503 2.85602
0.504 2.86231
0.505 2.86862
0.506 2.87495
0.507 2.88131
0.508 2.8877
0.509 2.89411
0.51 2.90055
0.511 2.90701
0.512 2.9135
0.513 2.92001
0.514 2.92655
0.515 2.93312
0.516 2.93972
0.517 2.94634
0.518 2.95299
0.519 2.95967
0.52 2.96638
0.521 2.97311
0.522 2.97988
0.523 2.98667
0.524 2.99349
0.525 3.00035
0.526 3.00723
0.527 3.01414
0.528 3.02109
0.529 3.02806
0.53 3.03507
0.531 3.0421
0.532 3.04917
0.533 3.05627
0.534 3.06341
0.535 3.07057
0.536 3.07777
0.537 3.085
0.538 3.09227
0.539 3.09957
0.54 3.10691
0.541 3.11427
0.542 3.12168
0.543 3.12912
0.544 3.13659
0.545 3.1441
0.546 3.15165
0.547 3.15923
0.548 3.16685
0.549 3.17451
0.55 3.1822
0.551 3.18994
0.552 3.19771
0.553 3.20552
0.554 3.21336
0.555 3.22125
0.556 3.22918
0.557 3.23714
0.558 3.24515
0.559 3.2532
0.56 3.26129
0.561 3.26942
0.562 3.27759
0.563 3.2858
0.564 3.29406
0.565 3.30236
0.566 3.3107
0.567 3.31908
0.568 3.32751
0.569 3.33598
0.57 3.3445
0.571 3.35306
0.572 3.36167
0.573 3.37032
0.574 3.37902
0.575 3.38777
0.576 3.39656
0.577 3.4054
0.578 3.41429
0.579 3.42322
0.58 3.4322
0.581 3.44123
0.582 3.45031
0.583 3.45944
0.584 3.46862
0.585 3.47785
0.586 3.48713
0.587 3.49646
0.588 3.50584
0.589 3.51528
0.59 3.52476
0.591 3.5343
0.592 3.54389
0.593 3.55353
0.594 3.56323
0.595 3.57298
0.596 3.58279
0.597 3.59264
0.598 3.60256
0.599 3.61253
0.6 3.62255
0.601 3.63263
0.602 3.64277
0.603 3.65296
0.604 3.66321
0.605 3.67352
0.606 3.68389
0.607 3.69431
0.608 3.70479
0.609 3.71534
0.61 3.72594
0.611 3.7366
0.612 3.74732
0.613 3.7581
0.614 3.76894
0.615 3.77984
0.616 3.7908
0.617 3.80182
0.618 3.81291
0.619 3.82406
0.62 3.83527
0.621 3.84654
0.622 3.85788
0.623 3.86928
0.624 3.88074
0.625 3.89227
0.626 3.90386
0.627 3.91551
0.628 3.92723
0.629 3.93902
0.63 3.95087
0.631 3.96279
0.632 3.97477
0.633 3.98681
0.634 3.99893
0.635 4.01111
0.636 4.02336
0.637 4.03567
0.638 4.04805
0.639 4.0605
0.64 4.07302
0.641 4.0856
0.642 4.09825
0.643 4.11097
0.644 4.12376
0.645 4.13661
0.646 4.14954
0.647 4.16253
0.648 4.17559
0.649 4.18872
0.65 4.20192
0.651 4.21519
0.652 4.22852
0.653 4.24193
0.654 4.2554
0.655 4.26894
0.656 4.28256
0.657 4.29624
0.658 4.30999
0.659 4.32381
0.66 4.33769
0.661 4.35165
0.662 4.36568
0.663 4.37977
0.664 4.39393
0.665 4.40816
0.666 4.42246
0.667 4.43683
0.668 4.45127
0.669 4.46577
0.67 4.48035
0.671 4.49498
0.672 4.50969
0.673 4.52446
0.674 4.53931
0.675 4.55421
0.676 4.56919
0.677 4.58422
0.678 4.59933
0.679 4.6145
0.68 4.62973
0.681 4.64503
0.682 4.66039
0.683 4.67582
0.684 4.69131
0.685 4.70686
0.686 4.72248
0.687 4.73815
0.688 4.75389
0.689 4.76969
0.69 4.78555
0.691 4.80146
0.692 4.81744
0.693 4.83347
0.694 4.84956
0.695 4.86571
0.696 4.88192
0.697 4.89818
0.698 4.91449
0.699 4.93086
0.7 4.94728
0.701 4.96375
0.702 4.98028
0.703 4.99685
0.704 5.01348
0.705 5.03015
0.706 5.04687
0.707 5.06364
0.708 5.08046
0.709 5.09732
0.71 5.11422
0.711 5.13117
0.712 5.14815
0.713 5.16518
0.714 5.18225
0.715 5.19936
0.716 5.2165
0.717 5.23368
0.718 5.2509
0.719 5.26815
0.72 5.28543
0.721 5.30275
0.722 5.32009
0.723 5.33746
0.724 5.35486
0.725 5.37229
0.726 5.38974
0.727 5.40721
0.728 5.42471
0.729 5.44223
0.73 5.45976
0.731 5.47732
0.732 5.49489
0.733 5.51247
0.734 5.53007
0.735 5.54768
0.736 5.5653
0.737 5.58293
0.738 5.60057
0.739 5.61821
0.74 5.63586
0.741 5.65351
0.742 5.67116
0.743 5.68881
0.744 5.70645
0.745 5.7241
0.746 5.74173
0.747 5.75936
0.748 5.77699
0.749 5.7946
0.75 5.81219
0.751 5.82978
0.752 5.84735
0.753 5.8649
0.754 5.88243
0.755 5.89994
0.756 5.91743
0.757 5.93489
0.758 5.95233
0.759 5.96974
0.76 5.98712
0.761 6.00447
0.762 6.02179
0.763 6.03907
0.764 6.05631
0.765 6.07352
0.766 6.09068
0.767 6.10781
0.768 6.12489
0.769 6.14193
0.77 6.15892
0.771 6.17586
0.772 6.19275
0.773 6.20959
0.774 6.22637
0.775 6.2431
0.776 6.25977
0.777 6.27639
0.778 6.29294
0.779 6.30943
0.78 6.32586
0.781 6.34222
0.782 6.35852
0.783 6.37475
0.784 6.3909
0.785 6.40699
0.786 6.423
0.787 6.43894
0.788 6.4548
0.789 6.47059
0.79 6.4863
0.791 6.50192
0.792 6.51746
0.793 6.53292
0.794 6.5483
0.795 6.56359
0.796 6.57879
0.797 6.5939
0.798 6.60893
0.799 6.62386
0.8 6.6387
0.801 6.65345
0.802 6.6681
0.803 6.68265
0.804 6.69711
0.805 6.71147
0.806 6.72573
0.807 6.73989
0.808 6.75394
0.809 6.7679
0.81 6.78175
0.811 6.7955
0.812 6.80914
0.813 6.82268
0.814 6.8361
0.815 6.84943
0.816 6.86264
0.817 6.87574
0.818 6.88873
0.819 6.90161
0.82 6.91438
0.821 6.92704
0.822 6.93958
0.823 6.95202
0.824 6.96433
0.825 6.97653
0.826 6.98862
0.827 7.00059
0.828 7.01245
0.829 7.02419
0.83 7.03581
0.831 7.04732
0.832 7.05871
0.833 7.06998
0.834 7.08113
0.835 7.09217
0.836 7.10309
0.837 7.11389
0.838 7.12457
0.839 7.13513
0.84 7.14557
0.841 7.1559
0.842 7.16611
0.843 7.1762
0.844 7.18617
0.845 7.19602
0.846 7.20575
0.847 7.21537
0.848 7.22486
0.849 7.23424
0.85 7.24351
0.851 7.25265
0.852 7.26168
0.853 7.27059
0.854 7.27939
0.855 7.28807
0.856 7.29663
0.857 7.30508
0.858 7.31341
0.859 7.32163
0.86 7.32974
0.861 7.33773
0.862 7.34561
0.863 7.35338
0.864 7.36104
0.865 7.36858
0.866 7.37602
0.867 7.38334
0.868 7.39055
0.869 7.39766
0.87 7.40466
0.871 7.41155
0.872 7.41833
0.873 7.42501
0.874 7.43159
0.875 7.43806
0.876 7.44442
0.877 7.45068
0.878 7.45684
0.879 7.4629
0.88 7.46886
0.881 7.47472
0.882 7.48048
0.883 7.48614
0.884 7.4917
0.885 7.49717
0.886 7.50254
0.887 7.50782
0.888 7.51301
0.889 7.5181
0.89 7.5231
0.891 7.528
0.892 7.53282
0.893 7.53755
0.894 7.54219
0.895 7.54674
0.896 7.55121
0.897 7.55558
0.898 7.55988
0.899 7.56409
0.9 7.56822
0.901 7.57227
0.902 7.57623
0.903 7.58012
0.904 7.58392
0.905 7.58765
0.906 7.5913
0.907 7.59487
0.908 7.59837
0.909 7.60179
0.91 7.60514
0.911 7.60842
0.912 7.61163
0.913 7.61476
0.914 7.61782
0.915 7.62082
0.916 7.62375
0.917 7.62661
0.918 7.6294
0.919 7.63213
0.92 7.63479
0.921 7.63739
0.922 7.63993
0.923 7.6424
0.924 7.64481
0.925 7.64717
0.926 7.64946
0.927 7.6517
0.928 7.65387
0.929 7.65599
0.93 7.65806
0.931 7.66007
0.932 7.66202
0.933 7.66392
0.934 7.66577
0.935 7.66757
0.936 7.66932
0.937 7.67101
0.938 7.67266
0.939 7.67425
0.94 7.6758
0.941 7.6773
0.942 7.67876
0.943 7.68017
0.944 7.68153
0.945 7.68285
0.946 7.68413
0.947 7.68536
0.948 7.68655
0.949 7.6877
0.95 7.68881
0.951 7.68988
0.952 7.69091
0.953 7.6919
0.954 7.69285
0.955 7.69376
0.956 7.69464
0.957 7.69548
0.958 7.69629
0.959 7.69706
0.96 7.69779
0.961 7.69849
0.962 7.69916
0.963 7.6998
0.964 7.7004
0.965 7.70098
0.966 7.70152
0.967 7.70203
0.968 7.70251
0.969 7.70296
0.97 7.70339
0.971 7.70378
0.972 7.70415
0.973 7.70449
0.974 7.7048
0.975 7.70509
0.976 7.70535
0.977 7.70559
0.978 7.7058
0.979 7.70599
0.98 7.70615
0.981 7.70629
0.982 7.70641
0.983 7.7065
0.984 7.70658
0.985 7.70663
0.986 7.70666
0.987 7.70667
0.988 7.70665
0.989 7.70662
0.99 7.70657
0.991 7.7065
0.992 7.70641
0.993 7.7063
0.994 7.70618
0.995 7.70603
0.996 7.70587
0.997 7.70569
0.998 7.7055
0.999 7.70529
1 7.70506
1.001 0
