0 -10
0.001 -5.47316
0.002 -5.45962
0.003 -5.4461
0.004 -5.4326
0.005 -5.41912
0.006 -5.40565
0.007 -5.39221
0.008 -5.37879
0.009 -5.36539
0.01 -5.35202
0.011 -5.33867
0.012 -5.32534
0.013 -5.31203
0.014 -5.29875
0.015 -5.2855
0.016 -5.27227
0.017 -5.25907
0.018 -5.24589
0.019 -5.23274
0.02 -5.21962
0.021 -5.20653
0.022 -5.19346
0.023 -5.18043
0.024 -5.16742
0.025 -5.15444
0.026 -5.1415
0.027 -5.12858
0.028 -5.1157
0.029 -5.10285
0.03 -5.09003
0.031 -5.07724
0.032 -5.06449
0.033 -5.05177
0.034 -5.03908
0.035 -5.02643
0.036 -5.01381
0.037 -5.00122
0.038 -4.98868
0.039 -4.97616
0.04 -4.96368
0.041 -4.95124
0.042 -4.93884
0.043 -4.92647
0.044 -4.91414
0.045 -4.90185
0.046 -4.88959
0.047 -4.87737
0.048 -4.86519
0.049 -4.85305
0.05 -4.84095
0.051 -4.82888
0.052 -4.81686
0.053 -4.80487
0.054 -4.79292
0.055 -4.78101
0.056 -4.76915
0.057 -4.75732
0.058 -4.74553
0.059 -4.73378
0.06 -4.72208
0.061 -4.71041
0.062 -4.69878
0.063 -4.6872
0.064 -4.67565
0.065 -4.66415
0.066 -4.65268
0.067 -4.64126
0.068 -4.62988
0.069 -4.61854
0.07 -4.60724
0.071 -4.59598
0.072 -4.58477
0.073 -4.57359
0.074 -4.56246
0.075 -4.55137
0.076 -4.54032
0.077 -4.52931
0.078 -4.51834
0.079 -4.50741
0.08 -4.49652
0.081 -4.48568
0.082 -4.47487
0.083 -4.46411
0.084 -4.45339
0.085 -4.44271
0.086 -4.43207
0.087 -4.42147
0.088 -4.41091
0.089 -4.40039
0.09 -4.38992
0.091 -4.37948
0.092 -4.36909
0.093 -4.35873
0.094 -4.34841
0.095 -4.33814
0.096 -4.3279
0.097 -4.31771
0.098 -4.30755
0.099 -4.29743
0.1 -4.28735
0.101 -4.27732
0.102 -4.26732
0.103 -4.25736
0.104 -4.24744
0.105 -4.23755
0.106 -4.22771
0.107 -4.2179
0.108 -4.20813
0.109 -4.1984
0.11 -4.18871
0.111 -4.17906
0.112 -4.16944
0.113 -4.15986
0.114 -4.15032
0.115 -4.14081
0.116 -4.13134
0.117 -4.12191
0.118 -4.11251
0.119 -4.10315
0.12 -4.09383
0.121 -4.08454
0.122 -4.07529
0.123 -4.06607
0.124 -4.05689
0.125 -4.04774
0.126 -4.03863
0.127 -4.02955
0.128 -4.0205
0.129 -4.01149
0.13 -4.00252
0.131 -3.99358
0.132 -3.98467
0.133 -3.97579
0.134 -3.96695
0.135 -3.95814
0.136 -3.94937
0.137 -3.94062
0.138 -3.93191
0.139 -3.92323
0.14 -3.91458
0.141 -3.90597
0.142 -3.89738
0.143 -3.88883
0.144 -3.88031
0.145 -3.87182
0.146 -3.86336
0.147 -3.85492
0.148 -3.84652
0.149 -3.83815
0.15 -3.82981
0.151 -3.8215
0.152 -3.81322
0.153 -3.80497
0.154 -3.79674
0.155 -3.78855
0.156 -3.78038
0.157 -3.77224
0.158 -3.76413
0.159 -3.75605
0.16 -3.748
0.161 -3.73997
0.162 -3.73197
0.163 -3.724
0.164 -3.71605
0.165 -3.70813
0.166 -3.70024
0.167 -3.69237
0.168 -3.68453
0.169 -3.67671
0.17 -3.66892
0.171 -3.66116
0.172 -3.65342
0.173 -3.6457
0.174 -3.63801
0.175 -3.63035
0.176 -3.62271
0.177 -3.61509
0.178 -3.6075
0.179 -3.59993
0.18 -3.59238
0.181 -3.58486
0.182 -3.57736
0.183 -3.56989
0.184 -3.56243
0.185 -3.555
0.186 -3.54759
0.187 -3.54021
0.188 -3.53284
0.189 -3.5255
0.19 -3.51818
0.191 -3.51088
0.192 -3.5036
0.193 -3.49634
0.194 -3.48911
0.195 -3.48189
0.196 -3.4747
0.197 -3.46752
0.198 -3.46037
0.199 -3.45323
0.2 -3.44612
0.201 -3.43902
0.202 -3.43194
0.203 -3.42489
0.204 -3.41785
0.205 -3.41083
0.206 -3.40383
0.207 -3.39685
0.208 -3.38988
0.209 -3.38294
0.21 -3.37601
0.211 -3.3691
0.212 -3.36221
0.213 -3.35533
0.214 -3.34848
0.215 -3.34164
0.216 -3.33482
0.217 -3.32801
0.218 -3.32122
0.219 -3.31445
0.22 -3.30769
0.221 -3.30096
0.222 -3.29423
0.223 -3.28753
0.224 -3.28083
0.225 -3.27416
0.226 -3.2675
0.227 -3.26086
0.228 -3.25423
0.229 -3.24761
0.23 -3.24102
0.231 -3.23443
0.232 -3.22786
0.233 -3.22131
0.234 -3.21477
0.235 -3.20825
0.236 -3.20174
0.237 -3.19524
0.238 -3.18876
0.239 -3.18229
0.24 -3.17584
0.241 -3.1694
0.242 -3.16297
0.243 -3.15656
0.244 -3.15016
0.245 -3.14377
0.246 -3.1374
0.247 -3.13104
0.248 -3.1247
0.249 -3.11836
0.25 -3.11204
0.251 -3.10574
0.252 -3.09944
0.253 -3.09316
0.254 -3.08689
0.255 -3.08064
0.256 -3.07439
0.257 -3.06816
0.258 -3.06194
0.259 -3.05573
0.26 -3.04954
0.261 -3.04335
0.262 -3.03718
0.263 -3.03102
0.264 -3.02488
0.265 -3.01874
0.266 -3.01262
0.267 -3.0065
0.268 -3.0004
0.269 -2.99431
0.27 -2.98824
0.271 -2.98217
0.272 -2.97612
0.273 -2.97007
0.274 -2.96404
0.275 -2.95802
0.276 -2.95201
0.277 -2.94601
0.278 -2.94002
0.279 -2.93405
0.28 -2.92808
0.281 -2.92213
0.282 -2.91618
0.283 -2.91025
0.284 -2.90433
0.285 -2.89841
0.286 -2.89251
0.287 -2.88662
0.288 -2.88075
0.289 -2.87488
0.29 -2.86902
0.291 -2.86317
0.292 -2.85733
0.293 -2.85151
0.294 -2.84569
0.295 -2.83989
0.296 -2.83409
0.297 -2.82831
0.298 -2.82253
0.299 -2.81677
0.3 -2.81102
0.301 -2.80527
0.302 -2.79954
0.303 -2.79382
0.304 -2.7881
0.305 -2.7824
0.306 -2.77671
0.307 -2.77103
0.308 -2.76536
0.309 -2.75969
0.31 -2.75404
0.311 -2.7484
0.312 -2.74277
0.313 -2.73715
0.314 -2.73154
0.315 -2.72593
0.316 -2.72034
0.317 -2.71476
0.318 -2.70919
0.319 -2.70363
0.32 -2.69808
0.321 -2.69253
0.322 -2.687
0.323 -2.68148
0.324 -2.67597
0.325 -2.67046
0.326 -2.66497
0.327 -2.65949
0.328 -2.65401
0.329 -2.64855
0.33 -2.64309
0.331 -2.63765
0.332 -2.63221
0.333 -2.62679
0.334 -2.62137
0.335 -2.61596
0.336 -2.61057
0.337 -2.60518
0.338 -2.5998
0.339 -2.59443
0.34 -2.58907
0.341 -2.58372
0.342 -2.57838
0.343 -2.57305
0.344 -2.56773
0.345 -2.56241
0.346 -2.55711
0.347 -2.55182
0.348 -2.54653
0.349 -2.54125
0.35 -2.53598
0.351 -2.53073
0.352 -2.52548
0.353 -2.52024
0.354 -2.515
0.355 -2.50978
0.356 -2.50457
0.357 -2.49936
0.358 -2.49416
0.359 -2.48898
0.36 -2.4838
0.361 -2.47862
0.362 -2.47346
0.363 -2.46831
0.364 -2.46316
0.365 -2.45803
0.366 -2.4529
0.367 -2.44778
0.368 -2.44266
0.369 -2.43756
0.37 -2.43246
0.371 -2.42738
0.372 -2.4223
0.373 -2.41723
0.374 -2.41216
0.375 -2.40711
0.376 -2.40206
0.377 -2.39702
0.378 -2.39198
0.379 -2.38696
0.38 -2.38194
0.381 -2.37693
0.382 -2.37193
0.383 -2.36693
0.384 -2.36194
0.385 -2.35696
0.386 -2.35199
0.387 -2.34702
0.388 -2.34206
0.389 -2.33711
0.39 -2.33216
0.391 -2.32722
0.392 -2.32229
0.393 -2.31737
0.394 -2.31245
0.395 -2.30753
0.396 -2.30263
0.397 -2.29773
0.398 -2.29283
0.399 -2.28795
0.4 -2.28307
0.401 -2.27819
0.402 -2.27332
0.403 -2.26846
0.404 -2.2636
0.405 -2.25875
0.406 -2.2539
0.407 -2.24906
0.408 -2.24422
0.409 -2.23939
0.41 -2.23457
0.411 -2.22975
0.412 -2.22493
0.413 -2.22012
0.414 -2.21532
0.415 -2.21052
0.416 -2.20572
0.417 -2.20093
0.418 -2.19614
0.419 -2.19136
0.42 -2.18658
0.421 -2.18181
0.422 -2.17704
0.423 -2.17227
0.424 -2.16751
0.425 -2.16275
0.426 -2.158
0.427 -2.15325
0.428 -2.1485
0.429 -2.14375
0.43 -2.13901
0.431 -2.13428
0.432 -2.12954
0.433 -2.12481
0.434 -2.12008
0.435 -2.11535
0.436 -2.11063
0.437 -2.10591
0.438 -2.10119
0.439 -2.09647
0.44 -2.09176
0.441 -2.08705
0.442 -2.08234
0.443 -2.07763
0.444 -2.07292
0.445 -2.06822
0.446 -2.06351
0.447 -2.05881
0.448 -2.05411
0.449 -2.04941
0.45 -2.04471
0.451 -2.04002
0.452 -2.03532
0.453 -2.03062
0.454 -2.02593
0.455 -2.02123
0.456 -2.01654
0.457 -2.01184
0.458 -2.00715
0.459 -2.00245
0.46 -1.99775
0.461 -1.99306
0.462 -1.98836
0.463 -1.98367
0.464 -1.97897
0.465 -1.97427
0.466 -1.96957
0.467 -1.96487
0.468 -1.96017
0.469 -1.95547
0.47 -1.95076
0.471 -1.94606
0.472 -1.94135
0.473 -1.93664
0.474 -1.93193
0.475 -1.92722
0.476 -1.9225
0.477 -1.91779
0.478 -1.91306
0.479 -1.90834
0.48 -1.90362
0.481 -1.89889
0.482 -1.89416
0.483 -1.88942
0.484 -1.88468
0.485 -1.87994
0.486 -1.8752
0.487 -1.87045
0.488 -1.8657
0.489 -1.86094
0.49 -1.85618
0.491 -1.85141
0.492 -1.84664
0.493 -1.84187
0.494 -1.83709
0.495 -1.83231
0.496 -1.82752
0.497 -1.82273
0.498 -1.81793
0.499 -1.81313
0.5 -1.80832
0.501 -1.8035
0.502 -1.79868
0.503 -1.79385
0.504 -1.78902
0.505 -1.78418
0.506 -1.77934
0.507 -1.77449
0.508 -1.76963
0.509 -1.76476
0.51 -1.75989
0.511 -1.75501
0.512 -1.75013
0.513 -1.74523
0.514 -1.74033
0.515 -1.73543
0.516 -1.73051
0.517 -1.72559
0.518 -1.72065
0.519 -1.71571
0.52 -1.71077
0.521 -1.70581
0.522 -1.70084
0.523 -1.69587
0.524 -1.69089
0.525 -1.6859
0.526 -1.6809
0.527 -1.67589
0.528 -1.67087
0.529 -1.66584
0.53 -1.6608
0.531 -1.65575
0.532 -1.65069
0.533 -1.64562
0.534 -1.64054
0.535 -1.63545
0.536 -1.63035
0.537 -1.62524
0.538 -1.62012
0.539 -1.61499
0.54 -1.60984
0.541 -1.60469
0.542 -1.59952
0.543 -1.59434
0.544 -1.58915
0.545 -1.58395
0.546 -1.57874
0.547 -1.57351
0.548 -1.56828
0.549 -1.56303
0.55 -1.55776
0.551 -1.55249
0.552 -1.5472
0.553 -1.5419
0.554 -1.53659
0.555 -1.53126
0.556 -1.52592
0.557 -1.52057
0.558 -1.5152
0.559 -1.50982
0.56 -1.50443
0.561 -1.49902
0.562 -1.4936
0.563 -1.48816
0.564 -1.48271
0.565 -1.47724
0.566 -1.47176
0.567 -1.46627
0.568 -1.46076
0.569 -1.45524
0.57 -1.4497
0.571 -1.44415
0.572 -1.43858
0.573 -1.43299
0.574 -1.42739
0.575 -1.42178
0.576 -1.41615
0.577 -1.4105
0.578 -1.40484
0.579 -1.39916
0.58 -1.39347
0.581 -1.38776
0.582 -1.38204
0.583 -1.37629
0.584 -1.37054
0.585 -1.36476
0.586 -1.35897
0.587 -1.35316
0.588 -1.34734
0.589 -1.3415
0.59 -1.33564
0.591 -1.32977
0.592 -1.32388
0.593 -1.31797
0.594 -1.31204
0.595 -1.3061
0.596 -1.30014
0.597 -1.29417
0.598 -1.28817
0.599 -1.28216
0.6 -1.27614
0.601 -1.27009
0.602 -1.26403
0.603 -1.25795
0.604 -1.25185
0.605 -1.24574
0.606 -1.23961
0.607 -1.23346
0.608 -1.22729
0.609 -1.22111
0.61 -1.21491
0.611 -1.20869
0.612 -1.20246
0.613 -1.19621
0.614 -1.18994
0.615 -1.18365
0.616 -1.17735
0.617 -1.17103
0.618 -1.16469
0.619 -1.15834
0.62 -1.15197
0.621 -1.14558
0.622 -1.13918
0.623 -1.13275
0.624 -1.12632
0.625 -1.11986
0.626 -1.1134
0.627 -1.10691
0.628 -1.10041
0.629 -1.09389
0.63 -1.08736
0.631 -1.08081
0.632 -1.07425
0.633 -1.06767
0.634 -1.06107
0.635 -1.05447
0.636 -1.04784
0.637 -1.04121
0.638 -1.03455
0.639 -1.02789
0.64 -1.02121
0.641 -1.01452
0.642 -1.00781
0.643 -1.00109
0.644 -0.994362
0.645 -0.987618
0.646 -0.980863
0.647 -0.974095
0.648 -0.967316
0.649 -0.960527
0.65 -0.953726
0.651 -0.946915
0.652 -0.940094
0.653 -0.933263
0.654 -0.926423
0.655 -0.919574
0.656 -0.912717
0.657 -0.905852
0.658 -0.898979
0.659 -0.892099
0.66 -0.885212
0.661 -0.878319
0.662 -0.87142
0.663 -0.864517
0.664 -0.857608
0.665 -0.850696
0.666 -0.843779
0.667 -0.83686
0.668 -0.829938
0.669 -0.823014
0.67 -0.816089
0.671 -0.809164
0.672 -0.802238
0.673 -0.795313
0.674 -0.788389
0.675 -0.781467
0.676 -0.774547
0.677 -0.767631
0.678 -0.760718
0.679 -0.753811
0.68 -0.746909
0.681 -0.740013
0.682 -0.733124
0.683 -0.726243
0.684 -0.71937
0.685 -0.712507
0.686 -0.705654
0.687 -0.698813
0.688 -0.691983
0.689 -0.685166
0.69 -0.678362
0.691 -0.671573
0.692 -0.6648
0.693 -0.658043
0.694 -0.651304
0.695 -0.644583
0.696 -0.637881
0.697 -0.6312
0.698 -0.62454
0.699 -0.617902
0.7 -0.611288
0.701 -0.604698
0.702 -0.598133
0.703 -0.591595
0.704 -0.585085
0.705 -0.578604
0.706 -0.572152
0.707 -0.565732
0.708 -0.559343
0.709 -0.552988
0.71 -0.546667
0.711 -0.540382
0.712 -0.534134
0.713 -0.527923
0.714 -0.521752
0.715 -0.515621
0.716 -0.509531
0.717 -0.503485
0.718 -0.497482
0.719 -0.491525
0.72 -0.485614
0.721 -0.479752
0.722 -0.473938
0.723 -0.468175
0.724 -0.462463
0.725 -0.456804
0.726 -0.4512
0.727 -0.445651
0.728 -0.440159
0.729 -0.434725
0.73 -0.42935
0.731 -0.424036
0.732 -0.418785
0.733 -0.413597
0.734 -0.408473
0.735 -0.403416
0.736 -0.398426
0.737 -0.393504
0.738 -0.388653
0.739 -0.383873
0.74 -0.379166
0.741 -0.374532
0.742 -0.369974
0.743 -0.365493
0.744 -0.361089
0.745 -0.356765
0.746 -0.352521
0.747 -0.348359
0.748 -0.34428
0.749 -0.340286
0.75 -0.336377
0.751 -0.332554
0.752 -0.32882
0.753 -0.325176
0.754 -0.321621
0.755 -0.318159
0.756 -0.314789
0.757 -0.311514
0.758 -0.308334
0.759 -0.305251
0.76 -0.302265
0.761 -0.299378
0.762 -0.296591
0.763 -0.293906
0.764 -0.291322
0.765 -0.288841
0.766 -0.286465
0.767 -0.284194
0.768 -0.282029
0.769 -0.279971
0.77 -0.278022
0.771 -0.276182
0.772 -0.274453
0.773 -0.272834
0.774 -0.271327
0.775 -0.269933
0.776 -0.268653
0.777 -0.267487
0.778 -0.266437
0.779 -0.265503
0.78 -0.264685
0.781 -0.263985
0.782 -0.263404
0.783 -0.262941
0.784 -0.262598
0.785 -0.262376
0.786 -0.262274
0.787 -0.262293
0.788 -0.262435
0.789 -0.262698
0.79 -0.263085
0.791 -0.263595
0.792 -0.26423
0.793 -0.264988
0.794 -0.265871
0.795 -0.266878
0.796 -0.268011
0.797 -0.26927
0.798 -0.270654
0.799 -0.272165
0.8 -0.273801
0.801 -0.275564
0.802 -0.277454
0.803 -0.27947
0.804 -0.281613
0.805 -0.283882
0.806 -0.286279
0.807 -0.288802
0.808 -0.291451
0.809 -0.294227
0.81 -0.29713
0.811 -0.300159
0.812 -0.303314
0.813 -0.306596
0.814 -0.310003
0.815 -0.313535
0.816 -0.317193
0.817 -0.320975
0.818 -0.324882
0.819 -0.328913
0.82 -0.333068
0.821 -0.337347
0.822 -0.341748
0.823 -0.346271
0.824 -0.350916
0.825 -0.355683
0.826 -0.36057
0.827 -0.365577
0.828 -0.370704
0.829 -0.37595
0.83 -0.381313
0.831 -0.386794
0.832 -0.392392
0.833 -0.398106
0.834 -0.403934
0.835 -0.409878
0.836 -0.415934
0.837 -0.422103
0.838 -0.428384
0.839 -0.434776
0.84 -0.441277
0.841 -0.447887
0.842 -0.454606
0.843 -0.461431
0.844 -0.468362
0.845 -0.475398
0.846 -0.482538
0.847 -0.489781
0.848 -0.497126
0.849 -0.50457
0.85 -0.512115
0.851 -0.519757
0.852 -0.527497
0.853 -0.535333
0.854 -0.543263
0.855 -0.551287
0.856 -0.559403
0.857 -0.56761
0.858 -0.575907
0.859 -0.584293
0.86 -0.592765
0.861 -0.601324
0.862 -0.609967
0.863 -0.618693
0.864 -0.627502
0.865 -0.636391
0.866 -0.645359
0.867 -0.654406
0.868 -0.663529
0.869 -0.672727
0.87 -0.681999
0.871 -0.691343
0.872 -0.700759
0.873 -0.710244
0.874 -0.719797
0.875 -0.729417
0.876 -0.739103
0.877 -0.748853
0.878 -0.758665
0.879 -0.768539
0.88 -0.778472
0.881 -0.788464
0.882 -0.798512
0.883 -0.808617
0.884 -0.818775
0.885 -0.828986
0.886 -0.839248
0.887 -0.849561
0.888 -0.859921
0.889 -0.870329
0.89 -0.880783
0.891 -0.891281
0.892 -0.901821
0.893 -0.912403
0.894 -0.923026
0.895 -0.933687
0.896 -0.944385
0.897 -0.955119
0.898 -0.965889
0.899 -0.976691
0.9 -0.987525
0.901 -0.99839
0.902 -1.00928
0.903 -1.02021
0.904 -1.03116
0.905 -1.04213
0.906 -1.05313
0.907 -1.06415
0.908 -1.07519
0.909 -1.08625
0.91 -1.09734
0.911 -1.10844
0.912 -1.11955
0.913 -1.13068
0.914 -1.14183
0.915 -1.15299
0.916 -1.16416
0.917 -1.17534
0.918 -1.18653
0.919 -1.19773
0.92 -1.20894
0.921 -1.22015
0.922 -1.23137
0.923 -1.24259
0.924 -1.25381
0.925 -1.26504
0.926 -1.27627
0.927 -1.2875
0.928 -1.29872
0.929 -1.30995
0.93 -1.32117
0.931 -1.33238
0.932 -1.3436
0.933 -1.3548
0.934 -1.366
0.935 -1.37719
0.936 -1.38837
0.937 -1.39955
0.938 -1.41071
0.939 -1.42186
0.94 -1.433
0.941 -1.44412
0.942 -1.45524
0.943 -1.46633
0.944 -1.47742
0.945 -1.48848
0.946 -1.49953
0.947 -1.51057
0.948 -1.52158
0.949 -1.53257
0.95 -1.54355
0.951 -1.55451
0.952 -1.56544
0.953 -1.57635
0.954 -1.58725
0.955 -1.59811
0.956 -1.60896
0.957 -1.61978
0.958 -1.63058
0.959 -1.64135
0.96 -1.6521
0.961 -1.66282
0.962 -1.67351
0.963 -1.68418
0.964 -1.69482
0.965 -1.70543
0.966 -1.71601
0.967 -1.72657
0.968 -1.73709
0.969 -1.74759
0.97 -1.75805
0.971 -1.76849
0.972 -1.77889
0.973 -1.78926
0.974 -1.7996
0.975 -1.80991
0.976 -1.82019
0.977 -1.83043
0.978 -1.84064
0.979 -1.85082
0.98 -1.86097
0.981 -1.87108
0.982 -1.88115
0.983 -1.8912
0.984 -1.90121
0.985 -1.91118
0.986 -1.92112
0.987 -1.93102
0.988 -1.94089
0.989 -1.95072
0.99 -1.96052
0.991 -1.97028
0.992 -1.98001
0.993 -1.98969
0.994 -1.99935
0.995 -2.00896
0.996 -2.01854
0.997 -2.02808
0.998 -2.03759
0.999 -2.04706
1 -2.05649
1.001 -10
