0 5
0.001 3.37601
0.002 3.37324
0.003 3.37049
0.004 3.36775
0.005 3.36503
0.006 3.36232
0.007 3.35963
0.008 3.35695
0.009 3.35428
0.01 3.35163
0.011 3.349
0.012 3.34638
0.013 3.34377
0.014 3.34119
0.015 3.33861
0.016 3.33606
0.017 3.33352
0.018 3.331
0.019 3.32849
0.02 3.32601
0.021 3.32354
0.022 3.32108
0.023 3.31865
0.024 3.31623
0.025 3.31384
0.026 3.31146
0.027 3.3091
0.028 3.30675
0.029 3.30443
0.03 3.30213
0.031 3.29984
0.032 3.29758
0.033 3.29534
0.034 3.29311
0.035 3.29091
0.036 3.28872
0.037 3.28656
0.038 3.28441
0.039 3.28229
0.04 3.28019
0.041 3.27811
0.042 3.27605
0.043 3.27401
0.044 3.27199
0.045 3.27
0.046 3.26802
0.047 3.26607
0.048 3.26414
0.049 3.26223
0.05 3.26035
0.051 3.25848
0.052 3.25664
0.053 3.25482
0.054 3.25303
0.055 3.25125
0.056 3.2495
0.057 3.24777
0.058 3.24606
0.059 3.24438
0.06 3.24272
0.061 3.24108
0.062 3.23946
0.063 3.23787
0.064 3.2363
0.065 3.23475
0.066 3.23323
0.067 3.23173
0.068 3.23025
0.069 3.2288
0.07 3.22737
0.071 3.22596
0.072 3.22457
0.073 3.22321
0.074 3.22187
0.075 3.22055
0.076 3.21926
0.077 3.21799
0.078 3.21674
0.079 3.21552
0.08 3.21432
0.081 3.21314
0.082 3.21198
0.083 3.21085
0.084 3.20974
0.085 3.20865
0.086 3.20758
0.087 3.20654
0.088 3.20552
0.089 3.20452
0.09 3.20354
0.091 3.20258
0.092 3.20165
0.093 3.20074
0.094 3.19985
0.095 3.19898
0.096 3.19814
0.097 3.19731
0.098 3.19651
0.099 3.19573
0.1 3.19497
0.101 3.19423
0.102 3.19351
0.103 3.19281
0.104 3.19213
0.105 3.19147
0.106 3.19084
0.107 3.19022
0.108 3.18962
0.109 3.18905
0.11 3.18849
0.111 3.18795
0.112 3.18744
0.113 3.18694
0.114 3.18646
0.115 3.186
0.116 3.18556
0.117 3.18513
0.118 3.18473
0.119 3.18434
0.12 3.18398
0.121 3.18363
0.122 3.18329
0.123 3.18298
0.124 3.18268
0.125 3.1824
0.126 3.18214
0.127 3.1819
0.128 3.18167
0.129 3.18146
0.13 3.18126
0.131 3.18108
0.132 3.18092
0.133 3.18077
0.134 3.18064
0.135 3.18053
0.136 3.18043
0.137 3.18034
0.138 3.18027
0.139 3.18022
0.14 3.18018
0.141 3.18015
0.142 3.18014
0.143 3.18014
0.144 3.18016
0.145 3.18019
0.146 3.18024
0.147 3.18029
0.148 3.18036
0.149 3.18045
0.15 3.18055
0.151 3.18066
0.152 3.18078
0.153 3.18091
0.154 3.18106
0.155 3.18122
0.156 3.18139
0.157 3.18158
0.158 3.18177
0.159 3.18198
0.16 3.18219
0.161 3.18242
0.162 3.18266
0.163 3.18291
0.164 3.18317
0.165 3.18345
0.166 3.18373
0.167 3.18402
0.168 3.18432
0.169 3.18463
0.17 3.18496
0.171 3.18529
0.172 3.18563
0.173 3.18598
0.174 3.18634
0.175 3.1867
0.176 3.18708
0.177 3.18747
0.178 3.18786
0.179 3.18826
0.18 3.18868
0.181 3.18909
0.182 3.18952
0.183 3.18996
0.184 3.1904
0.185 3.19085
0.186 3.19131
0.187 3.19177
0.188 3.19224
0.189 3.19272
0.19 3.19321
0.191 3.1937
0.192 3.1942
0.193 3.19471
0.194 3.19522
0.195 3.19574
0.196 3.19627
0.197 3.1968
0.198 3.19734
0.199 3.19789
0.2 3.19844
0.201 3.19899
0.202 3.19955
0.203 3.20012
0.204 3.2007
0.205 3.20127
0.206 3.20186
0.207 3.20245
0.208 3.20304
0.209 3.20364
0.21 3.20424
0.211 3.20485
0.212 3.20546
0.213 3.20608
0.214 3.2067
0.215 3.20733
0.216 3.20796
0.217 3.2086
0.218 3.20924
0.219 3.20988
0.22 3.21053
0.221 3.21118
0.222 3.21184
0.223 3.2125
0.224 3.21316
0.225 3.21383
0.226 3.2145
0.227 3.21517
0.228 3.21585
0.229 3.21653
0.23 3.21721
0.231 3.2179
0.232 3.21859
0.233 3.21928
0.234 3.21998
0.235 3.22068
0.236 3.22138
0.237 3.22209
0.238 3.22279
0.239 3.2235
0.24 3.22422
0.241 3.22493
0.242 3.22565
0.243 3.22637
0.244 3.22709
0.245 3.22782
0.246 3.22855
0.247 3.22928
0.248 3.23001
0.249 3.23074
0.25 3.23148
0.251 3.23221
0.252 3.23295
0.253 3.2337
0.254 3.23444
0.255 3.23518
0.256 3.23593
0.257 3.23668
0.258 3.23743
0.259 3.23818
0.26 3.23893
0.261 3.23969
0.262 3.24044
0.263 3.2412
0.264 3.24196
0.265 3.24272
0.266 3.24348
0.267 3.24424
0.268 3.245
0.269 3.24577
0.27 3.24653
0.271 3.2473
0.272 3.24806
0.273 3.24883
0.274 3.2496
0.275 3.25037
0.276 3.25114
0.277 3.25191
0.278 3.25268
0.279 3.25345
0.28 3.25422
0.281 3.255
0.282 3.25577
0.283 3.25654
0.284 3.25732
0.285 3.25809
0.286 3.25886
0.287 3.25964
0.288 3.26041
0.289 3.26119
0.29 3.26196
0.291 3.26274
0.292 3.26351
0.293 3.26429
0.294 3.26506
0.295 3.26584
0.296 3.26661
0.297 3.26739
0.298 3.26816
0.299 3.26894
0.3 3.26971
0.301 3.27048
0.302 3.27126
0.303 3.27203
0.304 3.2728
0.305 3.27357
0.306 3.27434
0.307 3.27511
0.308 3.27588
0.309 3.27665
0.31 3.27742
0.311 3.27819
0.312 3.27896
0.313 3.27972
0.314 3.28049
0.315 3.28125
0.316 3.28202
0.317 3.28278
0.318 3.28354
0.319 3.28431
0.32 3.28507
0.321 3.28582
0.322 3.28658
0.323 3.28734
0.324 3.2881
0.325 3.28885
0.326 3.28961
0.327 3.29036
0.328 3.29111
0.329 3.29186
0.33 3.29261
0.331 3.29336
0.332 3.2941
0.333 3.29485
0.334 3.29559
0.335 3.29633
0.336 3.29707
0.337 3.29781
0.338 3.29855
0.339 3.29929
0.34 3.30002
0.341 3.30075
0.342 3.30149
0.343 3.30222
0.344 3.30294
0.345 3.30367
0.346 3.3044
0.347 3.30512
0.348 3.30584
0.349 3.30656
0.35 3.30728
0.351 3.30799
0.352 3.30871
0.353 3.30942
0.354 3.31013
0.355 3.31084
0.356 3.31155
0.357 3.31225
0.358 3.31296
0.359 3.31366
0.36 3.31436
0.361 3.31506
0.362 3.31575
0.363 3.31645
0.364 3.31714
0.365 3.31783
0.366 3.31852
0.367 3.3192
0.368 3.31988
0.369 3.32057
0.37 3.32125
0.371 3.32192
0.372 3.3226
0.373 3.32327
0.374 3.32394
0.375 3.32461
0.376 3.32528
0.377 3.32594
0.378 3.32661
0.379 3.32727
0.38 3.32792
0.381 3.32858
0.382 3.32923
0.383 3.32989
0.384 3.33053
0.385 3.33118
0.386 3.33183
0.387 3.33247
0.388 3.33311
0.389 3.33375
0.39 3.33438
0.391 3.33502
0.392 3.33565
0.393 3.33628
0.394 3.3369
0.395 3.33753
0.396 3.33815
0.397 3.33877
0.398 3.33939
0.399 3.34001
0.4 3.34062
0.401 3.34123
0.402 3.34184
0.403 3.34244
0.404 3.34305
0.405 3.34365
0.406 3.34425
0.407 3.34485
0.408 3.34544
0.409 3.34603
0.41 3.34662
0.411 3.34721
0.412 3.3478
0.413 3.34838
0.414 3.34896
0.415 3.34954
0.416 3.35011
0.417 3.35069
0.418 3.35126
0.419 3.35183
0.42 3.3524
0.421 3.35296
0.422 3.35352
0.423 3.35408
0.424 3.35464
0.425 3.3552
0.426 3.35575
0.427 3.3563
0.428 3.35685
0.429 3.3574
0.43 3.35794
0.431 3.35848
0.432 3.35902
0.433 3.35956
0.434 3.36009
0.435 3.36062
0.436 3.36116
0.437 3.36168
0.438 3.36221
0.439 3.36273
0.44 3.36325
0.441 3.36377
0.442 3.36429
0.443 3.3648
0.444 3.36532
0.445 3.36583
0.446 3.36633
0.447 3.36684
0.448 3.36734
0.449 3.36784
0.45 3.36834
0.451 3.36884
0.452 3.36933
0.453 3.36983
0.454 3.37032
0.455 3.3708
0.456 3.37129
0.457 3.37177
0.458 3.37225
0.459 3.37273
0.46 3.37321
0.461 3.37369
0.462 3.37416
0.463 3.37463
0.464 3.3751
0.465 3.37556
0.466 3.37603
0.467 3.37649
0.468 3.37695
0.469 3.37741
0.47 3.37786
0.471 3.37832
0.472 3.37877
0.473 3.37922
0.474 3.37967
0.475 3.38011
0.476 3.38055
0.477 3.381
0.478 3.38144
0.479 3.38187
0.48 3.38231
0.481 3.38274
0.482 3.38317
0.483 3.3836
0.484 3.38403
0.485 3.38445
0.486 3.38487
0.487 3.38529
0.488 3.38571
0.489 3.38613
0.49 3.38655
0.491 3.38696
0.492 3.38737
0.493 3.38778
0.494 3.38818
0.495 3.38859
0.496 3.38899
0.497 3.38939
0.498 3.38979
0.499 3.39019
0.5 3.39058
0.501 3.39098
0.502 3.39137
0.503 3.39176
0.504 3.39214
0.505 3.39253
0.506 3.39291
0.507 3.39329
0.508 3.39367
0.509 3.39405
0.51 3.39442
0.511 3.3948
0.512 3.39517
0.513 3.39554
0.514 3.39591
0.515 3.39627
0.516 3.39664
0.517 3.397
0.518 3.39736
0.519 3.39772
0.52 3.39807
0.521 3.39843
0.522 3.39878
0.523 3.39913
0.524 3.39948
0.525 3.39983
0.526 3.40017
0.527 3.40052
0.528 3.40086
0.529 3.4012
0.53 3.40153
0.531 3.40187
0.532 3.4022
0.533 3.40253
0.534 3.40286
0.535 3.40319
0.536 3.40352
0.537 3.40384
0.538 3.40416
0.539 3.40448
0.54 3.4048
0.541 3.40512
0.542 3.40543
0.543 3.40575
0.544 3.40606
0.545 3.40637
0.546 3.40667
0.547 3.40698
0.548 3.40728
0.549 3.40758
0.55 3.40788
0.551 3.40818
0.552 3.40847
0.553 3.40877
0.554 3.40906
0.555 3.40935
0.556 3.40963
0.557 3.40992
0.558 3.4102
0.559 3.41048
0.56 3.41076
0.561 3.41104
0.562 3.41132
0.563 3.41159
0.564 3.41186
0.565 3.41213
0.566 3.4124
0.567 3.41266
0.568 3.41292
0.569 3.41319
0.57 3.41344
0.571 3.4137
0.572 3.41395
0.573 3.41421
0.574 3.41446
0.575 3.4147
0.576 3.41495
0.577 3.41519
0.578 3.41543
0.579 3.41567
0.58 3.41591
0.581 3.41614
0.582 3.41638
0.583 3.41661
0.584 3.41683
0.585 3.41706
0.586 3.41728
0.587 3.4175
0.588 3.41772
0.589 3.41793
0.59 3.41815
0.591 3.41836
0.592 3.41856
0.593 3.41877
0.594 3.41897
0.595 3.41917
0.596 3.41937
0.597 3.41956
0.598 3.41975
0.599 3.41994
0.6 3.42013
0.601 3.42031
0.602 3.42049
0.603 3.42067
0.604 3.42085
0.605 3.42102
0.606 3.42119
0.607 3.42135
0.608 3.42151
0.609 3.42167
0.61 3.42183
0.611 3.42198
0.612 3.42213
0.613 3.42228
0.614 3.42242
0.615 3.42256
0.616 3.4227
0.617 3.42283
0.618 3.42296
0.619 3.42308
0.62 3.42321
0.621 3.42332
0.622 3.42344
0.623 3.42355
0.624 3.42365
0.625 3.42376
0.626 3.42386
0.627 3.42395
0.628 3.42404
0.629 3.42413
0.63 3.42421
0.631 3.42428
0.632 3.42436
0.633 3.42442
0.634 3.42449
0.635 3.42455
0.636 3.4246
0.637 3.42465
0.638 3.42469
0.639 3.42473
0.64 3.42477
0.641 3.4248
0.642 3.42482
0.643 3.42484
0.644 3.42485
0.645 3.42486
0.646 3.42486
0.647 3.42485
0.648 3.42484
0.649 3.42483
0.65 3.4248
0.651 3.42477
0.652 3.42474
0.653 3.4247
0.654 3.42465
0.655 3.4246
0.656 3.42453
0.657 3.42447
0.658 3.42439
0.659 3.42431
0.66 3.42422
0.661 3.42412
0.662 3.42402
0.663 3.4239
0.664 3.42378
0.665 3.42366
0.666 3.42352
0.667 3.42338
0.668 3.42322
0.669 3.42306
0.67 3.42289
0.671 3.42271
0.672 3.42253
0.673 3.42233
0.674 3.42213
0.675 3.42191
0.676 3.42169
0.677 3.42145
0.678 3.42121
0.679 3.42096
0.68 3.42069
0.681 3.42042
0.682 3.42013
0.683 3.41984
0.684 3.41953
0.685 3.41922
0.686 3.41889
0.687 3.41855
0.688 3.4182
0.689 3.41784
0.69 3.41746
0.691 3.41708
0.692 3.41668
0.693 3.41627
0.694 3.41585
0.695 3.41541
0.696 3.41496
0.697 3.4145
0.698 3.41403
0.699 3.41354
0.7 3.41304
0.701 3.41253
0.702 3.412
0.703 3.41146
0.704 3.4109
0.705 3.41033
0.706 3.40974
0.707 3.40914
0.708 3.40853
0.709 3.4079
0.71 3.40726
0.711 3.4066
0.712 3.40592
0.713 3.40523
0.714 3.40453
0.715 3.4038
0.716 3.40306
0.717 3.40231
0.718 3.40154
0.719 3.40075
0.72 3.39995
0.721 3.39913
0.722 3.39829
0.723 3.39744
0.724 3.39657
0.725 3.39568
0.726 3.39477
0.727 3.39385
0.728 3.39291
0.729 3.39195
0.73 3.39098
0.731 3.38998
0.732 3.38897
0.733 3.38794
0.734 3.3869
0.735 3.38583
0.736 3.38475
0.737 3.38365
0.738 3.38253
0.739 3.38139
0.74 3.38024
0.741 3.37907
0.742 3.37787
0.743 3.37666
0.744 3.37544
0.745 3.37419
0.746 3.37292
0.747 3.37164
0.748 3.37034
0.749 3.36902
0.75 3.36768
0.751 3.36633
0.752 3.36496
0.753 3.36357
0.754 3.36216
0.755 3.36073
0.756 3.35929
0.757 3.35783
0.758 3.35635
0.759 3.35485
0.76 3.35334
0.761 3.35181
0.762 3.35026
0.763 3.3487
0.764 3.34712
0.765 3.34552
0.766 3.34391
0.767 3.34228
0.768 3.34064
0.769 3.33898
0.77 3.33731
0.771 3.33562
0.772 3.33392
0.773 3.3322
0.774 3.33047
0.775 3.32872
0.776 3.32696
0.777 3.32519
0.778 3.3234
0.779 3.3216
0.78 3.31979
0.781 3.31797
0.782 3.31613
0.783 3.31429
0.784 3.31243
0.785 3.31056
0.786 3.30868
0.787 3.30679
0.788 3.30489
0.789 3.30299
0.79 3.30107
0.791 3.29914
0.792 3.29721
0.793 3.29527
0.794 3.29332
0.795 3.29137
0.796 3.2894
0.797 3.28743
0.798 3.28546
0.799 3.28348
0.8 3.2815
0.801 3.27951
0.802 3.27752
0.803 3.27552
0.804 3.27352
0.805 3.27152
0.806 3.26951
0.807 3.26751
0.808 3.2655
0.809 3.26349
0.81 3.26148
0.811 3.25947
0.812 3.25746
0.813 3.25545
0.814 3.25344
0.815 3.25144
0.816 3.24943
0.817 3.24743
0.818 3.24543
0.819 3.24343
0.82 3.24144
0.821 3.23945
0.822 3.23747
0.823 3.23549
0.824 3.23352
0.825 3.23155
0.826 3.22959
0.827 3.22763
0.828 3.22568
0.829 3.22374
0.83 3.22181
0.831 3.21988
0.832 3.21797
0.833 3.21606
0.834 3.21416
0.835 3.21227
0.836 3.21038
0.837 3.20851
0.838 3.20665
0.839 3.2048
0.84 3.20296
0.841 3.20113
0.842 3.19932
0.843 3.19751
0.844 3.19572
0.845 3.19394
0.846 3.19217
0.847 3.19041
0.848 3.18867
0.849 3.18694
0.85 3.18523
0.851 3.18353
0.852 3.18184
0.853 3.18016
0.854 3.1785
0.855 3.17686
0.856 3.17523
0.857 3.17361
0.858 3.17201
0.859 3.17043
0.86 3.16886
0.861 3.1673
0.862 3.16576
0.863 3.16424
0.864 3.16273
0.865 3.16124
0.866 3.15976
0.867 3.1583
0.868 3.15686
0.869 3.15543
0.87 3.15402
0.871 3.15262
0.872 3.15125
0.873 3.14988
0.874 3.14854
0.875 3.14721
0.876 3.1459
0.877 3.1446
0.878 3.14332
0.879 3.14206
0.88 3.14081
0.881 3.13958
0.882 3.13837
0.883 3.13717
0.884 3.13599
0.885 3.13483
0.886 3.13368
0.887 3.13255
0.888 3.13143
0.889 3.13034
0.89 3.12925
0.891 3.12819
0.892 3.12714
0.893 3.1261
0.894 3.12508
0.895 3.12408
0.896 3.1231
0.897 3.12213
0.898 3.12117
0.899 3.12023
0.9 3.11931
0.901 3.1184
0.902 3.11751
0.903 3.11663
0.904 3.11576
0.905 3.11492
0.906 3.11408
0.907 3.11326
0.908 3.11246
0.909 3.11167
0.91 3.1109
0.911 3.11013
0.912 3.10939
0.913 3.10865
0.914 3.10794
0.915 3.10723
0.916 3.10654
0.917 3.10586
0.918 3.10519
0.919 3.10454
0.92 3.1039
0.921 3.10328
0.922 3.10267
0.923 3.10207
0.924 3.10148
0.925 3.1009
0.926 3.10034
0.927 3.09979
0.928 3.09925
0.929 3.09872
0.93 3.09821
0.931 3.0977
0.932 3.09721
0.933 3.09673
0.934 3.09626
0.935 3.0958
0.936 3.09535
0.937 3.09491
0.938 3.09448
0.939 3.09407
0.94 3.09366
0.941 3.09326
0.942 3.09288
0.943 3.0925
0.944 3.09214
0.945 3.09178
0.946 3.09143
0.947 3.09109
0.948 3.09076
0.949 3.09044
0.95 3.09013
0.951 3.08983
0.952 3.08954
0.953 3.08925
0.954 3.08898
0.955 3.08871
0.956 3.08845
0.957 3.0882
0.958 3.08796
0.959 3.08772
0.96 3.08749
0.961 3.08727
0.962 3.08706
0.963 3.08685
0.964 3.08666
0.965 3.08647
0.966 3.08628
0.967 3.0861
0.968 3.08593
0.969 3.08577
0.97 3.08561
0.971 3.08546
0.972 3.08532
0.973 3.08518
0.974 3.08505
0.975 3.08493
0.976 3.08481
0.977 3.0847
0.978 3.08459
0.979 3.08449
0.98 3.08439
0.981 3.0843
0.982 3.08422
0.983 3.08414
0.984 3.08406
0.985 3.08399
0.986 3.08393
0.987 3.08387
0.988 3.08382
0.989 3.08377
0.99 3.08372
0.991 3.08368
0.992 3.08365
0.993 3.08362
0.994 3.08359
0.995 3.08357
0.996 3.08355
0.997 3.08354
0.998 3.08353
0.999 3.08352
1 3.08352
1.001 5
