0 5
0.001 3.24339
0.002 3.24059
0.003 3.23781
0.004 3.23503
0.005 3.23226
0.006 3.2295
0.007 3.22674
0.008 3.22399
0.009 3.22125
0.01 3.21852
0.011 3.2158
0.012 3.21308
0.013 3.21038
0.014 3.20768
0.015 3.205
0.016 3.20232
0.017 3.19965
0.018 3.197
0.019 3.19436
0.02 3.19172
0.021 3.1891
0.022 3.18649
0.023 3.1839
0.024 3.18131
0.025 3.17874
0.026 3.17618
0.027 3.17363
0.028 3.1711
0.029 3.16858
0.03 3.16608
0.031 3.16359
0.032 3.16111
0.033 3.15865
0.034 3.15621
0.035 3.15378
0.036 3.15136
0.037 3.14896
0.038 3.14658
0.039 3.14422
0.04 3.14187
0.041 3.13954
0.042 3.13722
0.043 3.13493
0.044 3.13265
0.045 3.13039
0.046 3.12815
0.047 3.12592
0.048 3.12372
0.049 3.12153
0.05 3.11937
0.051 3.11722
0.052 3.1151
0.053 3.11299
0.054 3.1109
0.055 3.10884
0.056 3.10679
0.057 3.10477
0.058 3.10276
0.059 3.10078
0.06 3.09882
0.061 3.09688
0.062 3.09496
0.063 3.09307
0.064 3.0912
0.065 3.08935
0.066 3.08752
0.067 3.08571
0.068 3.08393
0.069 3.08217
0.07 3.08043
0.071 3.07872
0.072 3.07703
0.073 3.07536
0.074 3.07372
0.075 3.0721
0.076 3.07051
0.077 3.06894
0.078 3.06739
0.079 3.06587
0.08 3.06437
0.081 3.06289
0.082 3.06144
0.083 3.06002
0.084 3.05862
0.085 3.05724
0.086 3.05589
0.087 3.05457
0.088 3.05326
0.089 3.05199
0.09 3.05073
0.091 3.04951
0.092 3.04831
0.093 3.04713
0.094 3.04598
0.095 3.04485
0.096 3.04375
0.097 3.04267
0.098 3.04161
0.099 3.04059
0.1 3.03958
0.101 3.03861
0.102 3.03765
0.103 3.03672
0.104 3.03582
0.105 3.03494
0.106 3.03409
0.107 3.03326
0.108 3.03245
0.109 3.03167
0.11 3.03091
0.111 3.03018
0.112 3.02947
0.113 3.02879
0.114 3.02813
0.115 3.02749
0.116 3.02688
0.117 3.02629
0.118 3.02572
0.119 3.02518
0.12 3.02466
0.121 3.02416
0.122 3.02369
0.123 3.02324
0.124 3.02281
0.125 3.02241
0.126 3.02203
0.127 3.02167
0.128 3.02133
0.129 3.02102
0.13 3.02072
0.131 3.02045
0.132 3.0202
0.133 3.01997
0.134 3.01976
0.135 3.01958
0.136 3.01941
0.137 3.01927
0.138 3.01914
0.139 3.01904
0.14 3.01895
0.141 3.01889
0.142 3.01885
0.143 3.01882
0.144 3.01882
0.145 3.01883
0.146 3.01886
0.147 3.01892
0.148 3.01899
0.149 3.01908
0.15 3.01918
0.151 3.01931
0.152 3.01945
0.153 3.01961
0.154 3.01979
0.155 3.01998
0.156 3.0202
0.157 3.02043
0.158 3.02067
0.159 3.02093
0.16 3.02121
0.161 3.02151
0.162 3.02182
0.163 3.02214
0.164 3.02248
0.165 3.02284
0.166 3.02321
0.167 3.02359
0.168 3.02399
0.169 3.02441
0.17 3.02484
0.171 3.02528
0.172 3.02574
0.173 3.02621
0.174 3.02669
0.175 3.02719
0.176 3.0277
0.177 3.02822
0.178 3.02875
0.179 3.0293
0.18 3.02986
0.181 3.03043
0.182 3.03101
0.183 3.03161
0.184 3.03221
0.185 3.03283
0.186 3.03346
0.187 3.0341
0.188 3.03474
0.189 3.0354
0.19 3.03607
0.191 3.03675
0.192 3.03744
0.193 3.03814
0.194 3.03885
0.195 3.03957
0.196 3.0403
0.197 3.04103
0.198 3.04178
0.199 3.04253
0.2 3.0433
0.201 3.04407
0.202 3.04485
0.203 3.04563
0.204 3.04643
0.205 3.04723
0.206 3.04804
0.207 3.04886
0.208 3.04969
0.209 3.05052
0.21 3.05136
0.211 3.0522
0.212 3.05305
0.213 3.05391
0.214 3.05478
0.215 3.05565
0.216 3.05653
0.217 3.05741
0.218 3.0583
0.219 3.05919
0.22 3.06009
0.221 3.061
0.222 3.06191
0.223 3.06283
0.224 3.06375
0.225 3.06467
0.226 3.06561
0.227 3.06654
0.228 3.06748
0.229 3.06843
0.23 3.06937
0.231 3.07033
0.232 3.07128
0.233 3.07225
0.234 3.07321
0.235 3.07418
0.236 3.07515
0.237 3.07613
0.238 3.07711
0.239 3.07809
0.24 3.07907
0.241 3.08006
0.242 3.08105
0.243 3.08205
0.244 3.08305
0.245 3.08405
0.246 3.08505
0.247 3.08605
0.248 3.08706
0.249 3.08807
0.25 3.08908
0.251 3.0901
0.252 3.09112
0.253 3.09213
0.254 3.09316
0.255 3.09418
0.256 3.0952
0.257 3.09623
0.258 3.09726
0.259 3.09828
0.26 3.09931
0.261 3.10035
0.262 3.10138
0.263 3.10241
0.264 3.10345
0.265 3.10449
0.266 3.10552
0.267 3.10656
0.268 3.1076
0.269 3.10864
0.27 3.10968
0.271 3.11072
0.272 3.11177
0.273 3.11281
0.274 3.11385
0.275 3.1149
0.276 3.11594
0.277 3.11698
0.278 3.11803
0.279 3.11907
0.28 3.12012
0.281 3.12116
0.282 3.12221
0.283 3.12325
0.284 3.1243
0.285 3.12534
0.286 3.12639
0.287 3.12743
0.288 3.12847
0.289 3.12952
0.29 3.13056
0.291 3.1316
0.292 3.13264
0.293 3.13369
0.294 3.13473
0.295 3.13577
0.296 3.13681
0.297 3.13784
0.298 3.13888
0.299 3.13992
0.3 3.14095
0.301 3.14199
0.302 3.14302
0.303 3.14406
0.304 3.14509
0.305 3.14612
0.306 3.14715
0.307 3.14818
0.308 3.1492
0.309 3.15023
0.31 3.15125
0.311 3.15228
0.312 3.1533
0.313 3.15432
0.314 3.15534
0.315 3.15635
0.316 3.15737
0.317 3.15838
0.318 3.15939
0.319 3.1604
0.32 3.16141
0.321 3.16242
0.322 3.16343
0.323 3.16443
0.324 3.16543
0.325 3.16643
0.326 3.16743
0.327 3.16843
0.328 3.16942
0.329 3.17041
0.33 3.1714
0.331 3.17239
0.332 3.17338
0.333 3.17436
0.334 3.17534
0.335 3.17632
0.336 3.1773
0.337 3.17827
0.338 3.17925
0.339 3.18022
0.34 3.18119
0.341 3.18215
0.342 3.18312
0.343 3.18408
0.344 3.18504
0.345 3.18599
0.346 3.18695
0.347 3.1879
0.348 3.18885
0.349 3.1898
0.35 3.19074
0.351 3.19168
0.352 3.19262
0.353 3.19356
0.354 3.19449
0.355 3.19542
0.356 3.19635
0.357 3.19728
0.358 3.1982
0.359 3.19912
0.36 3.20004
0.361 3.20096
0.362 3.20187
0.363 3.20278
0.364 3.20369
0.365 3.20459
0.366 3.20549
0.367 3.20639
0.368 3.20729
0.369 3.20818
0.37 3.20907
0.371 3.20996
0.372 3.21085
0.373 3.21173
0.374 3.21261
0.375 3.21348
0.376 3.21435
0.377 3.21523
0.378 3.21609
0.379 3.21696
0.38 3.21782
0.381 3.21868
0.382 3.21953
0.383 3.22038
0.384 3.22123
0.385 3.22208
0.386 3.22292
0.387 3.22376
0.388 3.2246
0.389 3.22543
0.39 3.22627
0.391 3.22709
0.392 3.22792
0.393 3.22874
0.394 3.22956
0.395 3.23038
0.396 3.23119
0.397 3.232
0.398 3.23281
0.399 3.23361
0.4 3.23441
0.401 3.23521
0.402 3.236
0.403 3.23679
0.404 3.23758
0.405 3.23837
0.406 3.23915
0.407 3.23993
0.408 3.2407
0.409 3.24147
0.41 3.24224
0.411 3.24301
0.412 3.24377
0.413 3.24453
0.414 3.24529
0.415 3.24604
0.416 3.24679
0.417 3.24754
0.418 3.24829
0.419 3.24903
0.42 3.24976
0.421 3.2505
0.422 3.25123
0.423 3.25196
0.424 3.25269
0.425 3.25341
0.426 3.25413
0.427 3.25484
0.428 3.25556
0.429 3.25627
0.43 3.25697
0.431 3.25768
0.432 3.25838
0.433 3.25907
0.434 3.25977
0.435 3.26046
0.436 3.26115
0.437 3.26183
0.438 3.26252
0.439 3.26319
0.44 3.26387
0.441 3.26454
0.442 3.26521
0.443 3.26588
0.444 3.26654
0.445 3.2672
0.446 3.26786
0.447 3.26851
0.448 3.26916
0.449 3.26981
0.45 3.27046
0.451 3.2711
0.452 3.27174
0.453 3.27237
0.454 3.27301
0.455 3.27364
0.456 3.27426
0.457 3.27489
0.458 3.27551
0.459 3.27613
0.46 3.27674
0.461 3.27735
0.462 3.27796
0.463 3.27857
0.464 3.27917
0.465 3.27977
0.466 3.28037
0.467 3.28096
0.468 3.28155
0.469 3.28214
0.47 3.28272
0.471 3.2833
0.472 3.28388
0.473 3.28446
0.474 3.28503
0.475 3.2856
0.476 3.28617
0.477 3.28673
0.478 3.2873
0.479 3.28785
0.48 3.28841
0.481 3.28896
0.482 3.28951
0.483 3.29006
0.484 3.2906
0.485 3.29114
0.486 3.29168
0.487 3.29222
0.488 3.29275
0.489 3.29328
0.49 3.29381
0.491 3.29433
0.492 3.29485
0.493 3.29537
0.494 3.29588
0.495 3.2964
0.496 3.29691
0.497 3.29741
0.498 3.29792
0.499 3.29842
0.5 3.29892
0.501 3.29941
0.502 3.29991
0.503 3.3004
0.504 3.30088
0.505 3.30137
0.506 3.30185
0.507 3.30233
0.508 3.3028
0.509 3.30328
0.51 3.30375
0.511 3.30422
0.512 3.30468
0.513 3.30514
0.514 3.3056
0.515 3.30606
0.516 3.30652
0.517 3.30697
0.518 3.30742
0.519 3.30786
0.52 3.30831
0.521 3.30875
0.522 3.30918
0.523 3.30962
0.524 3.31005
0.525 3.31048
0.526 3.31091
0.527 3.31133
0.528 3.31176
0.529 3.31217
0.53 3.31259
0.531 3.313
0.532 3.31342
0.533 3.31382
0.534 3.31423
0.535 3.31463
0.536 3.31503
0.537 3.31543
0.538 3.31583
0.539 3.31622
0.54 3.31661
0.541 3.317
0.542 3.31738
0.543 3.31776
0.544 3.31814
0.545 3.31852
0.546 3.31889
0.547 3.31926
0.548 3.31963
0.549 3.32
0.55 3.32036
0.551 3.32072
0.552 3.32108
0.553 3.32143
0.554 3.32179
0.555 3.32214
0.556 3.32248
0.557 3.32283
0.558 3.32317
0.559 3.32351
0.56 3.32385
0.561 3.32418
0.562 3.32451
0.563 3.32484
0.564 3.32517
0.565 3.32549
0.566 3.32581
0.567 3.32613
0.568 3.32645
0.569 3.32676
0.57 3.32707
0.571 3.32738
0.572 3.32768
0.573 3.32798
0.574 3.32828
0.575 3.32858
0.576 3.32887
0.577 3.32917
0.578 3.32946
0.579 3.32974
0.58 3.33002
0.581 3.3303
0.582 3.33058
0.583 3.33086
0.584 3.33113
0.585 3.3314
0.586 3.33167
0.587 3.33193
0.588 3.33219
0.589 3.33245
0.59 3.3327
0.591 3.33296
0.592 3.33321
0.593 3.33345
0.594 3.3337
0.595 3.33394
0.596 3.33418
0.597 3.33441
0.598 3.33465
0.599 3.33488
0.6 3.3351
0.601 3.33533
0.602 3.33555
0.603 3.33577
0.604 3.33598
0.605 3.33619
0.606 3.3364
0.607 3.33661
0.608 3.33681
0.609 3.33701
0.61 3.33721
0.611 3.3374
0.612 3.33759
0.613 3.33778
0.614 3.33796
0.615 3.33814
0.616 3.33832
0.617 3.3385
0.618 3.33867
0.619 3.33884
0.62 3.339
0.621 3.33916
0.622 3.33932
0.623 3.33947
0.624 3.33963
0.625 3.33977
0.626 3.33992
0.627 3.34006
0.628 3.34019
0.629 3.34033
0.63 3.34046
0.631 3.34058
0.632 3.34071
0.633 3.34082
0.634 3.34094
0.635 3.34105
0.636 3.34116
0.637 3.34126
0.638 3.34136
0.639 3.34145
0.64 3.34154
0.641 3.34163
0.642 3.34171
0.643 3.34179
0.644 3.34187
0.645 3.34194
0.646 3.342
0.647 3.34206
0.648 3.34212
0.649 3.34217
0.65 3.34222
0.651 3.34226
0.652 3.3423
0.653 3.34234
0.654 3.34236
0.655 3.34239
0.656 3.34241
0.657 3.34242
0.658 3.34243
0.659 3.34243
0.66 3.34243
0.661 3.34242
0.662 3.34241
0.663 3.34239
0.664 3.34237
0.665 3.34234
0.666 3.34231
0.667 3.34226
0.668 3.34222
0.669 3.34216
0.67 3.34211
0.671 3.34204
0.672 3.34197
0.673 3.34189
0.674 3.34181
0.675 3.34171
0.676 3.34162
0.677 3.34151
0.678 3.3414
0.679 3.34128
0.68 3.34116
0.681 3.34102
0.682 3.34088
0.683 3.34073
0.684 3.34058
0.685 3.34042
0.686 3.34024
0.687 3.34006
0.688 3.33988
0.689 3.33968
0.69 3.33948
0.691 3.33926
0.692 3.33904
0.693 3.33881
0.694 3.33857
0.695 3.33833
0.696 3.33807
0.697 3.3378
0.698 3.33752
0.699 3.33724
0.7 3.33694
0.701 3.33664
0.702 3.33632
0.703 3.33599
0.704 3.33566
0.705 3.33531
0.706 3.33495
0.707 3.33458
0.708 3.3342
0.709 3.33381
0.71 3.3334
0.711 3.33299
0.712 3.33256
0.713 3.33212
0.714 3.33167
0.715 3.33121
0.716 3.33073
0.717 3.33024
0.718 3.32974
0.719 3.32923
0.72 3.3287
0.721 3.32816
0.722 3.3276
0.723 3.32703
0.724 3.32645
0.725 3.32585
0.726 3.32524
0.727 3.32461
0.728 3.32397
0.729 3.32332
0.73 3.32265
0.731 3.32196
0.732 3.32126
0.733 3.32054
0.734 3.31981
0.735 3.31906
0.736 3.31829
0.737 3.31751
0.738 3.31671
0.739 3.3159
0.74 3.31506
0.741 3.31421
0.742 3.31335
0.743 3.31246
0.744 3.31156
0.745 3.31064
0.746 3.30971
0.747 3.30875
0.748 3.30778
0.749 3.30679
0.75 3.30578
0.751 3.30475
0.752 3.3037
0.753 3.30263
0.754 3.30155
0.755 3.30045
0.756 3.29932
0.757 3.29818
0.758 3.29702
0.759 3.29584
0.76 3.29463
0.761 3.29341
0.762 3.29217
0.763 3.29091
0.764 3.28963
0.765 3.28833
0.766 3.28701
0.767 3.28567
0.768 3.28431
0.769 3.28293
0.77 3.28153
0.771 3.2801
0.772 3.27866
0.773 3.2772
0.774 3.27572
0.775 3.27422
0.776 3.27269
0.777 3.27115
0.778 3.26959
0.779 3.26801
0.78 3.26641
0.781 3.26478
0.782 3.26314
0.783 3.26148
0.784 3.2598
0.785 3.2581
0.786 3.25638
0.787 3.25464
0.788 3.25288
0.789 3.25111
0.79 3.24931
0.791 3.2475
0.792 3.24567
0.793 3.24382
0.794 3.24195
0.795 3.24006
0.796 3.23816
0.797 3.23624
0.798 3.2343
0.799 3.23234
0.8 3.23037
0.801 3.22839
0.802 3.22638
0.803 3.22437
0.804 3.22233
0.805 3.22028
0.806 3.21822
0.807 3.21614
0.808 3.21405
0.809 3.21195
0.81 3.20983
0.811 3.2077
0.812 3.20555
0.813 3.2034
0.814 3.20123
0.815 3.19905
0.816 3.19686
0.817 3.19467
0.818 3.19246
0.819 3.19024
0.82 3.18801
0.821 3.18577
0.822 3.18353
0.823 3.18128
0.824 3.17902
0.825 3.17675
0.826 3.17448
0.827 3.1722
0.828 3.16991
0.829 3.16763
0.83 3.16533
0.831 3.16304
0.832 3.16074
0.833 3.15843
0.834 3.15613
0.835 3.15382
0.836 3.15151
0.837 3.1492
0.838 3.1469
0.839 3.14459
0.84 3.14228
0.841 3.13997
0.842 3.13767
0.843 3.13536
0.844 3.13306
0.845 3.13076
0.846 3.12847
0.847 3.12618
0.848 3.1239
0.849 3.12162
0.85 3.11934
0.851 3.11708
0.852 3.11481
0.853 3.11256
0.854 3.11031
0.855 3.10808
0.856 3.10585
0.857 3.10362
0.858 3.10141
0.859 3.09921
0.86 3.09702
0.861 3.09484
0.862 3.09267
0.863 3.09051
0.864 3.08836
0.865 3.08622
0.866 3.0841
0.867 3.08199
0.868 3.0799
0.869 3.07781
0.87 3.07574
0.871 3.07369
0.872 3.07165
0.873 3.06962
0.874 3.06761
0.875 3.06562
0.876 3.06364
0.877 3.06168
0.878 3.05973
0.879 3.0578
0.88 3.05589
0.881 3.05399
0.882 3.05212
0.883 3.05025
0.884 3.04841
0.885 3.04659
0.886 3.04478
0.887 3.04299
0.888 3.04122
0.889 3.03946
0.89 3.03773
0.891 3.03602
0.892 3.03432
0.893 3.03264
0.894 3.03098
0.895 3.02934
0.896 3.02773
0.897 3.02613
0.898 3.02454
0.899 3.02298
0.9 3.02144
0.901 3.01992
0.902 3.01842
0.903 3.01693
0.904 3.01547
0.905 3.01403
0.906 3.0126
0.907 3.0112
0.908 3.00982
0.909 3.00845
0.91 3.00711
0.911 3.00578
0.912 3.00447
0.913 3.00319
0.914 3.00192
0.915 3.00067
0.916 2.99944
0.917 2.99823
0.918 2.99704
0.919 2.99587
0.92 2.99472
0.921 2.99359
0.922 2.99247
0.923 2.99138
0.924 2.9903
0.925 2.98924
0.926 2.9882
0.927 2.98717
0.928 2.98617
0.929 2.98518
0.93 2.98421
0.931 2.98326
0.932 2.98233
0.933 2.98141
0.934 2.98051
0.935 2.97963
0.936 2.97877
0.937 2.97792
0.938 2.97709
0.939 2.97627
0.94 2.97547
0.941 2.97469
0.942 2.97392
0.943 2.97317
0.944 2.97243
0.945 2.97171
0.946 2.97101
0.947 2.97032
0.948 2.96964
0.949 2.96898
0.95 2.96834
0.951 2.96771
0.952 2.96709
0.953 2.96649
0.954 2.9659
0.955 2.96532
0.956 2.96476
0.957 2.96421
0.958 2.96368
0.959 2.96315
0.96 2.96265
0.961 2.96215
0.962 2.96166
0.963 2.96119
0.964 2.96073
0.965 2.96029
0.966 2.95985
0.967 2.95943
0.968 2.95901
0.969 2.95861
0.97 2.95822
0.971 2.95785
0.972 2.95748
0.973 2.95712
0.974 2.95677
0.975 2.95644
0.976 2.95611
0.977 2.95579
0.978 2.95549
0.979 2.95519
0.98 2.9549
0.981 2.95463
0.982 2.95436
0.983 2.9541
0.984 2.95385
0.985 2.95361
0.986 2.95338
0.987 2.95315
0.988 2.95294
0.989 2.95273
0.99 2.95253
0.991 2.95234
0.992 2.95216
0.993 2.95198
0.994 2.95181
0.995 2.95165
0.996 2.9515
0.997 2.95135
0.998 2.95121
0.999 2.95108
1 2.95096
1.001 5
