0 -10
0.001 -5.82821
0.002 -5.81505
0.003 -5.80188
0.004 -5.78871
0.005 -5.77553
0.006 -5.76235
0.007 -5.74916
0.008 -5.73597
0.009 -5.72278
0.01 -5.70959
0.011 -5.69639
0.012 -5.6832
0.013 -5.67
0.014 -5.65681
0.015 -5.64361
0.016 -5.63042
0.017 -5.61723
0.018 -5.60405
0.019 -5.59087
0.02 -5.57769
0.021 -5.56452
0.022 -5.55136
0.023 -5.5382
0.024 -5.52505
0.025 -5.5119
0.026 -5.49877
0.027 -5.48564
0.028 -5.47253
0.029 -5.45942
0.03 -5.44633
0.031 -5.43324
0.032 -5.42017
0.033 -5.40712
0.034 -5.39407
0.035 -5.38104
0.036 -5.36803
0.037 -5.35503
0.038 -5.34204
0.039 -5.32907
0.04 -5.31612
0.041 -5.30319
0.042 -5.29027
0.043 -5.27738
0.044 -5.2645
0.045 -5.25164
0.046 -5.23881
0.047 -5.22599
0.048 -5.2132
0.049 -5.20042
0.05 -5.18767
0.051 -5.17495
0.052 -5.16224
0.053 -5.14956
0.054 -5.13691
0.055 -5.12427
0.056 -5.11167
0.057 -5.09909
0.058 -5.08654
0.059 -5.07401
0.06 -5.06151
0.061 -5.04904
0.062 -5.03659
0.063 -5.02418
0.064 -5.01179
0.065 -4.99943
0.066 -4.9871
0.067 -4.9748
0.068 -4.96253
0.069 -4.95029
0.07 -4.93808
0.071 -4.9259
0.072 -4.91375
0.073 -4.90164
0.074 -4.88955
0.075 -4.8775
0.076 -4.86548
0.077 -4.8535
0.078 -4.84154
0.079 -4.82962
0.08 -4.81773
0.081 -4.80588
0.082 -4.79406
0.083 -4.78227
0.084 -4.77052
0.085 -4.7588
0.086 -4.74711
0.087 -4.73546
0.088 -4.72385
0.089 -4.71226
0.09 -4.70072
0.091 -4.68921
0.092 -4.67773
0.093 -4.66629
0.094 -4.65488
0.095 -4.64351
0.096 -4.63217
0.097 -4.62087
0.098 -4.60961
0.099 -4.59838
0.1 -4.58718
0.101 -4.57602
0.102 -4.5649
0.103 -4.55381
0.104 -4.54276
0.105 -4.53174
0.106 -4.52076
0.107 -4.50982
0.108 -4.49891
0.109 -4.48803
0.11 -4.47719
0.111 -4.46639
0.112 -4.45562
0.113 -4.44488
0.114 -4.43419
0.115 -4.42352
0.116 -4.41289
0.117 -4.4023
0.118 -4.39174
0.119 -4.38122
0.12 -4.37073
0.121 -4.36028
0.122 -4.34986
0.123 -4.33947
0.124 -4.32912
0.125 -4.31881
0.126 -4.30853
0.127 -4.29828
0.128 -4.28807
0.129 -4.27789
0.13 -4.26774
0.131 -4.25763
0.132 -4.24755
0.133 -4.23751
0.134 -4.22749
0.135 -4.21752
0.136 -4.20757
0.137 -4.19766
0.138 -4.18778
0.139 -4.17793
0.14 -4.16812
0.141 -4.15834
0.142 -4.14859
0.143 -4.13887
0.144 -4.12919
0.145 -4.11953
0.146 -4.10991
0.147 -4.10032
0.148 -4.09076
0.149 -4.08124
0.15 -4.07174
0.151 -4.06228
0.152 -4.05284
0.153 -4.04344
0.154 -4.03407
0.155 -4.02473
0.156 -4.01542
0.157 -4.00614
0.158 -3.99688
0.159 -3.98766
0.16 -3.97847
0.161 -3.96931
0.162 -3.96018
0.163 -3.95108
0.164 -3.942
0.165 -3.93296
0.166 -3.92395
0.167 -3.91496
0.168 -3.906
0.169 -3.89707
0.17 -3.88817
0.171 -3.8793
0.172 -3.87046
0.173 -3.86164
0.174 -3.85285
0.175 -3.84409
0.176 -3.83536
0.177 -3.82665
0.178 -3.81797
0.179 -3.80932
0.18 -3.8007
0.181 -3.7921
0.182 -3.78353
0.183 -3.77499
0.184 -3.76647
0.185 -3.75798
0.186 -3.74951
0.187 -3.74107
0.188 -3.73266
0.189 -3.72427
0.19 -3.71591
0.191 -3.70757
0.192 -3.69926
0.193 -3.69097
0.194 -3.68271
0.195 -3.67447
0.196 -3.66626
0.197 -3.65808
0.198 -3.64991
0.199 -3.64177
0.2 -3.63366
0.201 -3.62557
0.202 -3.6175
0.203 -3.60946
0.204 -3.60144
0.205 -3.59345
0.206 -3.58548
0.207 -3.57753
0.208 -3.5696
0.209 -3.5617
0.21 -3.55382
0.211 -3.54596
0.212 -3.53813
0.213 -3.53032
0.214 -3.52253
0.215 -3.51476
0.216 -3.50701
0.217 -3.49929
0.218 -3.49159
0.219 -3.48391
0.22 -3.47625
0.221 -3.46862
0.222 -3.461
0.223 -3.45341
0.224 -3.44583
0.225 -3.43828
0.226 -3.43075
0.227 -3.42324
0.228 -3.41575
0.229 -3.40828
0.23 -3.40083
0.231 -3.3934
0.232 -3.38599
0.233 -3.3786
0.234 -3.37123
0.235 -3.36388
0.236 -3.35655
0.237 -3.34923
0.238 -3.34194
0.239 -3.33467
0.24 -3.32742
0.241 -3.32018
0.242 -3.31297
0.243 -3.30577
0.244 -3.29859
0.245 -3.29143
0.246 -3.28429
0.247 -3.27717
0.248 -3.27006
0.249 -3.26298
0.25 -3.25591
0.251 -3.24886
0.252 -3.24182
0.253 -3.23481
0.254 -3.22781
0.255 -3.22083
0.256 -3.21387
0.257 -3.20692
0.258 -3.19999
0.259 -3.19308
0.26 -3.18618
0.261 -3.17931
0.262 -3.17245
0.263 -3.1656
0.264 -3.15877
0.265 -3.15196
0.266 -3.14517
0.267 -3.13839
0.268 -3.13163
0.269 -3.12488
0.27 -3.11815
0.271 -3.11143
0.272 -3.10474
0.273 -3.09805
0.274 -3.09139
0.275 -3.08473
0.276 -3.0781
0.277 -3.07148
0.278 -3.06487
0.279 -3.05828
0.28 -3.05171
0.281 -3.04515
0.282 -3.0386
0.283 -3.03207
0.284 -3.02556
0.285 -3.01906
0.286 -3.01257
0.287 -3.0061
0.288 -2.99964
0.289 -2.9932
0.29 -2.98677
0.291 -2.98036
0.292 -2.97396
0.293 -2.96757
0.294 -2.9612
0.295 -2.95485
0.296 -2.9485
0.297 -2.94217
0.298 -2.93586
0.299 -2.92956
0.3 -2.92327
0.301 -2.917
0.302 -2.91073
0.303 -2.90449
0.304 -2.89825
0.305 -2.89203
0.306 -2.88583
0.307 -2.87963
0.308 -2.87345
0.309 -2.86728
0.31 -2.86113
0.311 -2.85499
0.312 -2.84886
0.313 -2.84274
0.314 -2.83664
0.315 -2.83055
0.316 -2.82447
0.317 -2.81841
0.318 -2.81236
0.319 -2.80632
0.32 -2.80029
0.321 -2.79427
0.322 -2.78827
0.323 -2.78228
0.324 -2.7763
0.325 -2.77034
0.326 -2.76438
0.327 -2.75844
0.328 -2.75251
0.329 -2.74659
0.33 -2.74069
0.331 -2.73479
0.332 -2.72891
0.333 -2.72304
0.334 -2.71718
0.335 -2.71133
0.336 -2.7055
0.337 -2.69967
0.338 -2.69386
0.339 -2.68806
0.34 -2.68226
0.341 -2.67649
0.342 -2.67072
0.343 -2.66496
0.344 -2.65921
0.345 -2.65348
0.346 -2.64775
0.347 -2.64204
0.348 -2.63634
0.349 -2.63065
0.35 -2.62497
0.351 -2.6193
0.352 -2.61364
0.353 -2.60799
0.354 -2.60235
0.355 -2.59672
0.356 -2.5911
0.357 -2.58549
0.358 -2.5799
0.359 -2.57431
0.36 -2.56873
0.361 -2.56316
0.362 -2.55761
0.363 -2.55206
0.364 -2.54652
0.365 -2.54099
0.366 -2.53548
0.367 -2.52997
0.368 -2.52447
0.369 -2.51898
0.37 -2.5135
0.371 -2.50803
0.372 -2.50257
0.373 -2.49712
0.374 -2.49168
0.375 -2.48624
0.376 -2.48082
0.377 -2.4754
0.378 -2.47
0.379 -2.4646
0.38 -2.45921
0.381 -2.45383
0.382 -2.44846
0.383 -2.4431
0.384 -2.43774
0.385 -2.4324
0.386 -2.42706
0.387 -2.42173
0.388 -2.41641
0.389 -2.4111
0.39 -2.40579
0.391 -2.4005
0.392 -2.39521
0.393 -2.38993
0.394 -2.38465
0.395 -2.37939
0.396 -2.37413
0.397 -2.36888
0.398 -2.36364
0.399 -2.3584
0.4 -2.35317
0.401 -2.34795
0.402 -2.34274
0.403 -2.33753
0.404 -2.33233
0.405 -2.32714
0.406 -2.32195
0.407 -2.31677
0.408 -2.3116
0.409 -2.30643
0.41 -2.30127
0.411 -2.29612
0.412 -2.29097
0.413 -2.28583
0.414 -2.2807
0.415 -2.27557
0.416 -2.27045
0.417 -2.26533
0.418 -2.26022
0.419 -2.25511
0.42 -2.25001
0.421 -2.24492
0.422 -2.23983
0.423 -2.23475
0.424 -2.22967
0.425 -2.2246
0.426 -2.21953
0.427 -2.21446
0.428 -2.20941
0.429 -2.20435
0.43 -2.1993
0.431 -2.19426
0.432 -2.18922
0.433 -2.18418
0.434 -2.17915
0.435 -2.17412
0.436 -2.1691
0.437 -2.16408
0.438 -2.15907
0.439 -2.15405
0.44 -2.14905
0.441 -2.14404
0.442 -2.13904
0.443 -2.13404
0.444 -2.12905
0.445 -2.12406
0.446 -2.11907
0.447 -2.11408
0.448 -2.1091
0.449 -2.10412
0.45 -2.09914
0.451 -2.09417
0.452 -2.0892
0.453 -2.08423
0.454 -2.07926
0.455 -2.07429
0.456 -2.06933
0.457 -2.06437
0.458 -2.05941
0.459 -2.05445
0.46 -2.04949
0.461 -2.04454
0.462 -2.03958
0.463 -2.03463
0.464 -2.02968
0.465 -2.02473
0.466 -2.01978
0.467 -2.01483
0.468 -2.00988
0.469 -2.00493
0.47 -1.99998
0.471 -1.99503
0.472 -1.99009
0.473 -1.98514
0.474 -1.98019
0.475 -1.97524
0.476 -1.9703
0.477 -1.96535
0.478 -1.9604
0.479 -1.95545
0.48 -1.9505
0.481 -1.94555
0.482 -1.94059
0.483 -1.93564
0.484 -1.93068
0.485 -1.92573
0.486 -1.92077
0.487 -1.91581
0.488 -1.91085
0.489 -1.90588
0.49 -1.90092
0.491 -1.89595
0.492 -1.89098
0.493 -1.88601
0.494 -1.88103
0.495 -1.87606
0.496 -1.87108
0.497 -1.86609
0.498 -1.86111
0.499 -1.85612
0.5 -1.85112
0.501 -1.84613
0.502 -1.84113
0.503 -1.83612
0.504 -1.83112
0.505 -1.8261
0.506 -1.82109
0.507 -1.81607
0.508 -1.81104
0.509 -1.80602
0.51 -1.80098
0.511 -1.79594
0.512 -1.7909
0.513 -1.78585
0.514 -1.7808
0.515 -1.77574
0.516 -1.77068
0.517 -1.76561
0.518 -1.76053
0.519 -1.75545
0.52 -1.75037
0.521 -1.74527
0.522 -1.74017
0.523 -1.73507
0.524 -1.72996
0.525 -1.72484
0.526 -1.71971
0.527 -1.71458
0.528 -1.70944
0.529 -1.70429
0.53 -1.69914
0.531 -1.69397
0.532 -1.68881
0.533 -1.68363
0.534 -1.67844
0.535 -1.67325
0.536 -1.66805
0.537 -1.66284
0.538 -1.65762
0.539 -1.65239
0.54 -1.64716
0.541 -1.64191
0.542 -1.63666
0.543 -1.6314
0.544 -1.62613
0.545 -1.62084
0.546 -1.61555
0.547 -1.61025
0.548 -1.60494
0.549 -1.59962
0.55 -1.59429
0.551 -1.58895
0.552 -1.5836
0.553 -1.57824
0.554 -1.57286
0.555 -1.56748
0.556 -1.56208
0.557 -1.55668
0.558 -1.55126
0.559 -1.54583
0.56 -1.54039
0.561 -1.53494
0.562 -1.52948
0.563 -1.524
0.564 -1.51851
0.565 -1.51301
0.566 -1.5075
0.567 -1.50198
0.568 -1.49644
0.569 -1.49089
0.57 -1.48533
0.571 -1.47975
0.572 -1.47416
0.573 -1.46856
0.574 -1.46294
0.575 -1.45731
0.576 -1.45167
0.577 -1.44601
0.578 -1.44034
0.579 -1.43465
0.58 -1.42895
0.581 -1.42324
0.582 -1.41751
0.583 -1.41176
0.584 -1.40601
0.585 -1.40023
0.586 -1.39444
0.587 -1.38864
0.588 -1.38282
0.589 -1.37699
0.59 -1.37114
0.591 -1.36528
0.592 -1.35939
0.593 -1.3535
0.594 -1.34759
0.595 -1.34166
0.596 -1.33571
0.597 -1.32975
0.598 -1.32378
0.599 -1.31778
0.6 -1.31177
0.601 -1.30575
0.602 -1.2997
0.603 -1.29364
0.604 -1.28756
0.605 -1.28147
0.606 -1.27536
0.607 -1.26923
0.608 -1.26309
0.609 -1.25692
0.61 -1.25074
0.611 -1.24454
0.612 -1.23833
0.613 -1.2321
0.614 -1.22585
0.615 -1.21958
0.616 -1.21329
0.617 -1.20699
0.618 -1.20067
0.619 -1.19433
0.62 -1.18797
0.621 -1.18159
0.622 -1.1752
0.623 -1.16879
0.624 -1.16236
0.625 -1.15591
0.626 -1.14944
0.627 -1.14296
0.628 -1.13646
0.629 -1.12994
0.63 -1.1234
0.631 -1.11684
0.632 -1.11026
0.633 -1.10367
0.634 -1.09706
0.635 -1.09043
0.636 -1.08378
0.637 -1.07712
0.638 -1.07043
0.639 -1.06373
0.64 -1.05701
0.641 -1.05028
0.642 -1.04352
0.643 -1.03675
0.644 -1.02996
0.645 -1.02315
0.646 -1.01633
0.647 -1.00949
0.648 -1.00263
0.649 -0.995755
0.65 -0.988862
0.651 -0.981953
0.652 -0.975027
0.653 -0.968085
0.654 -0.961126
0.655 -0.954151
0.656 -0.947161
0.657 -0.940154
0.658 -0.933132
0.659 -0.926095
0.66 -0.919043
0.661 -0.911976
0.662 -0.904894
0.663 -0.897798
0.664 -0.890687
0.665 -0.883563
0.666 -0.876425
0.667 -0.869274
0.668 -0.86211
0.669 -0.854933
0.67 -0.847743
0.671 -0.840542
0.672 -0.833329
0.673 -0.826104
0.674 -0.818869
0.675 -0.811623
0.676 -0.804366
0.677 -0.7971
0.678 -0.789825
0.679 -0.78254
0.68 -0.775247
0.681 -0.767946
0.682 -0.760637
0.683 -0.753321
0.684 -0.745999
0.685 -0.73867
0.686 -0.731336
0.687 -0.723996
0.688 -0.716652
0.689 -0.709304
0.69 -0.701953
0.691 -0.694599
0.692 -0.687243
0.693 -0.679885
0.694 -0.672526
0.695 -0.665167
0.696 -0.657808
0.697 -0.650451
0.698 -0.643095
0.699 -0.635742
0.7 -0.628392
0.701 -0.621046
0.702 -0.613704
0.703 -0.606369
0.704 -0.599039
0.705 -0.591717
0.706 -0.584402
0.707 -0.577097
0.708 -0.569801
0.709 -0.562515
0.71 -0.555241
0.711 -0.547979
0.712 -0.54073
0.713 -0.533496
0.714 -0.526277
0.715 -0.519073
0.716 -0.511887
0.717 -0.504719
0.718 -0.49757
0.719 -0.490441
0.72 -0.483333
0.721 -0.476248
0.722 -0.469185
0.723 -0.462148
0.724 -0.455135
0.725 -0.44815
0.726 -0.441192
0.727 -0.434263
0.728 -0.427364
0.729 -0.420497
0.73 -0.413662
0.731 -0.40686
0.732 -0.400094
0.733 -0.393364
0.734 -0.386671
0.735 -0.380017
0.736 -0.373403
0.737 -0.36683
0.738 -0.3603
0.739 -0.353813
0.74 -0.347372
0.741 -0.340977
0.742 -0.334631
0.743 -0.328333
0.744 -0.322087
0.745 -0.315892
0.746 -0.30975
0.747 -0.303664
0.748 -0.297634
0.749 -0.291661
0.75 -0.285747
0.751 -0.279894
0.752 -0.274103
0.753 -0.268375
0.754 -0.262712
0.755 -0.257115
0.756 -0.251586
0.757 -0.246127
0.758 -0.240737
0.759 -0.23542
0.76 -0.230177
0.761 -0.225009
0.762 -0.219917
0.763 -0.214903
0.764 -0.209969
0.765 -0.205116
0.766 -0.200345
0.767 -0.195658
0.768 -0.191057
0.769 -0.186543
0.77 -0.182116
0.771 -0.17778
0.772 -0.173535
0.773 -0.169383
0.774 -0.165324
0.775 -0.161362
0.776 -0.157496
0.777 -0.153729
0.778 -0.150062
0.779 -0.146496
0.78 -0.143032
0.781 -0.139673
0.782 -0.136419
0.783 -0.133272
0.784 -0.130233
0.785 -0.127303
0.786 -0.124485
0.787 -0.121778
0.788 -0.119184
0.789 -0.116706
0.79 -0.114343
0.791 -0.112097
0.792 -0.10997
0.793 -0.107962
0.794 -0.106075
0.795 -0.10431
0.796 -0.102668
0.797 -0.10115
0.798 -0.0997571
0.799 -0.0984907
0.8 -0.0973518
0.801 -0.0963412
0.802 -0.0954601
0.803 -0.0947094
0.804 -0.09409
0.805 -0.0936029
0.806 -0.093249
0.807 -0.0930292
0.808 -0.0929444
0.809 -0.0929952
0.81 -0.0931826
0.811 -0.0935074
0.812 -0.0939701
0.813 -0.0945716
0.814 -0.0953125
0.815 -0.0961935
0.816 -0.0972152
0.817 -0.0983781
0.818 -0.0996828
0.819 -0.10113
0.82 -0.10272
0.821 -0.104453
0.822 -0.10633
0.823 -0.108351
0.824 -0.110516
0.825 -0.112826
0.826 -0.115282
0.827 -0.117882
0.828 -0.120628
0.829 -0.12352
0.83 -0.126557
0.831 -0.129741
0.832 -0.13307
0.833 -0.136546
0.834 -0.140168
0.835 -0.143935
0.836 -0.147849
0.837 -0.151909
0.838 -0.156114
0.839 -0.160465
0.84 -0.164961
0.841 -0.169603
0.842 -0.174389
0.843 -0.17932
0.844 -0.184395
0.845 -0.189613
0.846 -0.194975
0.847 -0.20048
0.848 -0.206128
0.849 -0.211917
0.85 -0.217847
0.851 -0.223918
0.852 -0.23013
0.853 -0.23648
0.854 -0.24297
0.855 -0.249597
0.856 -0.256362
0.857 -0.263262
0.858 -0.270299
0.859 -0.27747
0.86 -0.284775
0.861 -0.292212
0.862 -0.299782
0.863 -0.307482
0.864 -0.315313
0.865 -0.323272
0.866 -0.331358
0.867 -0.339571
0.868 -0.34791
0.869 -0.356373
0.87 -0.364959
0.871 -0.373667
0.872 -0.382495
0.873 -0.391443
0.874 -0.400508
0.875 -0.40969
0.876 -0.418988
0.877 -0.428399
0.878 -0.437923
0.879 -0.447558
0.88 -0.457302
0.881 -0.467155
0.882 -0.477114
0.883 -0.487178
0.884 -0.497346
0.885 -0.507616
0.886 -0.517986
0.887 -0.528455
0.888 -0.539021
0.889 -0.549683
0.89 -0.560439
0.891 -0.571287
0.892 -0.582226
0.893 -0.593254
0.894 -0.60437
0.895 -0.61557
0.896 -0.626855
0.897 -0.638222
0.898 -0.64967
0.899 -0.661196
0.9 -0.672799
0.901 -0.684477
0.902 -0.696229
0.903 -0.708052
0.904 -0.719946
0.905 -0.731907
0.906 -0.743935
0.907 -0.756028
0.908 -0.768183
0.909 -0.780399
0.91 -0.792675
0.911 -0.805008
0.912 -0.817397
0.913 -0.82984
0.914 -0.842334
0.915 -0.85488
0.916 -0.867474
0.917 -0.880114
0.918 -0.8928
0.919 -0.90553
0.92 -0.918301
0.921 -0.931111
0.922 -0.94396
0.923 -0.956846
0.924 -0.969766
0.925 -0.982719
0.926 -0.995703
0.927 -1.00872
0.928 -1.02176
0.929 -1.03483
0.93 -1.04792
0.931 -1.06104
0.932 -1.07418
0.933 -1.08733
0.934 -1.10051
0.935 -1.1137
0.936 -1.12691
0.937 -1.14013
0.938 -1.15336
0.939 -1.16661
0.94 -1.17986
0.941 -1.19312
0.942 -1.20639
0.943 -1.21966
0.944 -1.23294
0.945 -1.24621
0.946 -1.25949
0.947 -1.27277
0.948 -1.28604
0.949 -1.29931
0.95 -1.31258
0.951 -1.32584
0.952 -1.33909
0.953 -1.35234
0.954 -1.36557
0.955 -1.37879
0.956 -1.392
0.957 -1.4052
0.958 -1.41838
0.959 -1.43155
0.96 -1.4447
0.961 -1.45783
0.962 -1.47095
0.963 -1.48404
0.964 -1.49711
0.965 -1.51016
0.966 -1.52319
0.967 -1.53619
0.968 -1.54917
0.969 -1.56212
0.97 -1.57505
0.971 -1.58795
0.972 -1.60082
0.973 -1.61366
0.974 -1.62647
0.975 -1.63925
0.976 -1.65199
0.977 -1.66471
0.978 -1.67739
0.979 -1.69004
0.98 -1.70265
0.981 -1.71523
0.982 -1.72777
0.983 -1.74028
0.984 -1.75275
0.985 -1.76518
0.986 -1.77757
0.987 -1.78992
0.988 -1.80223
0.989 -1.81451
0.99 -1.82674
0.991 -1.83893
0.992 -1.85108
0.993 -1.86319
0.994 -1.87526
0.995 -1.88728
0.996 -1.89926
0.997 -1.91119
0.998 -1.92309
0.999 -1.93493
1 -1.94674
1.001 -10
