0 0
0.001 0.68992
0.002 0.695861
0.003 0.701803
0.004 0.707746
0.005 0.713688
0.006 0.719631
0.007 0.725573
0.008 0.731514
0.009 0.737454
0.01 0.743393
0.011 0.74933
0.012 0.755266
0.013 0.761198
0.014 0.767129
0.015 0.773056
0.016 0.77898
0.017 0.7849
0.018 0.790817
0.019 0.796729
0.02 0.802637
0.021 0.80854
0.022 0.814438
0.023 0.82033
0.024 0.826217
0.025 0.832098
0.026 0.837972
0.027 0.84384
0.028 0.849701
0.029 0.855554
0.03 0.8614
0.031 0.867239
0.032 0.873069
0.033 0.878891
0.034 0.884705
0.035 0.890509
0.036 0.896305
0.037 0.902091
0.038 0.907867
0.039 0.913634
0.04 0.91939
0.041 0.925136
0.042 0.930872
0.043 0.936596
0.044 0.94231
0.045 0.948012
0.046 0.953703
0.047 0.959381
0.048 0.965048
0.049 0.970703
0.05 0.976345
0.051 0.981975
0.052 0.987592
0.053 0.993197
0.054 0.998788
0.055 1.00437
0.056 1.00993
0.057 1.01548
0.058 1.02102
0.059 1.02654
0.06 1.03205
0.061 1.03754
0.062 1.04302
0.063 1.04849
0.064 1.05394
0.065 1.05938
0.066 1.0648
0.067 1.07021
0.068 1.0756
0.069 1.08098
0.07 1.08634
0.071 1.09169
0.072 1.09702
0.073 1.10234
0.074 1.10764
0.075 1.11292
0.076 1.11819
0.077 1.12345
0.078 1.12868
0.079 1.13391
0.08 1.13912
0.081 1.14431
0.082 1.14948
0.083 1.15464
0.084 1.15979
0.085 1.16492
0.086 1.17003
0.087 1.17513
0.088 1.18021
0.089 1.18528
0.09 1.19033
0.091 1.19536
0.092 1.20038
0.093 1.20539
0.094 1.21038
0.095 1.21535
0.096 1.22031
0.097 1.22525
0.098 1.23018
0.099 1.23509
0.1 1.23999
0.101 1.24487
0.102 1.24974
0.103 1.25459
0.104 1.25943
0.105 1.26426
0.106 1.26906
0.107 1.27386
0.108 1.27864
0.109 1.2834
0.11 1.28816
0.111 1.29289
0.112 1.29762
0.113 1.30233
0.114 1.30702
0.115 1.3117
0.116 1.31637
0.117 1.32103
0.118 1.32567
0.119 1.3303
0.12 1.33491
0.121 1.33952
0.122 1.34411
0.123 1.34868
0.124 1.35325
0.125 1.3578
0.126 1.36234
0.127 1.36687
0.128 1.37138
0.129 1.37588
0.13 1.38037
0.131 1.38485
0.132 1.38932
0.133 1.39378
0.134 1.39823
0.135 1.40266
0.136 1.40708
0.137 1.4115
0.138 1.4159
0.139 1.42029
0.14 1.42467
0.141 1.42904
0.142 1.4334
0.143 1.43775
0.144 1.44209
0.145 1.44642
0.146 1.45074
0.147 1.45505
0.148 1.45935
0.149 1.46364
0.15 1.46793
0.151 1.4722
0.152 1.47646
0.153 1.48072
0.154 1.48497
0.155 1.48921
0.156 1.49344
0.157 1.49766
0.158 1.50188
0.159 1.50608
0.16 1.51028
0.161 1.51447
0.162 1.51865
0.163 1.52283
0.164 1.527
0.165 1.53116
0.166 1.53531
0.167 1.53946
0.168 1.5436
0.169 1.54773
0.17 1.55186
0.171 1.55598
0.172 1.56009
0.173 1.5642
0.174 1.5683
0.175 1.5724
0.176 1.57649
0.177 1.58057
0.178 1.58465
0.179 1.58872
0.18 1.59278
0.181 1.59685
0.182 1.6009
0.183 1.60495
0.184 1.609
0.185 1.61304
0.186 1.61707
0.187 1.6211
0.188 1.62513
0.189 1.62915
0.19 1.63317
0.191 1.63718
0.192 1.64119
0.193 1.6452
0.194 1.6492
0.195 1.65319
0.196 1.65719
0.197 1.66118
0.198 1.66516
0.199 1.66914
0.2 1.67312
0.201 1.6771
0.202 1.68107
0.203 1.68504
0.204 1.689
0.205 1.69297
0.206 1.69693
0.207 1.70088
0.208 1.70484
0.209 1.70879
0.21 1.71274
0.211 1.71669
0.212 1.72063
0.213 1.72457
0.214 1.72851
0.215 1.73245
0.216 1.73639
0.217 1.74032
0.218 1.74425
0.219 1.74818
0.22 1.75211
0.221 1.75604
0.222 1.75997
0.223 1.76389
0.224 1.76781
0.225 1.77174
0.226 1.77566
0.227 1.77958
0.228 1.7835
0.229 1.78741
0.23 1.79133
0.231 1.79525
0.232 1.79916
0.233 1.80308
0.234 1.80699
0.235 1.81091
0.236 1.81482
0.237 1.81873
0.238 1.82264
0.239 1.82656
0.24 1.83047
0.241 1.83438
0.242 1.83829
0.243 1.84221
0.244 1.84612
0.245 1.85003
0.246 1.85395
0.247 1.85786
0.248 1.86177
0.249 1.86569
0.25 1.8696
0.251 1.87352
0.252 1.87743
0.253 1.88135
0.254 1.88527
0.255 1.88919
0.256 1.89311
0.257 1.89703
0.258 1.90095
0.259 1.90487
0.26 1.90879
0.261 1.91272
0.262 1.91664
0.263 1.92057
0.264 1.9245
0.265 1.92843
0.266 1.93236
0.267 1.9363
0.268 1.94023
0.269 1.94417
0.27 1.9481
0.271 1.95204
0.272 1.95598
0.273 1.95993
0.274 1.96387
0.275 1.96782
0.276 1.97177
0.277 1.97572
0.278 1.97967
0.279 1.98363
0.28 1.98759
0.281 1.99154
0.282 1.99551
0.283 1.99947
0.284 2.00344
0.285 2.00741
0.286 2.01138
0.287 2.01535
0.288 2.01933
0.289 2.0233
0.29 2.02729
0.291 2.03127
0.292 2.03526
0.293 2.03925
0.294 2.04324
0.295 2.04723
0.296 2.05123
0.297 2.05523
0.298 2.05923
0.299 2.06324
0.3 2.06725
0.301 2.07126
0.302 2.07527
0.303 2.07929
0.304 2.08331
0.305 2.08734
0.306 2.09137
0.307 2.0954
0.308 2.09943
0.309 2.10347
0.31 2.10751
0.311 2.11155
0.312 2.1156
0.313 2.11965
0.314 2.1237
0.315 2.12776
0.316 2.13182
0.317 2.13588
0.318 2.13995
0.319 2.14402
0.32 2.1481
0.321 2.15218
0.322 2.15626
0.323 2.16035
0.324 2.16444
0.325 2.16853
0.326 2.17263
0.327 2.17673
0.328 2.18083
0.329 2.18494
0.33 2.18905
0.331 2.19317
0.332 2.19729
0.333 2.20142
0.334 2.20554
0.335 2.20968
0.336 2.21381
0.337 2.21796
0.338 2.2221
0.339 2.22625
0.34 2.2304
0.341 2.23456
0.342 2.23872
0.343 2.24289
0.344 2.24706
0.345 2.25123
0.346 2.25541
0.347 2.2596
0.348 2.26379
0.349 2.26798
0.35 2.27218
0.351 2.27638
0.352 2.28058
0.353 2.28479
0.354 2.28901
0.355 2.29323
0.356 2.29746
0.357 2.30169
0.358 2.30592
0.359 2.31016
0.36 2.3144
0.361 2.31865
0.362 2.32291
0.363 2.32717
0.364 2.33143
0.365 2.3357
0.366 2.33997
0.367 2.34425
0.368 2.34854
0.369 2.35283
0.37 2.35712
0.371 2.36142
0.372 2.36573
0.373 2.37004
0.374 2.37435
0.375 2.37867
0.376 2.383
0.377 2.38733
0.378 2.39167
0.379 2.39602
0.38 2.40037
0.381 2.40472
0.382 2.40908
0.383 2.41345
0.384 2.41782
0.385 2.4222
0.386 2.42658
0.387 2.43097
0.388 2.43537
0.389 2.43977
0.39 2.44418
0.391 2.4486
0.392 2.45302
0.393 2.45745
0.394 2.46188
0.395 2.46632
0.396 2.47077
0.397 2.47522
0.398 2.47968
0.399 2.48415
0.4 2.48862
0.401 2.4931
0.402 2.49759
0.403 2.50208
0.404 2.50658
0.405 2.51109
0.406 2.5156
0.407 2.52012
0.408 2.52465
0.409 2.52919
0.41 2.53373
0.411 2.53828
0.412 2.54284
0.413 2.54741
0.414 2.55198
0.415 2.55656
0.416 2.56115
0.417 2.56575
0.418 2.57036
0.419 2.57497
0.42 2.57959
0.421 2.58422
0.422 2.58886
0.423 2.59351
0.424 2.59816
0.425 2.60282
0.426 2.60749
0.427 2.61217
0.428 2.61686
0.429 2.62156
0.43 2.62627
0.431 2.63098
0.432 2.63571
0.433 2.64044
0.434 2.64519
0.435 2.64994
0.436 2.6547
0.437 2.65948
0.438 2.66426
0.439 2.66905
0.44 2.67385
0.441 2.67866
0.442 2.68348
0.443 2.68832
0.444 2.69316
0.445 2.69801
0.446 2.70287
0.447 2.70775
0.448 2.71263
0.449 2.71753
0.45 2.72243
0.451 2.72735
0.452 2.73228
0.453 2.73722
0.454 2.74217
0.455 2.74713
0.456 2.7521
0.457 2.75709
0.458 2.76209
0.459 2.7671
0.46 2.77212
0.461 2.77716
0.462 2.7822
0.463 2.78726
0.464 2.79233
0.465 2.79742
0.466 2.80252
0.467 2.80763
0.468 2.81275
0.469 2.81789
0.47 2.82304
0.471 2.8282
0.472 2.83338
0.473 2.83857
0.474 2.84378
0.475 2.849
0.476 2.85423
0.477 2.85948
0.478 2.86475
0.479 2.87002
0.48 2.87532
0.481 2.88062
0.482 2.88595
0.483 2.89129
0.484 2.89664
0.485 2.90201
0.486 2.9074
0.487 2.9128
0.488 2.91822
0.489 2.92365
0.49 2.9291
0.491 2.93457
0.492 2.94006
0.493 2.94556
0.494 2.95108
0.495 2.95661
0.496 2.96217
0.497 2.96774
0.498 2.97333
0.499 2.97894
0.5 2.98456
0.501 2.99021
0.502 2.99587
0.503 3.00155
0.504 3.00725
0.505 3.01297
0.506 3.01871
0.507 3.02447
0.508 3.03025
0.509 3.03605
0.51 3.04187
0.511 3.04771
0.512 3.05357
0.513 3.05945
0.514 3.06535
0.515 3.07127
0.516 3.07722
0.517 3.08318
0.518 3.08917
0.519 3.09518
0.52 3.10121
0.521 3.10727
0.522 3.11334
0.523 3.11944
0.524 3.12557
0.525 3.13172
0.526 3.13789
0.527 3.14408
0.528 3.1503
0.529 3.15654
0.53 3.16281
0.531 3.1691
0.532 3.17542
0.533 3.18176
0.534 3.18813
0.535 3.19452
0.536 3.20094
0.537 3.20739
0.538 3.21386
0.539 3.22036
0.54 3.22688
0.541 3.23344
0.542 3.24002
0.543 3.24663
0.544 3.25326
0.545 3.25993
0.546 3.26662
0.547 3.27334
0.548 3.28009
0.549 3.28687
0.55 3.29368
0.551 3.30052
0.552 3.30739
0.553 3.31429
0.554 3.32123
0.555 3.32819
0.556 3.33518
0.557 3.34221
0.558 3.34926
0.559 3.35635
0.56 3.36347
0.561 3.37063
0.562 3.37781
0.563 3.38503
0.564 3.39229
0.565 3.39957
0.566 3.40689
0.567 3.41425
0.568 3.42164
0.569 3.42907
0.57 3.43653
0.571 3.44402
0.572 3.45156
0.573 3.45913
0.574 3.46673
0.575 3.47437
0.576 3.48205
0.577 3.48977
0.578 3.49753
0.579 3.50532
0.58 3.51315
0.581 3.52102
0.582 3.52893
0.583 3.53688
0.584 3.54487
0.585 3.5529
0.586 3.56097
0.587 3.56908
0.588 3.57723
0.589 3.58542
0.59 3.59365
0.591 3.60193
0.592 3.61025
0.593 3.61861
0.594 3.62701
0.595 3.63546
0.596 3.64395
0.597 3.65249
0.598 3.66107
0.599 3.66969
0.6 3.67836
0.601 3.68708
0.602 3.69584
0.603 3.70465
0.604 3.7135
0.605 3.7224
0.606 3.73135
0.607 3.74035
0.608 3.74939
0.609 3.75848
0.61 3.76762
0.611 3.77681
0.612 3.78605
0.613 3.79533
0.614 3.80467
0.615 3.81406
0.616 3.8235
0.617 3.83299
0.618 3.84253
0.619 3.85212
0.62 3.86176
0.621 3.87146
0.622 3.88121
0.623 3.89101
0.624 3.90086
0.625 3.91077
0.626 3.92074
0.627 3.93075
0.628 3.94082
0.629 3.95095
0.63 3.96113
0.631 3.97137
0.632 3.98166
0.633 3.99201
0.634 4.00242
0.635 4.01288
0.636 4.0234
0.637 4.03397
0.638 4.04461
0.639 4.0553
0.64 4.06605
0.641 4.07686
0.642 4.08773
0.643 4.09866
0.644 4.10965
0.645 4.12069
0.646 4.1318
0.647 4.14297
0.648 4.15419
0.649 4.16548
0.65 4.17683
0.651 4.18824
0.652 4.19972
0.653 4.21125
0.654 4.22285
0.655 4.2345
0.656 4.24623
0.657 4.25801
0.658 4.26986
0.659 4.28176
0.66 4.29374
0.661 4.30577
0.662 4.31787
0.663 4.33004
0.664 4.34226
0.665 4.35455
0.666 4.36691
0.667 4.37933
0.668 4.39181
0.669 4.40436
0.67 4.41698
0.671 4.42966
0.672 4.4424
0.673 4.45521
0.674 4.46808
0.675 4.48102
0.676 4.49402
0.677 4.50709
0.678 4.52023
0.679 4.53343
0.68 4.54669
0.681 4.56002
0.682 4.57341
0.683 4.58687
0.684 4.6004
0.685 4.61399
0.686 4.62764
0.687 4.64136
0.688 4.65515
0.689 4.669
0.69 4.68291
0.691 4.69689
0.692 4.71093
0.693 4.72504
0.694 4.73921
0.695 4.75345
0.696 4.76774
0.697 4.7821
0.698 4.79653
0.699 4.81102
0.7 4.82556
0.701 4.84018
0.702 4.85485
0.703 4.86958
0.704 4.88438
0.705 4.89924
0.706 4.91415
0.707 4.92913
0.708 4.94417
0.709 4.95926
0.71 4.97442
0.711 4.98963
0.712 5.0049
0.713 5.02023
0.714 5.03561
0.715 5.05105
0.716 5.06654
0.717 5.0821
0.718 5.0977
0.719 5.11336
0.72 5.12907
0.721 5.14483
0.722 5.16065
0.723 5.17652
0.724 5.19243
0.725 5.2084
0.726 5.22441
0.727 5.24048
0.728 5.25659
0.729 5.27274
0.73 5.28895
0.731 5.30519
0.732 5.32148
0.733 5.33782
0.734 5.35419
0.735 5.37061
0.736 5.38706
0.737 5.40356
0.738 5.42009
0.739 5.43666
0.74 5.45326
0.741 5.4699
0.742 5.48658
0.743 5.50328
0.744 5.52002
0.745 5.53679
0.746 5.55359
0.747 5.57041
0.748 5.58726
0.749 5.60414
0.75 5.62104
0.751 5.63797
0.752 5.65491
0.753 5.67188
0.754 5.68886
0.755 5.70587
0.756 5.72289
0.757 5.73992
0.758 5.75697
0.759 5.77403
0.76 5.7911
0.761 5.80819
0.762 5.82527
0.763 5.84237
0.764 5.85947
0.765 5.87658
0.766 5.89368
0.767 5.91079
0.768 5.9279
0.769 5.945
0.77 5.9621
0.771 5.97919
0.772 5.99628
0.773 6.01336
0.774 6.03043
0.775 6.04748
0.776 6.06453
0.777 6.08155
0.778 6.09856
0.779 6.11556
0.78 6.13253
0.781 6.14948
0.782 6.16641
0.783 6.18331
0.784 6.20019
0.785 6.21703
0.786 6.23385
0.787 6.25064
0.788 6.26739
0.789 6.28411
0.79 6.30079
0.791 6.31743
0.792 6.33403
0.793 6.35059
0.794 6.36711
0.795 6.38358
0.796 6.40001
0.797 6.41639
0.798 6.43271
0.799 6.44899
0.8 6.46521
0.801 6.48138
0.802 6.49749
0.803 6.51354
0.804 6.52953
0.805 6.54547
0.806 6.56133
0.807 6.57714
0.808 6.59287
0.809 6.60854
0.81 6.62414
0.811 6.63967
0.812 6.65512
0.813 6.6705
0.814 6.68581
0.815 6.70104
0.816 6.71618
0.817 6.73125
0.818 6.74624
0.819 6.76114
0.82 6.77596
0.821 6.7907
0.822 6.80534
0.823 6.8199
0.824 6.83437
0.825 6.84874
0.826 6.86303
0.827 6.87722
0.828 6.89131
0.829 6.90531
0.83 6.91921
0.831 6.93301
0.832 6.94671
0.833 6.96031
0.834 6.97381
0.835 6.9872
0.836 7.00049
0.837 7.01367
0.838 7.02675
0.839 7.03972
0.84 7.05258
0.841 7.06533
0.842 7.07797
0.843 7.0905
0.844 7.10292
0.845 7.11522
0.846 7.12742
0.847 7.13949
0.848 7.15145
0.849 7.1633
0.85 7.17503
0.851 7.18664
0.852 7.19814
0.853 7.20951
0.854 7.22077
0.855 7.23191
0.856 7.24293
0.857 7.25383
0.858 7.2646
0.859 7.27526
0.86 7.2858
0.861 7.29621
0.862 7.30651
0.863 7.31668
0.864 7.32672
0.865 7.33665
0.866 7.34645
0.867 7.35614
0.868 7.36569
0.869 7.37513
0.87 7.38444
0.871 7.39363
0.872 7.4027
0.873 7.41165
0.874 7.42047
0.875 7.42917
0.876 7.43775
0.877 7.44621
0.878 7.45454
0.879 7.46275
0.88 7.47085
0.881 7.47882
0.882 7.48667
0.883 7.4944
0.884 7.50202
0.885 7.50951
0.886 7.51688
0.887 7.52414
0.888 7.53128
0.889 7.5383
0.89 7.54521
0.891 7.552
0.892 7.55867
0.893 7.56523
0.894 7.57167
0.895 7.57801
0.896 7.58423
0.897 7.59033
0.898 7.59633
0.899 7.60222
0.9 7.60799
0.901 7.61366
0.902 7.61922
0.903 7.62467
0.904 7.63002
0.905 7.63526
0.906 7.64039
0.907 7.64542
0.908 7.65035
0.909 7.65518
0.91 7.65991
0.911 7.66453
0.912 7.66906
0.913 7.67349
0.914 7.67782
0.915 7.68205
0.916 7.68619
0.917 7.69024
0.918 7.69419
0.919 7.69805
0.92 7.70182
0.921 7.70549
0.922 7.70908
0.923 7.71258
0.924 7.716
0.925 7.71932
0.926 7.72256
0.927 7.72572
0.928 7.7288
0.929 7.73179
0.93 7.7347
0.931 7.73753
0.932 7.74028
0.933 7.74296
0.934 7.74556
0.935 7.74808
0.936 7.75052
0.937 7.7529
0.938 7.7552
0.939 7.75743
0.94 7.75959
0.941 7.76167
0.942 7.76369
0.943 7.76565
0.944 7.76753
0.945 7.76935
0.946 7.77111
0.947 7.7728
0.948 7.77443
0.949 7.77599
0.95 7.7775
0.951 7.77895
0.952 7.78033
0.953 7.78166
0.954 7.78294
0.955 7.78415
0.956 7.78532
0.957 7.78642
0.958 7.78748
0.959 7.78848
0.96 7.78943
0.961 7.79033
0.962 7.79118
0.963 7.79199
0.964 7.79274
0.965 7.79345
0.966 7.79411
0.967 7.79473
0.968 7.7953
0.969 7.79582
0.97 7.79631
0.971 7.79675
0.972 7.79715
0.973 7.79751
0.974 7.79783
0.975 7.79812
0.976 7.79836
0.977 7.79856
0.978 7.79873
0.979 7.79887
0.98 7.79897
0.981 7.79903
0.982 7.79906
0.983 7.79905
0.984 7.79902
0.985 7.79895
0.986 7.79885
0.987 7.79872
0.988 7.79856
0.989 7.79837
0.99 7.79815
0.991 7.7979
0.992 7.79763
0.993 7.79733
0.994 7.797
0.995 7.79665
0.996 7.79627
0.997 7.79587
0.998 7.79544
0.999 7.79499
1 7.79451
1.001 0
