0 0
0.001 1.00034
0.002 1.00402
0.003 1.00769
0.004 1.01137
0.005 1.01504
0.006 1.01871
0.007 1.02237
0.008 1.02604
0.009 1.0297
0.01 1.03337
0.011 1.03702
0.012 1.04068
0.013 1.04434
0.014 1.04799
0.015 1.05164
0.016 1.05529
0.017 1.05893
0.018 1.06257
0.019 1.06622
0.02 1.06985
0.021 1.07349
0.022 1.07712
0.023 1.08075
0.024 1.08438
0.025 1.088
0.026 1.09163
0.027 1.09524
0.028 1.09886
0.029 1.10248
0.03 1.10609
0.031 1.10969
0.032 1.1133
0.033 1.1169
0.034 1.1205
0.035 1.1241
0.036 1.12769
0.037 1.13128
0.038 1.13487
0.039 1.13845
0.04 1.14203
0.041 1.14561
0.042 1.14919
0.043 1.15276
0.044 1.15633
0.045 1.15989
0.046 1.16346
0.047 1.16702
0.048 1.17057
0.049 1.17413
0.05 1.17768
0.051 1.18122
0.052 1.18477
0.053 1.18831
0.054 1.19184
0.055 1.19538
0.056 1.19891
0.057 1.20244
0.058 1.20596
0.059 1.20948
0.06 1.213
0.061 1.21651
0.062 1.22003
0.063 1.22353
0.064 1.22704
0.065 1.23054
0.066 1.23404
0.067 1.23754
0.068 1.24103
0.069 1.24452
0.07 1.248
0.071 1.25149
0.072 1.25497
0.073 1.25844
0.074 1.26192
0.075 1.26539
0.076 1.26886
0.077 1.27232
0.078 1.27578
0.079 1.27924
0.08 1.2827
0.081 1.28615
0.082 1.2896
0.083 1.29305
0.084 1.29649
0.085 1.29993
0.086 1.30337
0.087 1.30681
0.088 1.31024
0.089 1.31367
0.09 1.3171
0.091 1.32053
0.092 1.32395
0.093 1.32737
0.094 1.33078
0.095 1.3342
0.096 1.33761
0.097 1.34102
0.098 1.34443
0.099 1.34783
0.1 1.35124
0.101 1.35464
0.102 1.35803
0.103 1.36143
0.104 1.36482
0.105 1.36821
0.106 1.3716
0.107 1.37499
0.108 1.37838
0.109 1.38176
0.11 1.38514
0.111 1.38852
0.112 1.3919
0.113 1.39527
0.114 1.39865
0.115 1.40202
0.116 1.40539
0.117 1.40876
0.118 1.41212
0.119 1.41549
0.12 1.41885
0.121 1.42221
0.122 1.42558
0.123 1.42893
0.124 1.43229
0.125 1.43565
0.126 1.43901
0.127 1.44236
0.128 1.44571
0.129 1.44907
0.13 1.45242
0.131 1.45577
0.132 1.45912
0.133 1.46247
0.134 1.46581
0.135 1.46916
0.136 1.47251
0.137 1.47585
0.138 1.4792
0.139 1.48254
0.14 1.48589
0.141 1.48923
0.142 1.49257
0.143 1.49591
0.144 1.49926
0.145 1.5026
0.146 1.50594
0.147 1.50928
0.148 1.51262
0.149 1.51597
0.15 1.51931
0.151 1.52265
0.152 1.52599
0.153 1.52933
0.154 1.53268
0.155 1.53602
0.156 1.53936
0.157 1.54271
0.158 1.54605
0.159 1.5494
0.16 1.55274
0.161 1.55609
0.162 1.55943
0.163 1.56278
0.164 1.56613
0.165 1.56948
0.166 1.57283
0.167 1.57618
0.168 1.57953
0.169 1.58288
0.17 1.58624
0.171 1.58959
0.172 1.59295
0.173 1.59631
0.174 1.59967
0.175 1.60303
0.176 1.60639
0.177 1.60976
0.178 1.61312
0.179 1.61649
0.18 1.61986
0.181 1.62323
0.182 1.6266
0.183 1.62998
0.184 1.63335
0.185 1.63673
0.186 1.64011
0.187 1.64349
0.188 1.64688
0.189 1.65027
0.19 1.65366
0.191 1.65705
0.192 1.66044
0.193 1.66384
0.194 1.66724
0.195 1.67064
0.196 1.67404
0.197 1.67745
0.198 1.68086
0.199 1.68427
0.2 1.68769
0.201 1.69111
0.202 1.69453
0.203 1.69795
0.204 1.70138
0.205 1.70481
0.206 1.70824
0.207 1.71168
0.208 1.71512
0.209 1.71856
0.21 1.72201
0.211 1.72546
0.212 1.72891
0.213 1.73237
0.214 1.73583
0.215 1.73929
0.216 1.74276
0.217 1.74623
0.218 1.7497
0.219 1.75318
0.22 1.75666
0.221 1.76015
0.222 1.76364
0.223 1.76713
0.224 1.77063
0.225 1.77413
0.226 1.77764
0.227 1.78115
0.228 1.78466
0.229 1.78818
0.23 1.7917
0.231 1.79523
0.232 1.79876
0.233 1.8023
0.234 1.80584
0.235 1.80938
0.236 1.81293
0.237 1.81649
0.238 1.82004
0.239 1.82361
0.24 1.82717
0.241 1.83074
0.242 1.83432
0.243 1.8379
0.244 1.84149
0.245 1.84508
0.246 1.84867
0.247 1.85227
0.248 1.85588
0.249 1.85949
0.25 1.8631
0.251 1.86672
0.252 1.87035
0.253 1.87398
0.254 1.87761
0.255 1.88125
0.256 1.8849
0.257 1.88855
0.258 1.8922
0.259 1.89586
0.26 1.89953
0.261 1.9032
0.262 1.90688
0.263 1.91056
0.264 1.91424
0.265 1.91794
0.266 1.92163
0.267 1.92533
0.268 1.92904
0.269 1.93276
0.27 1.93647
0.271 1.9402
0.272 1.94393
0.273 1.94766
0.274 1.9514
0.275 1.95515
0.276 1.9589
0.277 1.96266
0.278 1.96642
0.279 1.97019
0.28 1.97396
0.281 1.97774
0.282 1.98152
0.283 1.98531
0.284 1.98911
0.285 1.99291
0.286 1.99671
0.287 2.00053
0.288 2.00434
0.289 2.00817
0.29 2.012
0.291 2.01583
0.292 2.01967
0.293 2.02352
0.294 2.02737
0.295 2.03123
0.296 2.03509
0.297 2.03896
0.298 2.04283
0.299 2.04671
0.3 2.0506
0.301 2.05449
0.302 2.05839
0.303 2.06229
0.304 2.0662
0.305 2.07011
0.306 2.07403
0.307 2.07796
0.308 2.08189
0.309 2.08583
0.31 2.08977
0.311 2.09372
0.312 2.09768
0.313 2.10164
0.314 2.1056
0.315 2.10957
0.316 2.11355
0.317 2.11754
0.318 2.12153
0.319 2.12552
0.32 2.12952
0.321 2.13353
0.322 2.13754
0.323 2.14156
0.324 2.14558
0.325 2.14962
0.326 2.15365
0.327 2.15769
0.328 2.16174
0.329 2.1658
0.33 2.16985
0.331 2.17392
0.332 2.17799
0.333 2.18207
0.334 2.18615
0.335 2.19024
0.336 2.19434
0.337 2.19844
0.338 2.20254
0.339 2.20666
0.34 2.21078
0.341 2.2149
0.342 2.21903
0.343 2.22317
0.344 2.22731
0.345 2.23146
0.346 2.23562
0.347 2.23978
0.348 2.24394
0.349 2.24812
0.35 2.2523
0.351 2.25648
0.352 2.26068
0.353 2.26487
0.354 2.26908
0.355 2.27329
0.356 2.2775
0.357 2.28173
0.358 2.28596
0.359 2.29019
0.36 2.29443
0.361 2.29868
0.362 2.30293
0.363 2.3072
0.364 2.31146
0.365 2.31574
0.366 2.32002
0.367 2.3243
0.368 2.3286
0.369 2.3329
0.37 2.3372
0.371 2.34151
0.372 2.34583
0.373 2.35016
0.374 2.35449
0.375 2.35883
0.376 2.36318
0.377 2.36753
0.378 2.37189
0.379 2.37626
0.38 2.38063
0.381 2.38501
0.382 2.3894
0.383 2.3938
0.384 2.3982
0.385 2.40261
0.386 2.40702
0.387 2.41145
0.388 2.41588
0.389 2.42032
0.39 2.42476
0.391 2.42922
0.392 2.43368
0.393 2.43814
0.394 2.44262
0.395 2.4471
0.396 2.4516
0.397 2.45609
0.398 2.4606
0.399 2.46512
0.4 2.46964
0.401 2.47417
0.402 2.47871
0.403 2.48325
0.404 2.48781
0.405 2.49237
0.406 2.49694
0.407 2.50152
0.408 2.50611
0.409 2.51071
0.41 2.51531
0.411 2.51993
0.412 2.52455
0.413 2.52918
0.414 2.53382
0.415 2.53847
0.416 2.54313
0.417 2.5478
0.418 2.55247
0.419 2.55716
0.42 2.56185
0.421 2.56656
0.422 2.57127
0.423 2.576
0.424 2.58073
0.425 2.58547
0.426 2.59023
0.427 2.59499
0.428 2.59976
0.429 2.60455
0.43 2.60934
0.431 2.61415
0.432 2.61896
0.433 2.62379
0.434 2.62862
0.435 2.63347
0.436 2.63833
0.437 2.64319
0.438 2.64807
0.439 2.65296
0.44 2.65786
0.441 2.66278
0.442 2.6677
0.443 2.67264
0.444 2.67759
0.445 2.68255
0.446 2.68752
0.447 2.6925
0.448 2.6975
0.449 2.70251
0.45 2.70753
0.451 2.71256
0.452 2.7176
0.453 2.72266
0.454 2.72773
0.455 2.73282
0.456 2.73792
0.457 2.74303
0.458 2.74815
0.459 2.75329
0.46 2.75844
0.461 2.76361
0.462 2.76878
0.463 2.77398
0.464 2.77919
0.465 2.78441
0.466 2.78964
0.467 2.79489
0.468 2.80016
0.469 2.80544
0.47 2.81074
0.471 2.81605
0.472 2.82137
0.473 2.82671
0.474 2.83207
0.475 2.83744
0.476 2.84283
0.477 2.84824
0.478 2.85366
0.479 2.8591
0.48 2.86455
0.481 2.87002
0.482 2.87551
0.483 2.88102
0.484 2.88654
0.485 2.89208
0.486 2.89764
0.487 2.90321
0.488 2.9088
0.489 2.91442
0.49 2.92004
0.491 2.92569
0.492 2.93136
0.493 2.93704
0.494 2.94275
0.495 2.94847
0.496 2.95421
0.497 2.95998
0.498 2.96576
0.499 2.97156
0.5 2.97738
0.501 2.98322
0.502 2.98908
0.503 2.99497
0.504 3.00087
0.505 3.00679
0.506 3.01274
0.507 3.01871
0.508 3.0247
0.509 3.03071
0.51 3.03674
0.511 3.04279
0.512 3.04887
0.513 3.05497
0.514 3.06109
0.515 3.06724
0.516 3.07341
0.517 3.0796
0.518 3.08581
0.519 3.09205
0.52 3.09832
0.521 3.1046
0.522 3.11091
0.523 3.11725
0.524 3.12361
0.525 3.13
0.526 3.13641
0.527 3.14285
0.528 3.14931
0.529 3.1558
0.53 3.16232
0.531 3.16886
0.532 3.17543
0.533 3.18202
0.534 3.18865
0.535 3.1953
0.536 3.20197
0.537 3.20868
0.538 3.21541
0.539 3.22217
0.54 3.22896
0.541 3.23578
0.542 3.24263
0.543 3.24951
0.544 3.25641
0.545 3.26335
0.546 3.27032
0.547 3.27731
0.548 3.28434
0.549 3.2914
0.55 3.29848
0.551 3.3056
0.552 3.31275
0.553 3.31994
0.554 3.32715
0.555 3.3344
0.556 3.34168
0.557 3.34899
0.558 3.35633
0.559 3.36371
0.56 3.37112
0.561 3.37857
0.562 3.38605
0.563 3.39356
0.564 3.40111
0.565 3.40869
0.566 3.4163
0.567 3.42396
0.568 3.43164
0.569 3.43937
0.57 3.44713
0.571 3.45492
0.572 3.46275
0.573 3.47062
0.574 3.47853
0.575 3.48647
0.576 3.49445
0.577 3.50247
0.578 3.51052
0.579 3.51862
0.58 3.52675
0.581 3.53492
0.582 3.54313
0.583 3.55138
0.584 3.55967
0.585 3.568
0.586 3.57637
0.587 3.58478
0.588 3.59323
0.589 3.60172
0.59 3.61026
0.591 3.61883
0.592 3.62745
0.593 3.6361
0.594 3.6448
0.595 3.65354
0.596 3.66233
0.597 3.67115
0.598 3.68002
0.599 3.68894
0.6 3.69789
0.601 3.70689
0.602 3.71594
0.603 3.72503
0.604 3.73416
0.605 3.74334
0.606 3.75256
0.607 3.76183
0.608 3.77114
0.609 3.7805
0.61 3.78991
0.611 3.79936
0.612 3.80886
0.613 3.8184
0.614 3.82799
0.615 3.83763
0.616 3.84731
0.617 3.85705
0.618 3.86683
0.619 3.87665
0.62 3.88653
0.621 3.89645
0.622 3.90643
0.623 3.91645
0.624 3.92652
0.625 3.93663
0.626 3.9468
0.627 3.95702
0.628 3.96728
0.629 3.9776
0.63 3.98796
0.631 3.99838
0.632 4.00884
0.633 4.01936
0.634 4.02992
0.635 4.04054
0.636 4.0512
0.637 4.06192
0.638 4.07269
0.639 4.08351
0.64 4.09437
0.641 4.1053
0.642 4.11627
0.643 4.12729
0.644 4.13836
0.645 4.14949
0.646 4.16066
0.647 4.17189
0.648 4.18317
0.649 4.1945
0.65 4.20589
0.651 4.21732
0.652 4.22881
0.653 4.24034
0.654 4.25193
0.655 4.26358
0.656 4.27527
0.657 4.28701
0.658 4.29881
0.659 4.31066
0.66 4.32256
0.661 4.33451
0.662 4.34651
0.663 4.35856
0.664 4.37067
0.665 4.38283
0.666 4.39503
0.667 4.40729
0.668 4.4196
0.669 4.43196
0.67 4.44437
0.671 4.45683
0.672 4.46934
0.673 4.48191
0.674 4.49452
0.675 4.50718
0.676 4.51989
0.677 4.53265
0.678 4.54546
0.679 4.55832
0.68 4.57122
0.681 4.58418
0.682 4.59718
0.683 4.61024
0.684 4.62333
0.685 4.63648
0.686 4.64967
0.687 4.66291
0.688 4.6762
0.689 4.68953
0.69 4.70291
0.691 4.71634
0.692 4.7298
0.693 4.74332
0.694 4.75687
0.695 4.77047
0.696 4.78412
0.697 4.7978
0.698 4.81153
0.699 4.8253
0.7 4.83911
0.701 4.85297
0.702 4.86686
0.703 4.88079
0.704 4.89477
0.705 4.90878
0.706 4.92283
0.707 4.93691
0.708 4.95104
0.709 4.9652
0.71 4.97939
0.711 4.99362
0.712 5.00789
0.713 5.02219
0.714 5.03652
0.715 5.05089
0.716 5.06529
0.717 5.07972
0.718 5.09418
0.719 5.10867
0.72 5.12319
0.721 5.13773
0.722 5.15231
0.723 5.16691
0.724 5.18154
0.725 5.19619
0.726 5.21087
0.727 5.22557
0.728 5.2403
0.729 5.25504
0.73 5.26981
0.731 5.2846
0.732 5.29941
0.733 5.31423
0.734 5.32908
0.735 5.34394
0.736 5.35881
0.737 5.37371
0.738 5.38861
0.739 5.40353
0.74 5.41846
0.741 5.43341
0.742 5.44836
0.743 5.46333
0.744 5.4783
0.745 5.49328
0.746 5.50826
0.747 5.52326
0.748 5.53825
0.749 5.55325
0.75 5.56825
0.751 5.58326
0.752 5.59826
0.753 5.61327
0.754 5.62827
0.755 5.64327
0.756 5.65827
0.757 5.67326
0.758 5.68825
0.759 5.70323
0.76 5.7182
0.761 5.73316
0.762 5.74811
0.763 5.76306
0.764 5.77799
0.765 5.7929
0.766 5.80781
0.767 5.8227
0.768 5.83757
0.769 5.85242
0.77 5.86726
0.771 5.88207
0.772 5.89687
0.773 5.91164
0.774 5.9264
0.775 5.94112
0.776 5.95583
0.777 5.9705
0.778 5.98515
0.779 5.99977
0.78 6.01437
0.781 6.02893
0.782 6.04346
0.783 6.05796
0.784 6.07242
0.785 6.08685
0.786 6.10125
0.787 6.1156
0.788 6.12992
0.789 6.1442
0.79 6.15844
0.791 6.17265
0.792 6.1868
0.793 6.20092
0.794 6.21499
0.795 6.22902
0.796 6.243
0.797 6.25693
0.798 6.27082
0.799 6.28466
0.8 6.29844
0.801 6.31218
0.802 6.32586
0.803 6.33949
0.804 6.35307
0.805 6.36659
0.806 6.38006
0.807 6.39347
0.808 6.40682
0.809 6.42012
0.81 6.43335
0.811 6.44653
0.812 6.45964
0.813 6.4727
0.814 6.48568
0.815 6.49861
0.816 6.51147
0.817 6.52427
0.818 6.537
0.819 6.54966
0.82 6.56225
0.821 6.57478
0.822 6.58724
0.823 6.59962
0.824 6.61194
0.825 6.62419
0.826 6.63636
0.827 6.64846
0.828 6.66048
0.829 6.67244
0.83 6.68431
0.831 6.69611
0.832 6.70784
0.833 6.71949
0.834 6.73106
0.835 6.74255
0.836 6.75397
0.837 6.7653
0.838 6.77656
0.839 6.78773
0.84 6.79883
0.841 6.80984
0.842 6.82078
0.843 6.83163
0.844 6.84239
0.845 6.85308
0.846 6.86368
0.847 6.8742
0.848 6.88463
0.849 6.89498
0.85 6.90525
0.851 6.91542
0.852 6.92552
0.853 6.93553
0.854 6.94545
0.855 6.95528
0.856 6.96503
0.857 6.97469
0.858 6.98427
0.859 6.99376
0.86 7.00316
0.861 7.01247
0.862 7.0217
0.863 7.03083
0.864 7.03988
0.865 7.04885
0.866 7.05772
0.867 7.06651
0.868 7.0752
0.869 7.08381
0.87 7.09233
0.871 7.10077
0.872 7.10911
0.873 7.11737
0.874 7.12554
0.875 7.13362
0.876 7.14161
0.877 7.14952
0.878 7.15734
0.879 7.16507
0.88 7.17271
0.881 7.18027
0.882 7.18774
0.883 7.19512
0.884 7.20242
0.885 7.20963
0.886 7.21675
0.887 7.22379
0.888 7.23074
0.889 7.23761
0.89 7.24439
0.891 7.25109
0.892 7.2577
0.893 7.26423
0.894 7.27067
0.895 7.27704
0.896 7.28332
0.897 7.28951
0.898 7.29563
0.899 7.30166
0.9 7.30761
0.901 7.31348
0.902 7.31927
0.903 7.32499
0.904 7.33062
0.905 7.33617
0.906 7.34164
0.907 7.34704
0.908 7.35235
0.909 7.3576
0.91 7.36276
0.911 7.36785
0.912 7.37286
0.913 7.3778
0.914 7.38266
0.915 7.38745
0.916 7.39216
0.917 7.39681
0.918 7.40138
0.919 7.40588
0.92 7.4103
0.921 7.41466
0.922 7.41895
0.923 7.42317
0.924 7.42731
0.925 7.43139
0.926 7.43541
0.927 7.43935
0.928 7.44323
0.929 7.44705
0.93 7.4508
0.931 7.45448
0.932 7.4581
0.933 7.46166
0.934 7.46515
0.935 7.46858
0.936 7.47195
0.937 7.47526
0.938 7.47851
0.939 7.4817
0.94 7.48483
0.941 7.48791
0.942 7.49092
0.943 7.49388
0.944 7.49678
0.945 7.49963
0.946 7.50242
0.947 7.50515
0.948 7.50783
0.949 7.51046
0.95 7.51304
0.951 7.51556
0.952 7.51803
0.953 7.52045
0.954 7.52282
0.955 7.52514
0.956 7.52741
0.957 7.52964
0.958 7.53181
0.959 7.53394
0.96 7.53602
0.961 7.53806
0.962 7.54004
0.963 7.54199
0.964 7.54389
0.965 7.54574
0.966 7.54756
0.967 7.54933
0.968 7.55105
0.969 7.55274
0.97 7.55438
0.971 7.55599
0.972 7.55755
0.973 7.55908
0.974 7.56057
0.975 7.56201
0.976 7.56342
0.977 7.5648
0.978 7.56613
0.979 7.56743
0.98 7.5687
0.981 7.56993
0.982 7.57112
0.983 7.57228
0.984 7.57341
0.985 7.5745
0.986 7.57556
0.987 7.57659
0.988 7.57758
0.989 7.57855
0.99 7.57948
0.991 7.58039
0.992 7.58126
0.993 7.58211
0.994 7.58292
0.995 7.58371
0.996 7.58447
0.997 7.5852
0.998 7.5859
0.999 7.58658
1 7.58723
1.001 0
