0 5
0.001 3.1355
0.002 3.1343
0.003 3.13311
0.004 3.13192
0.005 3.13075
0.006 3.12958
0.007 3.12842
0.008 3.12727
0.009 3.12613
0.01 3.125
0.011 3.12388
0.012 3.12276
0.013 3.12166
0.014 3.12056
0.015 3.11948
0.016 3.1184
0.017 3.11733
0.018 3.11627
0.019 3.11522
0.02 3.11419
0.021 3.11316
0.022 3.11214
0.023 3.11113
0.024 3.11012
0.025 3.10913
0.026 3.10815
0.027 3.10718
0.028 3.10622
0.029 3.10527
0.03 3.10433
0.031 3.1034
0.032 3.10248
0.033 3.10157
0.034 3.10068
0.035 3.09979
0.036 3.09891
0.037 3.09804
0.038 3.09719
0.039 3.09634
0.04 3.09551
0.041 3.09468
0.042 3.09387
0.043 3.09307
0.044 3.09228
0.045 3.0915
0.046 3.09073
0.047 3.08997
0.048 3.08922
0.049 3.08849
0.05 3.08776
0.051 3.08705
0.052 3.08635
0.053 3.08565
0.054 3.08497
0.055 3.08431
0.056 3.08365
0.057 3.083
0.058 3.08237
0.059 3.08175
0.06 3.08114
0.061 3.08054
0.062 3.07995
0.063 3.07937
0.064 3.07881
0.065 3.07825
0.066 3.07771
0.067 3.07718
0.068 3.07666
0.069 3.07615
0.07 3.07566
0.071 3.07517
0.072 3.0747
0.073 3.07424
0.074 3.07379
0.075 3.07335
0.076 3.07293
0.077 3.07251
0.078 3.07211
0.079 3.07172
0.08 3.07134
0.081 3.07097
0.082 3.07061
0.083 3.07027
0.084 3.06994
0.085 3.06961
0.086 3.0693
0.087 3.069
0.088 3.06872
0.089 3.06844
0.09 3.06818
0.091 3.06792
0.092 3.06768
0.093 3.06745
0.094 3.06723
0.095 3.06702
0.096 3.06682
0.097 3.06664
0.098 3.06646
0.099 3.0663
0.1 3.06615
0.101 3.06601
0.102 3.06588
0.103 3.06576
0.104 3.06565
0.105 3.06555
0.106 3.06546
0.107 3.06539
0.108 3.06532
0.109 3.06527
0.11 3.06523
0.111 3.06519
0.112 3.06517
0.113 3.06516
0.114 3.06516
0.115 3.06517
0.116 3.06518
0.117 3.06521
0.118 3.06525
0.119 3.0653
0.12 3.06536
0.121 3.06543
0.122 3.06551
0.123 3.0656
0.124 3.0657
0.125 3.06581
0.126 3.06593
0.127 3.06606
0.128 3.0662
0.129 3.06635
0.13 3.06651
0.131 3.06668
0.132 3.06685
0.133 3.06704
0.134 3.06724
0.135 3.06744
0.136 3.06765
0.137 3.06788
0.138 3.06811
0.139 3.06835
0.14 3.0686
0.141 3.06886
0.142 3.06913
0.143 3.0694
0.144 3.06969
0.145 3.06998
0.146 3.07028
0.147 3.07059
0.148 3.07091
0.149 3.07124
0.15 3.07157
0.151 3.07191
0.152 3.07226
0.153 3.07262
0.154 3.07299
0.155 3.07337
0.156 3.07375
0.157 3.07414
0.158 3.07454
0.159 3.07494
0.16 3.07535
0.161 3.07577
0.162 3.0762
0.163 3.07664
0.164 3.07708
0.165 3.07753
0.166 3.07798
0.167 3.07845
0.168 3.07892
0.169 3.07939
0.17 3.07988
0.171 3.08037
0.172 3.08087
0.173 3.08137
0.174 3.08188
0.175 3.0824
0.176 3.08292
0.177 3.08345
0.178 3.08398
0.179 3.08453
0.18 3.08507
0.181 3.08563
0.182 3.08619
0.183 3.08676
0.184 3.08733
0.185 3.0879
0.186 3.08849
0.187 3.08908
0.188 3.08967
0.189 3.09027
0.19 3.09088
0.191 3.09149
0.192 3.09211
0.193 3.09273
0.194 3.09335
0.195 3.09399
0.196 3.09462
0.197 3.09527
0.198 3.09591
0.199 3.09657
0.2 3.09722
0.201 3.09788
0.202 3.09855
0.203 3.09922
0.204 3.0999
0.205 3.10058
0.206 3.10126
0.207 3.10195
0.208 3.10265
0.209 3.10335
0.21 3.10405
0.211 3.10475
0.212 3.10547
0.213 3.10618
0.214 3.1069
0.215 3.10762
0.216 3.10835
0.217 3.10908
0.218 3.10982
0.219 3.11055
0.22 3.1113
0.221 3.11204
0.222 3.11279
0.223 3.11354
0.224 3.1143
0.225 3.11506
0.226 3.11582
0.227 3.11659
0.228 3.11736
0.229 3.11813
0.23 3.11891
0.231 3.11969
0.232 3.12047
0.233 3.12126
0.234 3.12205
0.235 3.12284
0.236 3.12363
0.237 3.12443
0.238 3.12523
0.239 3.12603
0.24 3.12684
0.241 3.12765
0.242 3.12846
0.243 3.12927
0.244 3.13009
0.245 3.13091
0.246 3.13173
0.247 3.13255
0.248 3.13338
0.249 3.1342
0.25 3.13503
0.251 3.13587
0.252 3.1367
0.253 3.13754
0.254 3.13838
0.255 3.13922
0.256 3.14006
0.257 3.1409
0.258 3.14175
0.259 3.1426
0.26 3.14345
0.261 3.1443
0.262 3.14515
0.263 3.146
0.264 3.14686
0.265 3.14772
0.266 3.14858
0.267 3.14944
0.268 3.1503
0.269 3.15116
0.27 3.15203
0.271 3.15289
0.272 3.15376
0.273 3.15463
0.274 3.1555
0.275 3.15637
0.276 3.15724
0.277 3.15811
0.278 3.15898
0.279 3.15986
0.28 3.16073
0.281 3.16161
0.282 3.16248
0.283 3.16336
0.284 3.16424
0.285 3.16512
0.286 3.166
0.287 3.16688
0.288 3.16776
0.289 3.16864
0.29 3.16952
0.291 3.1704
0.292 3.17128
0.293 3.17217
0.294 3.17305
0.295 3.17393
0.296 3.17482
0.297 3.1757
0.298 3.17658
0.299 3.17747
0.3 3.17835
0.301 3.17923
0.302 3.18012
0.303 3.181
0.304 3.18189
0.305 3.18277
0.306 3.18365
0.307 3.18454
0.308 3.18542
0.309 3.1863
0.31 3.18718
0.311 3.18807
0.312 3.18895
0.313 3.18983
0.314 3.19071
0.315 3.19159
0.316 3.19247
0.317 3.19335
0.318 3.19423
0.319 3.19511
0.32 3.19599
0.321 3.19686
0.322 3.19774
0.323 3.19861
0.324 3.19949
0.325 3.20036
0.326 3.20124
0.327 3.20211
0.328 3.20298
0.329 3.20385
0.33 3.20472
0.331 3.20559
0.332 3.20646
0.333 3.20732
0.334 3.20819
0.335 3.20906
0.336 3.20992
0.337 3.21078
0.338 3.21164
0.339 3.2125
0.34 3.21336
0.341 3.21422
0.342 3.21508
0.343 3.21593
0.344 3.21679
0.345 3.21764
0.346 3.21849
0.347 3.21934
0.348 3.22019
0.349 3.22104
0.35 3.22188
0.351 3.22273
0.352 3.22357
0.353 3.22441
0.354 3.22525
0.355 3.22609
0.356 3.22693
0.357 3.22776
0.358 3.2286
0.359 3.22943
0.36 3.23026
0.361 3.23109
0.362 3.23192
0.363 3.23274
0.364 3.23357
0.365 3.23439
0.366 3.23521
0.367 3.23603
0.368 3.23685
0.369 3.23767
0.37 3.23848
0.371 3.23929
0.372 3.2401
0.373 3.24091
0.374 3.24172
0.375 3.24252
0.376 3.24333
0.377 3.24413
0.378 3.24493
0.379 3.24573
0.38 3.24652
0.381 3.24732
0.382 3.24811
0.383 3.2489
0.384 3.24969
0.385 3.25047
0.386 3.25126
0.387 3.25204
0.388 3.25282
0.389 3.2536
0.39 3.25438
0.391 3.25515
0.392 3.25593
0.393 3.2567
0.394 3.25747
0.395 3.25824
0.396 3.259
0.397 3.25976
0.398 3.26053
0.399 3.26129
0.4 3.26204
0.401 3.2628
0.402 3.26355
0.403 3.2643
0.404 3.26505
0.405 3.2658
0.406 3.26655
0.407 3.26729
0.408 3.26803
0.409 3.26877
0.41 3.26951
0.411 3.27025
0.412 3.27098
0.413 3.27171
0.414 3.27244
0.415 3.27317
0.416 3.27389
0.417 3.27462
0.418 3.27534
0.419 3.27606
0.42 3.27678
0.421 3.27749
0.422 3.27821
0.423 3.27892
0.424 3.27963
0.425 3.28034
0.426 3.28104
0.427 3.28175
0.428 3.28245
0.429 3.28315
0.43 3.28385
0.431 3.28455
0.432 3.28524
0.433 3.28593
0.434 3.28662
0.435 3.28731
0.436 3.288
0.437 3.28868
0.438 3.28937
0.439 3.29005
0.44 3.29073
0.441 3.2914
0.442 3.29208
0.443 3.29275
0.444 3.29343
0.445 3.29409
0.446 3.29476
0.447 3.29543
0.448 3.29609
0.449 3.29676
0.45 3.29742
0.451 3.29807
0.452 3.29873
0.453 3.29939
0.454 3.30004
0.455 3.30069
0.456 3.30134
0.457 3.30199
0.458 3.30264
0.459 3.30328
0.46 3.30392
0.461 3.30456
0.462 3.3052
0.463 3.30584
0.464 3.30648
0.465 3.30711
0.466 3.30774
0.467 3.30837
0.468 3.309
0.469 3.30963
0.47 3.31025
0.471 3.31088
0.472 3.3115
0.473 3.31212
0.474 3.31274
0.475 3.31336
0.476 3.31397
0.477 3.31459
0.478 3.3152
0.479 3.31581
0.48 3.31642
0.481 3.31703
0.482 3.31763
0.483 3.31824
0.484 3.31884
0.485 3.31944
0.486 3.32004
0.487 3.32064
0.488 3.32124
0.489 3.32183
0.49 3.32243
0.491 3.32302
0.492 3.32361
0.493 3.3242
0.494 3.32479
0.495 3.32537
0.496 3.32596
0.497 3.32654
0.498 3.32712
0.499 3.3277
0.5 3.32828
0.501 3.32886
0.502 3.32944
0.503 3.33001
0.504 3.33059
0.505 3.33116
0.506 3.33173
0.507 3.3323
0.508 3.33287
0.509 3.33343
0.51 3.334
0.511 3.33456
0.512 3.33513
0.513 3.33569
0.514 3.33625
0.515 3.33681
0.516 3.33737
0.517 3.33792
0.518 3.33848
0.519 3.33903
0.52 3.33958
0.521 3.34014
0.522 3.34069
0.523 3.34124
0.524 3.34178
0.525 3.34233
0.526 3.34288
0.527 3.34342
0.528 3.34396
0.529 3.3445
0.53 3.34505
0.531 3.34558
0.532 3.34612
0.533 3.34666
0.534 3.3472
0.535 3.34773
0.536 3.34826
0.537 3.3488
0.538 3.34933
0.539 3.34986
0.54 3.35039
0.541 3.35092
0.542 3.35144
0.543 3.35197
0.544 3.35249
0.545 3.35302
0.546 3.35354
0.547 3.35406
0.548 3.35458
0.549 3.3551
0.55 3.35562
0.551 3.35614
0.552 3.35665
0.553 3.35717
0.554 3.35768
0.555 3.35819
0.556 3.35871
0.557 3.35922
0.558 3.35973
0.559 3.36024
0.56 3.36074
0.561 3.36125
0.562 3.36175
0.563 3.36226
0.564 3.36276
0.565 3.36326
0.566 3.36377
0.567 3.36427
0.568 3.36476
0.569 3.36526
0.57 3.36576
0.571 3.36626
0.572 3.36675
0.573 3.36724
0.574 3.36774
0.575 3.36823
0.576 3.36872
0.577 3.36921
0.578 3.3697
0.579 3.37018
0.58 3.37067
0.581 3.37115
0.582 3.37164
0.583 3.37212
0.584 3.3726
0.585 3.37308
0.586 3.37356
0.587 3.37404
0.588 3.37451
0.589 3.37499
0.59 3.37546
0.591 3.37594
0.592 3.37641
0.593 3.37688
0.594 3.37735
0.595 3.37781
0.596 3.37828
0.597 3.37875
0.598 3.37921
0.599 3.37967
0.6 3.38013
0.601 3.38059
0.602 3.38105
0.603 3.38151
0.604 3.38196
0.605 3.38242
0.606 3.38287
0.607 3.38332
0.608 3.38377
0.609 3.38422
0.61 3.38466
0.611 3.38511
0.612 3.38555
0.613 3.38599
0.614 3.38643
0.615 3.38687
0.616 3.38731
0.617 3.38774
0.618 3.38817
0.619 3.3886
0.62 3.38903
0.621 3.38946
0.622 3.38988
0.623 3.39031
0.624 3.39073
0.625 3.39114
0.626 3.39156
0.627 3.39197
0.628 3.39239
0.629 3.3928
0.63 3.3932
0.631 3.39361
0.632 3.39401
0.633 3.39441
0.634 3.39481
0.635 3.3952
0.636 3.39559
0.637 3.39598
0.638 3.39637
0.639 3.39675
0.64 3.39713
0.641 3.39751
0.642 3.39789
0.643 3.39826
0.644 3.39863
0.645 3.39899
0.646 3.39936
0.647 3.39972
0.648 3.40007
0.649 3.40042
0.65 3.40077
0.651 3.40112
0.652 3.40146
0.653 3.4018
0.654 3.40213
0.655 3.40246
0.656 3.40278
0.657 3.40311
0.658 3.40342
0.659 3.40374
0.66 3.40404
0.661 3.40435
0.662 3.40465
0.663 3.40494
0.664 3.40523
0.665 3.40552
0.666 3.4058
0.667 3.40607
0.668 3.40634
0.669 3.40661
0.67 3.40686
0.671 3.40712
0.672 3.40737
0.673 3.40761
0.674 3.40785
0.675 3.40808
0.676 3.4083
0.677 3.40852
0.678 3.40873
0.679 3.40894
0.68 3.40913
0.681 3.40933
0.682 3.40951
0.683 3.40969
0.684 3.40986
0.685 3.41003
0.686 3.41018
0.687 3.41033
0.688 3.41047
0.689 3.41061
0.69 3.41073
0.691 3.41085
0.692 3.41096
0.693 3.41106
0.694 3.41116
0.695 3.41124
0.696 3.41132
0.697 3.41138
0.698 3.41144
0.699 3.41149
0.7 3.41153
0.701 3.41156
0.702 3.41158
0.703 3.41159
0.704 3.41159
0.705 3.41158
0.706 3.41156
0.707 3.41153
0.708 3.41149
0.709 3.41144
0.71 3.41137
0.711 3.4113
0.712 3.41122
0.713 3.41112
0.714 3.41101
0.715 3.41089
0.716 3.41076
0.717 3.41062
0.718 3.41047
0.719 3.4103
0.72 3.41012
0.721 3.40993
0.722 3.40972
0.723 3.40951
0.724 3.40928
0.725 3.40903
0.726 3.40877
0.727 3.4085
0.728 3.40822
0.729 3.40792
0.73 3.40761
0.731 3.40729
0.732 3.40695
0.733 3.40659
0.734 3.40622
0.735 3.40584
0.736 3.40544
0.737 3.40503
0.738 3.4046
0.739 3.40416
0.74 3.4037
0.741 3.40323
0.742 3.40274
0.743 3.40224
0.744 3.40172
0.745 3.40118
0.746 3.40063
0.747 3.40007
0.748 3.39948
0.749 3.39888
0.75 3.39827
0.751 3.39764
0.752 3.39699
0.753 3.39633
0.754 3.39565
0.755 3.39495
0.756 3.39424
0.757 3.39351
0.758 3.39276
0.759 3.39199
0.76 3.39121
0.761 3.39042
0.762 3.3896
0.763 3.38877
0.764 3.38793
0.765 3.38706
0.766 3.38618
0.767 3.38528
0.768 3.38437
0.769 3.38343
0.77 3.38249
0.771 3.38152
0.772 3.38054
0.773 3.37954
0.774 3.37852
0.775 3.37749
0.776 3.37644
0.777 3.37538
0.778 3.3743
0.779 3.3732
0.78 3.37208
0.781 3.37095
0.782 3.3698
0.783 3.36864
0.784 3.36746
0.785 3.36627
0.786 3.36506
0.787 3.36383
0.788 3.36259
0.789 3.36133
0.79 3.36006
0.791 3.35878
0.792 3.35747
0.793 3.35616
0.794 3.35483
0.795 3.35348
0.796 3.35212
0.797 3.35075
0.798 3.34936
0.799 3.34796
0.8 3.34655
0.801 3.34512
0.802 3.34368
0.803 3.34223
0.804 3.34077
0.805 3.33929
0.806 3.3378
0.807 3.3363
0.808 3.33479
0.809 3.33326
0.81 3.33173
0.811 3.33018
0.812 3.32863
0.813 3.32706
0.814 3.32549
0.815 3.3239
0.816 3.32231
0.817 3.32071
0.818 3.31909
0.819 3.31747
0.82 3.31584
0.821 3.31421
0.822 3.31256
0.823 3.31091
0.824 3.30926
0.825 3.30759
0.826 3.30592
0.827 3.30424
0.828 3.30256
0.829 3.30087
0.83 3.29918
0.831 3.29748
0.832 3.29578
0.833 3.29408
0.834 3.29237
0.835 3.29065
0.836 3.28894
0.837 3.28722
0.838 3.2855
0.839 3.28378
0.84 3.28205
0.841 3.28033
0.842 3.2786
0.843 3.27687
0.844 3.27515
0.845 3.27342
0.846 3.27169
0.847 3.26996
0.848 3.26824
0.849 3.26651
0.85 3.26479
0.851 3.26307
0.852 3.26135
0.853 3.25963
0.854 3.25792
0.855 3.25621
0.856 3.2545
0.857 3.2528
0.858 3.2511
0.859 3.2494
0.86 3.24771
0.861 3.24602
0.862 3.24434
0.863 3.24266
0.864 3.24099
0.865 3.23933
0.866 3.23767
0.867 3.23602
0.868 3.23437
0.869 3.23273
0.87 3.2311
0.871 3.22948
0.872 3.22786
0.873 3.22625
0.874 3.22465
0.875 3.22306
0.876 3.22147
0.877 3.2199
0.878 3.21833
0.879 3.21677
0.88 3.21522
0.881 3.21368
0.882 3.21215
0.883 3.21063
0.884 3.20912
0.885 3.20762
0.886 3.20613
0.887 3.20465
0.888 3.20318
0.889 3.20173
0.89 3.20028
0.891 3.19884
0.892 3.19742
0.893 3.196
0.894 3.1946
0.895 3.1932
0.896 3.19182
0.897 3.19046
0.898 3.1891
0.899 3.18775
0.9 3.18642
0.901 3.1851
0.902 3.18379
0.903 3.18249
0.904 3.1812
0.905 3.17993
0.906 3.17866
0.907 3.17742
0.908 3.17618
0.909 3.17495
0.91 3.17374
0.911 3.17254
0.912 3.17135
0.913 3.17018
0.914 3.16901
0.915 3.16786
0.916 3.16672
0.917 3.1656
0.918 3.16448
0.919 3.16338
0.92 3.16229
0.921 3.16122
0.922 3.16015
0.923 3.1591
0.924 3.15806
0.925 3.15703
0.926 3.15602
0.927 3.15502
0.928 3.15403
0.929 3.15305
0.93 3.15208
0.931 3.15113
0.932 3.15018
0.933 3.14925
0.934 3.14834
0.935 3.14743
0.936 3.14654
0.937 3.14565
0.938 3.14478
0.939 3.14392
0.94 3.14307
0.941 3.14224
0.942 3.14141
0.943 3.1406
0.944 3.1398
0.945 3.13901
0.946 3.13823
0.947 3.13746
0.948 3.1367
0.949 3.13595
0.95 3.13522
0.951 3.13449
0.952 3.13378
0.953 3.13307
0.954 3.13238
0.955 3.1317
0.956 3.13102
0.957 3.13036
0.958 3.12971
0.959 3.12907
0.96 3.12843
0.961 3.12781
0.962 3.1272
0.963 3.1266
0.964 3.126
0.965 3.12542
0.966 3.12484
0.967 3.12428
0.968 3.12372
0.969 3.12318
0.97 3.12264
0.971 3.12211
0.972 3.12159
0.973 3.12108
0.974 3.12058
0.975 3.12009
0.976 3.1196
0.977 3.11913
0.978 3.11866
0.979 3.1182
0.98 3.11775
0.981 3.1173
0.982 3.11687
0.983 3.11644
0.984 3.11602
0.985 3.11561
0.986 3.1152
0.987 3.11481
0.988 3.11442
0.989 3.11403
0.99 3.11366
0.991 3.11329
0.992 3.11293
0.993 3.11258
0.994 3.11223
0.995 3.11189
0.996 3.11156
0.997 3.11123
0.998 3.11091
0.999 3.1106
1 3.11029
1.001 5
