0 -10
0.001 -4.91002
0.002 -4.9016
0.003 -4.89319
0.004 -4.88477
0.005 -4.87637
0.006 -4.86796
0.007 -4.85957
0.008 -4.85117
0.009 -4.84278
0.01 -4.8344
0.011 -4.82602
0.012 -4.81765
0.013 -4.80928
0.014 -4.80092
0.015 -4.79256
0.016 -4.78421
0.017 -4.77587
0.018 -4.76753
0.019 -4.7592
0.02 -4.75088
0.021 -4.74256
0.022 -4.73425
0.023 -4.72595
0.024 -4.71766
0.025 -4.70937
0.026 -4.70109
0.027 -4.69281
0.028 -4.68455
0.029 -4.67629
0.03 -4.66804
0.031 -4.6598
0.032 -4.65157
0.033 -4.64334
0.034 -4.63513
0.035 -4.62692
0.036 -4.61872
0.037 -4.61054
0.038 -4.60236
0.039 -4.59419
0.04 -4.58603
0.041 -4.57787
0.042 -4.56973
0.043 -4.5616
0.044 -4.55348
0.045 -4.54537
0.046 -4.53727
0.047 -4.52917
0.048 -4.52109
0.049 -4.51302
0.05 -4.50496
0.051 -4.49691
0.052 -4.48888
0.053 -4.48085
0.054 -4.47283
0.055 -4.46483
0.056 -4.45683
0.057 -4.44885
0.058 -4.44088
0.059 -4.43292
0.06 -4.42497
0.061 -4.41703
0.062 -4.40911
0.063 -4.40119
0.064 -4.39329
0.065 -4.3854
0.066 -4.37753
0.067 -4.36966
0.068 -4.36181
0.069 -4.35397
0.07 -4.34614
0.071 -4.33832
0.072 -4.33052
0.073 -4.32273
0.074 -4.31495
0.075 -4.30718
0.076 -4.29943
0.077 -4.29169
0.078 -4.28396
0.079 -4.27625
0.08 -4.26855
0.081 -4.26086
0.082 -4.25319
0.083 -4.24552
0.084 -4.23787
0.085 -4.23024
0.086 -4.22261
0.087 -4.21501
0.088 -4.20741
0.089 -4.19983
0.09 -4.19226
0.091 -4.1847
0.092 -4.17716
0.093 -4.16963
0.094 -4.16211
0.095 -4.15461
0.096 -4.14712
0.097 -4.13964
0.098 -4.13218
0.099 -4.12473
0.1 -4.11729
0.101 -4.10987
0.102 -4.10246
0.103 -4.09507
0.104 -4.08768
0.105 -4.08032
0.106 -4.07296
0.107 -4.06562
0.108 -4.05829
0.109 -4.05098
0.11 -4.04368
0.111 -4.03639
0.112 -4.02911
0.113 -4.02185
0.114 -4.0146
0.115 -4.00737
0.116 -4.00015
0.117 -3.99294
0.118 -3.98575
0.119 -3.97857
0.12 -3.9714
0.121 -3.96425
0.122 -3.9571
0.123 -3.94998
0.124 -3.94286
0.125 -3.93576
0.126 -3.92867
0.127 -3.9216
0.128 -3.91453
0.129 -3.90748
0.13 -3.90045
0.131 -3.89342
0.132 -3.88641
0.133 -3.87941
0.134 -3.87243
0.135 -3.86546
0.136 -3.8585
0.137 -3.85155
0.138 -3.84461
0.139 -3.83769
0.14 -3.83078
0.141 -3.82388
0.142 -3.817
0.143 -3.81013
0.144 -3.80327
0.145 -3.79642
0.146 -3.78958
0.147 -3.78276
0.148 -3.77595
0.149 -3.76915
0.15 -3.76236
0.151 -3.75558
0.152 -3.74882
0.153 -3.74206
0.154 -3.73532
0.155 -3.72859
0.156 -3.72188
0.157 -3.71517
0.158 -3.70848
0.159 -3.70179
0.16 -3.69512
0.161 -3.68846
0.162 -3.68181
0.163 -3.67517
0.164 -3.66854
0.165 -3.66193
0.166 -3.65532
0.167 -3.64872
0.168 -3.64214
0.169 -3.63557
0.17 -3.629
0.171 -3.62245
0.172 -3.61591
0.173 -3.60938
0.174 -3.60286
0.175 -3.59634
0.176 -3.58984
0.177 -3.58335
0.178 -3.57687
0.179 -3.5704
0.18 -3.56394
0.181 -3.55749
0.182 -3.55105
0.183 -3.54462
0.184 -3.53819
0.185 -3.53178
0.186 -3.52538
0.187 -3.51898
0.188 -3.5126
0.189 -3.50623
0.19 -3.49986
0.191 -3.4935
0.192 -3.48716
0.193 -3.48082
0.194 -3.47449
0.195 -3.46817
0.196 -3.46185
0.197 -3.45555
0.198 -3.44926
0.199 -3.44297
0.2 -3.43669
0.201 -3.43042
0.202 -3.42416
0.203 -3.41791
0.204 -3.41167
0.205 -3.40543
0.206 -3.3992
0.207 -3.39298
0.208 -3.38677
0.209 -3.38057
0.21 -3.37437
0.211 -3.36818
0.212 -3.362
0.213 -3.35583
0.214 -3.34966
0.215 -3.34351
0.216 -3.33736
0.217 -3.33122
0.218 -3.32508
0.219 -3.31895
0.22 -3.31283
0.221 -3.30672
0.222 -3.30061
0.223 -3.29452
0.224 -3.28843
0.225 -3.28234
0.226 -3.27626
0.227 -3.27019
0.228 -3.26413
0.229 -3.25807
0.23 -3.25203
0.231 -3.24598
0.232 -3.23995
0.233 -3.23392
0.234 -3.2279
0.235 -3.22188
0.236 -3.21587
0.237 -3.20987
0.238 -3.20387
0.239 -3.19788
0.24 -3.1919
0.241 -3.18592
0.242 -3.17995
0.243 -3.17399
0.244 -3.16803
0.245 -3.16208
0.246 -3.15614
0.247 -3.1502
0.248 -3.14427
0.249 -3.13834
0.25 -3.13242
0.251 -3.12651
0.252 -3.1206
0.253 -3.1147
0.254 -3.10881
0.255 -3.10292
0.256 -3.09704
0.257 -3.09116
0.258 -3.08529
0.259 -3.07943
0.26 -3.07357
0.261 -3.06772
0.262 -3.06187
0.263 -3.05603
0.264 -3.0502
0.265 -3.04437
0.266 -3.03855
0.267 -3.03273
0.268 -3.02692
0.269 -3.02112
0.27 -3.01532
0.271 -3.00953
0.272 -3.00374
0.273 -2.99796
0.274 -2.99219
0.275 -2.98642
0.276 -2.98066
0.277 -2.9749
0.278 -2.96915
0.279 -2.9634
0.28 -2.95767
0.281 -2.95193
0.282 -2.94621
0.283 -2.94049
0.284 -2.93477
0.285 -2.92906
0.286 -2.92336
0.287 -2.91766
0.288 -2.91197
0.289 -2.90629
0.29 -2.90061
0.291 -2.89494
0.292 -2.88927
0.293 -2.88361
0.294 -2.87796
0.295 -2.87231
0.296 -2.86667
0.297 -2.86103
0.298 -2.8554
0.299 -2.84977
0.3 -2.84416
0.301 -2.83854
0.302 -2.83294
0.303 -2.82734
0.304 -2.82175
0.305 -2.81616
0.306 -2.81058
0.307 -2.805
0.308 -2.79943
0.309 -2.79387
0.31 -2.78831
0.311 -2.78276
0.312 -2.77722
0.313 -2.77168
0.314 -2.76615
0.315 -2.76062
0.316 -2.7551
0.317 -2.74959
0.318 -2.74408
0.319 -2.73858
0.32 -2.73308
0.321 -2.7276
0.322 -2.72211
0.323 -2.71664
0.324 -2.71117
0.325 -2.7057
0.326 -2.70025
0.327 -2.6948
0.328 -2.68935
0.329 -2.68391
0.33 -2.67848
0.331 -2.67306
0.332 -2.66764
0.333 -2.66222
0.334 -2.65682
0.335 -2.65142
0.336 -2.64602
0.337 -2.64063
0.338 -2.63525
0.339 -2.62988
0.34 -2.62451
0.341 -2.61914
0.342 -2.61379
0.343 -2.60844
0.344 -2.60309
0.345 -2.59775
0.346 -2.59242
0.347 -2.5871
0.348 -2.58178
0.349 -2.57646
0.35 -2.57116
0.351 -2.56585
0.352 -2.56056
0.353 -2.55527
0.354 -2.54999
0.355 -2.54471
0.356 -2.53944
0.357 -2.53418
0.358 -2.52892
0.359 -2.52366
0.36 -2.51842
0.361 -2.51318
0.362 -2.50794
0.363 -2.50271
0.364 -2.49749
0.365 -2.49227
0.366 -2.48706
0.367 -2.48186
0.368 -2.47666
0.369 -2.47147
0.37 -2.46628
0.371 -2.46109
0.372 -2.45592
0.373 -2.45075
0.374 -2.44558
0.375 -2.44042
0.376 -2.43527
0.377 -2.43012
0.378 -2.42498
0.379 -2.41984
0.38 -2.4147
0.381 -2.40958
0.382 -2.40446
0.383 -2.39934
0.384 -2.39423
0.385 -2.38912
0.386 -2.38402
0.387 -2.37892
0.388 -2.37383
0.389 -2.36874
0.39 -2.36366
0.391 -2.35859
0.392 -2.35352
0.393 -2.34845
0.394 -2.34339
0.395 -2.33833
0.396 -2.33328
0.397 -2.32823
0.398 -2.32318
0.399 -2.31814
0.4 -2.31311
0.401 -2.30808
0.402 -2.30305
0.403 -2.29803
0.404 -2.29301
0.405 -2.288
0.406 -2.28298
0.407 -2.27798
0.408 -2.27298
0.409 -2.26798
0.41 -2.26298
0.411 -2.25799
0.412 -2.253
0.413 -2.24802
0.414 -2.24304
0.415 -2.23806
0.416 -2.23309
0.417 -2.22812
0.418 -2.22315
0.419 -2.21818
0.42 -2.21322
0.421 -2.20826
0.422 -2.20331
0.423 -2.19836
0.424 -2.19341
0.425 -2.18846
0.426 -2.18351
0.427 -2.17857
0.428 -2.17363
0.429 -2.16869
0.43 -2.16376
0.431 -2.15882
0.432 -2.15389
0.433 -2.14896
0.434 -2.14404
0.435 -2.13911
0.436 -2.13419
0.437 -2.12926
0.438 -2.12434
0.439 -2.11942
0.44 -2.11451
0.441 -2.10959
0.442 -2.10467
0.443 -2.09976
0.444 -2.09485
0.445 -2.08993
0.446 -2.08502
0.447 -2.08011
0.448 -2.0752
0.449 -2.07029
0.45 -2.06538
0.451 -2.06047
0.452 -2.05557
0.453 -2.05066
0.454 -2.04575
0.455 -2.04084
0.456 -2.03593
0.457 -2.03102
0.458 -2.02611
0.459 -2.02121
0.46 -2.0163
0.461 -2.01138
0.462 -2.00647
0.463 -2.00156
0.464 -1.99665
0.465 -1.99173
0.466 -1.98682
0.467 -1.9819
0.468 -1.97699
0.469 -1.97207
0.47 -1.96715
0.471 -1.96222
0.472 -1.9573
0.473 -1.95237
0.474 -1.94745
0.475 -1.94252
0.476 -1.93759
0.477 -1.93265
0.478 -1.92771
0.479 -1.92278
0.48 -1.91783
0.481 -1.91289
0.482 -1.90794
0.483 -1.90299
0.484 -1.89804
0.485 -1.89308
0.486 -1.88813
0.487 -1.88316
0.488 -1.8782
0.489 -1.87323
0.49 -1.86825
0.491 -1.86328
0.492 -1.8583
0.493 -1.85331
0.494 -1.84832
0.495 -1.84333
0.496 -1.83833
0.497 -1.83333
0.498 -1.82832
0.499 -1.82331
0.5 -1.8183
0.501 -1.81328
0.502 -1.80825
0.503 -1.80322
0.504 -1.79818
0.505 -1.79314
0.506 -1.7881
0.507 -1.78305
0.508 -1.77799
0.509 -1.77292
0.51 -1.76786
0.511 -1.76278
0.512 -1.7577
0.513 -1.75261
0.514 -1.74752
0.515 -1.74242
0.516 -1.73731
0.517 -1.7322
0.518 -1.72708
0.519 -1.72195
0.52 -1.71682
0.521 -1.71168
0.522 -1.70653
0.523 -1.70137
0.524 -1.69621
0.525 -1.69104
0.526 -1.68586
0.527 -1.68068
0.528 -1.67548
0.529 -1.67028
0.53 -1.66507
0.531 -1.65986
0.532 -1.65463
0.533 -1.6494
0.534 -1.64416
0.535 -1.6389
0.536 -1.63365
0.537 -1.62838
0.538 -1.6231
0.539 -1.61781
0.54 -1.61252
0.541 -1.60721
0.542 -1.6019
0.543 -1.59658
0.544 -1.59125
0.545 -1.5859
0.546 -1.58055
0.547 -1.57519
0.548 -1.56982
0.549 -1.56444
0.55 -1.55905
0.551 -1.55365
0.552 -1.54824
0.553 -1.54281
0.554 -1.53738
0.555 -1.53194
0.556 -1.52649
0.557 -1.52102
0.558 -1.51555
0.559 -1.51006
0.56 -1.50457
0.561 -1.49906
0.562 -1.49354
0.563 -1.48801
0.564 -1.48247
0.565 -1.47692
0.566 -1.47135
0.567 -1.46578
0.568 -1.46019
0.569 -1.45459
0.57 -1.44898
0.571 -1.44336
0.572 -1.43773
0.573 -1.43208
0.574 -1.42642
0.575 -1.42075
0.576 -1.41507
0.577 -1.40938
0.578 -1.40367
0.579 -1.39795
0.58 -1.39222
0.581 -1.38648
0.582 -1.38073
0.583 -1.37496
0.584 -1.36918
0.585 -1.36339
0.586 -1.35758
0.587 -1.35176
0.588 -1.34593
0.589 -1.34009
0.59 -1.33423
0.591 -1.32837
0.592 -1.32248
0.593 -1.31659
0.594 -1.31068
0.595 -1.30476
0.596 -1.29883
0.597 -1.29289
0.598 -1.28693
0.599 -1.28096
0.6 -1.27498
0.601 -1.26898
0.602 -1.26297
0.603 -1.25695
0.604 -1.25091
0.605 -1.24487
0.606 -1.23881
0.607 -1.23274
0.608 -1.22665
0.609 -1.22055
0.61 -1.21444
0.611 -1.20832
0.612 -1.20218
0.613 -1.19604
0.614 -1.18988
0.615 -1.1837
0.616 -1.17752
0.617 -1.17132
0.618 -1.16511
0.619 -1.15889
0.62 -1.15266
0.621 -1.14642
0.622 -1.14016
0.623 -1.13389
0.624 -1.12761
0.625 -1.12132
0.626 -1.11502
0.627 -1.10871
0.628 -1.10238
0.629 -1.09605
0.63 -1.0897
0.631 -1.08335
0.632 -1.07698
0.633 -1.0706
0.634 -1.06422
0.635 -1.05782
0.636 -1.05141
0.637 -1.045
0.638 -1.03857
0.639 -1.03214
0.64 -1.0257
0.641 -1.01924
0.642 -1.01278
0.643 -1.00631
0.644 -0.999836
0.645 -0.993351
0.646 -0.986858
0.647 -0.980359
0.648 -0.973852
0.649 -0.967338
0.65 -0.960818
0.651 -0.954292
0.652 -0.94776
0.653 -0.941223
0.654 -0.93468
0.655 -0.928132
0.656 -0.92158
0.657 -0.915023
0.658 -0.908463
0.659 -0.901899
0.66 -0.895331
0.661 -0.888761
0.662 -0.882189
0.663 -0.875614
0.664 -0.869038
0.665 -0.862461
0.666 -0.855883
0.667 -0.849304
0.668 -0.842726
0.669 -0.836148
0.67 -0.829571
0.671 -0.822996
0.672 -0.816422
0.673 -0.809851
0.674 -0.803283
0.675 -0.796718
0.676 -0.790157
0.677 -0.783601
0.678 -0.777049
0.679 -0.770503
0.68 -0.763963
0.681 -0.75743
0.682 -0.750904
0.683 -0.744386
0.684 -0.737877
0.685 -0.731376
0.686 -0.724885
0.687 -0.718404
0.688 -0.711934
0.689 -0.705476
0.69 -0.699029
0.691 -0.692596
0.692 -0.686176
0.693 -0.67977
0.694 -0.673379
0.695 -0.667004
0.696 -0.660645
0.697 -0.654303
0.698 -0.647979
0.699 -0.641673
0.7 -0.635386
0.701 -0.62912
0.702 -0.622874
0.703 -0.616649
0.704 -0.610447
0.705 -0.604268
0.706 -0.598113
0.707 -0.591983
0.708 -0.585878
0.709 -0.579799
0.71 -0.573748
0.711 -0.567724
0.712 -0.56173
0.713 -0.555765
0.714 -0.549831
0.715 -0.543928
0.716 -0.538057
0.717 -0.53222
0.718 -0.526417
0.719 -0.520648
0.72 -0.514916
0.721 -0.50922
0.722 -0.503562
0.723 -0.497943
0.724 -0.492363
0.725 -0.486824
0.726 -0.481326
0.727 -0.47587
0.728 -0.470458
0.729 -0.46509
0.73 -0.459767
0.731 -0.454491
0.732 -0.449261
0.733 -0.444079
0.734 -0.438947
0.735 -0.433864
0.736 -0.428832
0.737 -0.423853
0.738 -0.418926
0.739 -0.414053
0.74 -0.409234
0.741 -0.404472
0.742 -0.399766
0.743 -0.395118
0.744 -0.390529
0.745 -0.385999
0.746 -0.38153
0.747 -0.377123
0.748 -0.372778
0.749 -0.368496
0.75 -0.364279
0.751 -0.360128
0.752 -0.356043
0.753 -0.352025
0.754 -0.348075
0.755 -0.344195
0.756 -0.340385
0.757 -0.336646
0.758 -0.332978
0.759 -0.329384
0.76 -0.325864
0.761 -0.322418
0.762 -0.319048
0.763 -0.315754
0.764 -0.312538
0.765 -0.3094
0.766 -0.306341
0.767 -0.303362
0.768 -0.300463
0.769 -0.297647
0.77 -0.294913
0.771 -0.292262
0.772 -0.289696
0.773 -0.287214
0.774 -0.284818
0.775 -0.282508
0.776 -0.280286
0.777 -0.278152
0.778 -0.276106
0.779 -0.27415
0.78 -0.272284
0.781 -0.270508
0.782 -0.268825
0.783 -0.267233
0.784 -0.265734
0.785 -0.264329
0.786 -0.263018
0.787 -0.261802
0.788 -0.260681
0.789 -0.259656
0.79 -0.258727
0.791 -0.257896
0.792 -0.257162
0.793 -0.256526
0.794 -0.255989
0.795 -0.255551
0.796 -0.255212
0.797 -0.254974
0.798 -0.254835
0.799 -0.254798
0.8 -0.254862
0.801 -0.255028
0.802 -0.255295
0.803 -0.255665
0.804 -0.256137
0.805 -0.256713
0.806 -0.257392
0.807 -0.258174
0.808 -0.25906
0.809 -0.26005
0.81 -0.261145
0.811 -0.262343
0.812 -0.263647
0.813 -0.265055
0.814 -0.266568
0.815 -0.268186
0.816 -0.269909
0.817 -0.271737
0.818 -0.273671
0.819 -0.27571
0.82 -0.277854
0.821 -0.280103
0.822 -0.282458
0.823 -0.284918
0.824 -0.287483
0.825 -0.290154
0.826 -0.292929
0.827 -0.295809
0.828 -0.298794
0.829 -0.301884
0.83 -0.305078
0.831 -0.308377
0.832 -0.311779
0.833 -0.315285
0.834 -0.318895
0.835 -0.322608
0.836 -0.326424
0.837 -0.330343
0.838 -0.334364
0.839 -0.338488
0.84 -0.342713
0.841 -0.347039
0.842 -0.351466
0.843 -0.355993
0.844 -0.360621
0.845 -0.365348
0.846 -0.370174
0.847 -0.375099
0.848 -0.380122
0.849 -0.385243
0.85 -0.390461
0.851 -0.395775
0.852 -0.401185
0.853 -0.406691
0.854 -0.412291
0.855 -0.417985
0.856 -0.423773
0.857 -0.429654
0.858 -0.435627
0.859 -0.441691
0.86 -0.447846
0.861 -0.454092
0.862 -0.460426
0.863 -0.46685
0.864 -0.473361
0.865 -0.479959
0.866 -0.486644
0.867 -0.493414
0.868 -0.500269
0.869 -0.507207
0.87 -0.514229
0.871 -0.521333
0.872 -0.528519
0.873 -0.535785
0.874 -0.543131
0.875 -0.550555
0.876 -0.558057
0.877 -0.565637
0.878 -0.573292
0.879 -0.581022
0.88 -0.588827
0.881 -0.596705
0.882 -0.604655
0.883 -0.612677
0.884 -0.620769
0.885 -0.62893
0.886 -0.637159
0.887 -0.645457
0.888 -0.65382
0.889 -0.662249
0.89 -0.670742
0.891 -0.679299
0.892 -0.687918
0.893 -0.696599
0.894 -0.705339
0.895 -0.714139
0.896 -0.722997
0.897 -0.731913
0.898 -0.740884
0.899 -0.749911
0.9 -0.758992
0.901 -0.768126
0.902 -0.777311
0.903 -0.786548
0.904 -0.795834
0.905 -0.805169
0.906 -0.814552
0.907 -0.823981
0.908 -0.833456
0.909 -0.842976
0.91 -0.852539
0.911 -0.862144
0.912 -0.871791
0.913 -0.881478
0.914 -0.891204
0.915 -0.900968
0.916 -0.910769
0.917 -0.920607
0.918 -0.930479
0.919 -0.940385
0.92 -0.950325
0.921 -0.960296
0.922 -0.970298
0.923 -0.980329
0.924 -0.99039
0.925 -1.00048
0.926 -1.01059
0.927 -1.02073
0.928 -1.0309
0.929 -1.04109
0.93 -1.0513
0.931 -1.06153
0.932 -1.07179
0.933 -1.08206
0.934 -1.09235
0.935 -1.10266
0.936 -1.11299
0.937 -1.12334
0.938 -1.13369
0.939 -1.14407
0.94 -1.15445
0.941 -1.16485
0.942 -1.17526
0.943 -1.18568
0.944 -1.19611
0.945 -1.20654
0.946 -1.21699
0.947 -1.22744
0.948 -1.2379
0.949 -1.24836
0.95 -1.25883
0.951 -1.2693
0.952 -1.27977
0.953 -1.29025
0.954 -1.30072
0.955 -1.3112
0.956 -1.32168
0.957 -1.33215
0.958 -1.34262
0.959 -1.35309
0.96 -1.36356
0.961 -1.37402
0.962 -1.38448
0.963 -1.39493
0.964 -1.40537
0.965 -1.41581
0.966 -1.42624
0.967 -1.43666
0.968 -1.44707
0.969 -1.45748
0.97 -1.46787
0.971 -1.47825
0.972 -1.48862
0.973 -1.49897
0.974 -1.50932
0.975 -1.51965
0.976 -1.52996
0.977 -1.54026
0.978 -1.55055
0.979 -1.56082
0.98 -1.57107
0.981 -1.58131
0.982 -1.59153
0.983 -1.60173
0.984 -1.61191
0.985 -1.62208
0.986 -1.63222
0.987 -1.64235
0.988 -1.65245
0.989 -1.66254
0.99 -1.6726
0.991 -1.68264
0.992 -1.69266
0.993 -1.70266
0.994 -1.71264
0.995 -1.72259
0.996 -1.73252
0.997 -1.74242
0.998 -1.7523
0.999 -1.76215
1 -1.77199
1.001 -10
