0 0
0.001 0.248632
0.002 0.255634
0.003 0.262662
0.004 0.269717
0.005 0.276798
0.006 0.283904
0.007 0.291035
0.008 0.298191
0.009 0.305369
0.01 0.312571
0.011 0.319796
0.012 0.327042
0.013 0.33431
0.014 0.341598
0.015 0.348907
0.016 0.356234
0.017 0.363581
0.018 0.370945
0.019 0.378326
0.02 0.385725
0.021 0.393139
0.022 0.400568
0.023 0.408011
0.024 0.415468
0.025 0.422938
0.026 0.430419
0.027 0.437912
0.028 0.445416
0.029 0.452929
0.03 0.46045
0.031 0.46798
0.032 0.475517
0.033 0.48306
0.034 0.490608
0.035 0.498161
0.036 0.505718
0.037 0.513278
0.038 0.520839
0.039 0.528402
0.04 0.535965
0.041 0.543527
0.042 0.551088
0.043 0.558646
0.044 0.566201
0.045 0.573752
0.046 0.581297
0.047 0.588837
0.048 0.59637
0.049 0.603895
0.05 0.611411
0.051 0.618918
0.052 0.626415
0.053 0.633901
0.054 0.641374
0.055 0.648835
0.056 0.656282
0.057 0.663715
0.058 0.671132
0.059 0.678533
0.06 0.685918
0.061 0.693284
0.062 0.700633
0.063 0.707962
0.064 0.715271
0.065 0.722559
0.066 0.729826
0.067 0.737071
0.068 0.744293
0.069 0.751492
0.07 0.758666
0.071 0.765816
0.072 0.772941
0.073 0.78004
0.074 0.787112
0.075 0.794157
0.076 0.801175
0.077 0.808164
0.078 0.815125
0.079 0.822056
0.08 0.828958
0.081 0.83583
0.082 0.842672
0.083 0.849483
0.084 0.856262
0.085 0.86301
0.086 0.869726
0.087 0.876409
0.088 0.88306
0.089 0.889678
0.09 0.896263
0.091 0.902815
0.092 0.909333
0.093 0.915817
0.094 0.922267
0.095 0.928684
0.096 0.935065
0.097 0.941413
0.098 0.947725
0.099 0.954004
0.1 0.960247
0.101 0.966456
0.102 0.97263
0.103 0.978769
0.104 0.984873
0.105 0.990942
0.106 0.996977
0.107 1.00298
0.108 1.00894
0.109 1.01487
0.11 1.02077
0.111 1.02663
0.112 1.03246
0.113 1.03825
0.114 1.04401
0.115 1.04974
0.116 1.05543
0.117 1.06108
0.118 1.06671
0.119 1.0723
0.12 1.07786
0.121 1.08338
0.122 1.08888
0.123 1.09434
0.124 1.09977
0.125 1.10516
0.126 1.11053
0.127 1.11586
0.128 1.12116
0.129 1.12643
0.13 1.13168
0.131 1.13689
0.132 1.14207
0.133 1.14722
0.134 1.15234
0.135 1.15743
0.136 1.16249
0.137 1.16753
0.138 1.17253
0.139 1.17751
0.14 1.18246
0.141 1.18739
0.142 1.19228
0.143 1.19715
0.144 1.20199
0.145 1.20681
0.146 1.2116
0.147 1.21637
0.148 1.22111
0.149 1.22582
0.15 1.23051
0.151 1.23518
0.152 1.23982
0.153 1.24443
0.154 1.24903
0.155 1.2536
0.156 1.25815
0.157 1.26267
0.158 1.26717
0.159 1.27166
0.16 1.27611
0.161 1.28055
0.162 1.28497
0.163 1.28936
0.164 1.29374
0.165 1.29809
0.166 1.30242
0.167 1.30674
0.168 1.31103
0.169 1.31531
0.17 1.31956
0.171 1.3238
0.172 1.32802
0.173 1.33222
0.174 1.3364
0.175 1.34057
0.176 1.34471
0.177 1.34884
0.178 1.35295
0.179 1.35705
0.18 1.36113
0.181 1.36519
0.182 1.36924
0.183 1.37326
0.184 1.37728
0.185 1.38128
0.186 1.38526
0.187 1.38923
0.188 1.39318
0.189 1.39712
0.19 1.40104
0.191 1.40495
0.192 1.40885
0.193 1.41273
0.194 1.4166
0.195 1.42045
0.196 1.4243
0.197 1.42812
0.198 1.43194
0.199 1.43574
0.2 1.43953
0.201 1.44331
0.202 1.44707
0.203 1.45083
0.204 1.45457
0.205 1.4583
0.206 1.46202
0.207 1.46572
0.208 1.46942
0.209 1.4731
0.21 1.47678
0.211 1.48044
0.212 1.48409
0.213 1.48774
0.214 1.49137
0.215 1.49499
0.216 1.4986
0.217 1.5022
0.218 1.5058
0.219 1.50938
0.22 1.51296
0.221 1.51652
0.222 1.52008
0.223 1.52362
0.224 1.52716
0.225 1.53069
0.226 1.53421
0.227 1.53773
0.228 1.54123
0.229 1.54473
0.23 1.54822
0.231 1.5517
0.232 1.55517
0.233 1.55864
0.234 1.56209
0.235 1.56555
0.236 1.56899
0.237 1.57243
0.238 1.57586
0.239 1.57928
0.24 1.5827
0.241 1.58611
0.242 1.58951
0.243 1.59291
0.244 1.5963
0.245 1.59968
0.246 1.60306
0.247 1.60643
0.248 1.6098
0.249 1.61316
0.25 1.61652
0.251 1.61987
0.252 1.62321
0.253 1.62655
0.254 1.62989
0.255 1.63322
0.256 1.63654
0.257 1.63986
0.258 1.64318
0.259 1.64649
0.26 1.64979
0.261 1.65309
0.262 1.65639
0.263 1.65968
0.264 1.66297
0.265 1.66626
0.266 1.66954
0.267 1.67281
0.268 1.67608
0.269 1.67935
0.27 1.68262
0.271 1.68588
0.272 1.68914
0.273 1.69239
0.274 1.69564
0.275 1.69889
0.276 1.70213
0.277 1.70538
0.278 1.70861
0.279 1.71185
0.28 1.71508
0.281 1.71831
0.282 1.72154
0.283 1.72476
0.284 1.72799
0.285 1.73121
0.286 1.73442
0.287 1.73764
0.288 1.74085
0.289 1.74406
0.29 1.74727
0.291 1.75047
0.292 1.75368
0.293 1.75688
0.294 1.76008
0.295 1.76328
0.296 1.76647
0.297 1.76967
0.298 1.77286
0.299 1.77605
0.3 1.77924
0.301 1.78243
0.302 1.78562
0.303 1.78881
0.304 1.79199
0.305 1.79518
0.306 1.79836
0.307 1.80154
0.308 1.80472
0.309 1.8079
0.31 1.81108
0.311 1.81426
0.312 1.81743
0.313 1.82061
0.314 1.82379
0.315 1.82696
0.316 1.83014
0.317 1.83331
0.318 1.83649
0.319 1.83966
0.32 1.84283
0.321 1.84601
0.322 1.84918
0.323 1.85235
0.324 1.85553
0.325 1.8587
0.326 1.86187
0.327 1.86505
0.328 1.86822
0.329 1.87139
0.33 1.87457
0.331 1.87774
0.332 1.88092
0.333 1.88409
0.334 1.88727
0.335 1.89044
0.336 1.89362
0.337 1.8968
0.338 1.89997
0.339 1.90315
0.34 1.90633
0.341 1.90951
0.342 1.9127
0.343 1.91588
0.344 1.91906
0.345 1.92225
0.346 1.92543
0.347 1.92862
0.348 1.93181
0.349 1.935
0.35 1.93819
0.351 1.94138
0.352 1.94457
0.353 1.94777
0.354 1.95097
0.355 1.95417
0.356 1.95737
0.357 1.96057
0.358 1.96377
0.359 1.96698
0.36 1.97019
0.361 1.9734
0.362 1.97661
0.363 1.97982
0.364 1.98304
0.365 1.98626
0.366 1.98948
0.367 1.99271
0.368 1.99593
0.369 1.99916
0.37 2.00239
0.371 2.00562
0.372 2.00886
0.373 2.0121
0.374 2.01534
0.375 2.01859
0.376 2.02183
0.377 2.02508
0.378 2.02834
0.379 2.0316
0.38 2.03486
0.381 2.03812
0.382 2.04139
0.383 2.04466
0.384 2.04793
0.385 2.05121
0.386 2.05449
0.387 2.05777
0.388 2.06106
0.389 2.06435
0.39 2.06765
0.391 2.07095
0.392 2.07425
0.393 2.07756
0.394 2.08087
0.395 2.08419
0.396 2.08751
0.397 2.09083
0.398 2.09416
0.399 2.0975
0.4 2.10084
0.401 2.10418
0.402 2.10753
0.403 2.11088
0.404 2.11424
0.405 2.1176
0.406 2.12097
0.407 2.12434
0.408 2.12772
0.409 2.13111
0.41 2.1345
0.411 2.13789
0.412 2.14129
0.413 2.1447
0.414 2.14811
0.415 2.15153
0.416 2.15495
0.417 2.15838
0.418 2.16181
0.419 2.16526
0.42 2.1687
0.421 2.17216
0.422 2.17562
0.423 2.17909
0.424 2.18256
0.425 2.18604
0.426 2.18953
0.427 2.19303
0.428 2.19653
0.429 2.20004
0.43 2.20355
0.431 2.20708
0.432 2.21061
0.433 2.21414
0.434 2.21769
0.435 2.22124
0.436 2.22481
0.437 2.22837
0.438 2.23195
0.439 2.23554
0.44 2.23913
0.441 2.24273
0.442 2.24634
0.443 2.24996
0.444 2.25359
0.445 2.25723
0.446 2.26087
0.447 2.26453
0.448 2.26819
0.449 2.27186
0.45 2.27555
0.451 2.27924
0.452 2.28294
0.453 2.28665
0.454 2.29037
0.455 2.2941
0.456 2.29784
0.457 2.30159
0.458 2.30536
0.459 2.30913
0.46 2.31291
0.461 2.3167
0.462 2.32051
0.463 2.32432
0.464 2.32815
0.465 2.33198
0.466 2.33583
0.467 2.33969
0.468 2.34356
0.469 2.34745
0.47 2.35134
0.471 2.35525
0.472 2.35917
0.473 2.3631
0.474 2.36704
0.475 2.371
0.476 2.37497
0.477 2.37895
0.478 2.38294
0.479 2.38695
0.48 2.39097
0.481 2.39501
0.482 2.39906
0.483 2.40312
0.484 2.40719
0.485 2.41128
0.486 2.41539
0.487 2.41951
0.488 2.42364
0.489 2.42779
0.49 2.43195
0.491 2.43613
0.492 2.44032
0.493 2.44453
0.494 2.44875
0.495 2.45299
0.496 2.45725
0.497 2.46152
0.498 2.4658
0.499 2.47011
0.5 2.47443
0.501 2.47876
0.502 2.48312
0.503 2.48749
0.504 2.49187
0.505 2.49628
0.506 2.5007
0.507 2.50514
0.508 2.5096
0.509 2.51408
0.51 2.51857
0.511 2.52309
0.512 2.52762
0.513 2.53217
0.514 2.53674
0.515 2.54133
0.516 2.54594
0.517 2.55057
0.518 2.55521
0.519 2.55988
0.52 2.56457
0.521 2.56928
0.522 2.57401
0.523 2.57876
0.524 2.58354
0.525 2.58833
0.526 2.59314
0.527 2.59798
0.528 2.60284
0.529 2.60772
0.53 2.61263
0.531 2.61755
0.532 2.6225
0.533 2.62747
0.534 2.63247
0.535 2.63749
0.536 2.64253
0.537 2.6476
0.538 2.65269
0.539 2.65781
0.54 2.66295
0.541 2.66812
0.542 2.67331
0.543 2.67853
0.544 2.68377
0.545 2.68904
0.546 2.69434
0.547 2.69966
0.548 2.70501
0.549 2.71038
0.55 2.71579
0.551 2.72122
0.552 2.72668
0.553 2.73217
0.554 2.73768
0.555 2.74323
0.556 2.7488
0.557 2.7544
0.558 2.76004
0.559 2.7657
0.56 2.77139
0.561 2.77711
0.562 2.78287
0.563 2.78865
0.564 2.79447
0.565 2.80032
0.566 2.8062
0.567 2.81211
0.568 2.81805
0.569 2.82403
0.57 2.83004
0.571 2.83609
0.572 2.84216
0.573 2.84828
0.574 2.85442
0.575 2.8606
0.576 2.86682
0.577 2.87307
0.578 2.87936
0.579 2.88568
0.58 2.89204
0.581 2.89844
0.582 2.90488
0.583 2.91135
0.584 2.91786
0.585 2.9244
0.586 2.93099
0.587 2.93761
0.588 2.94428
0.589 2.95098
0.59 2.95773
0.591 2.96451
0.592 2.97133
0.593 2.9782
0.594 2.98511
0.595 2.99206
0.596 2.99905
0.597 3.00608
0.598 3.01316
0.599 3.02028
0.6 3.02744
0.601 3.03465
0.602 3.0419
0.603 3.0492
0.604 3.05654
0.605 3.06392
0.606 3.07136
0.607 3.07884
0.608 3.08637
0.609 3.09394
0.61 3.10156
0.611 3.10923
0.612 3.11695
0.613 3.12472
0.614 3.13254
0.615 3.1404
0.616 3.14832
0.617 3.15629
0.618 3.1643
0.619 3.17237
0.62 3.1805
0.621 3.18867
0.622 3.1969
0.623 3.20518
0.624 3.21351
0.625 3.2219
0.626 3.23034
0.627 3.23884
0.628 3.24739
0.629 3.256
0.63 3.26466
0.631 3.27339
0.632 3.28217
0.633 3.291
0.634 3.2999
0.635 3.30885
0.636 3.31786
0.637 3.32693
0.638 3.33606
0.639 3.34525
0.64 3.35451
0.641 3.36382
0.642 3.37319
0.643 3.38263
0.644 3.39213
0.645 3.40169
0.646 3.41132
0.647 3.42101
0.648 3.43076
0.649 3.44058
0.65 3.45047
0.651 3.46042
0.652 3.47043
0.653 3.48052
0.654 3.49067
0.655 3.50089
0.656 3.51117
0.657 3.52152
0.658 3.53195
0.659 3.54244
0.66 3.553
0.661 3.56363
0.662 3.57433
0.663 3.5851
0.664 3.59595
0.665 3.60686
0.666 3.61785
0.667 3.62891
0.668 3.64005
0.669 3.65125
0.67 3.66253
0.671 3.67389
0.672 3.68531
0.673 3.69682
0.674 3.7084
0.675 3.72005
0.676 3.73178
0.677 3.74359
0.678 3.75547
0.679 3.76743
0.68 3.77946
0.681 3.79158
0.682 3.80377
0.683 3.81604
0.684 3.82839
0.685 3.84082
0.686 3.85332
0.687 3.86591
0.688 3.87857
0.689 3.89132
0.69 3.90414
0.691 3.91704
0.692 3.93003
0.693 3.94309
0.694 3.95624
0.695 3.96946
0.696 3.98277
0.697 3.99616
0.698 4.00963
0.699 4.02318
0.7 4.03681
0.701 4.05053
0.702 4.06432
0.703 4.0782
0.704 4.09216
0.705 4.1062
0.706 4.12032
0.707 4.13452
0.708 4.1488
0.709 4.16317
0.71 4.17762
0.711 4.19215
0.712 4.20676
0.713 4.22145
0.714 4.23622
0.715 4.25107
0.716 4.266
0.717 4.28102
0.718 4.29611
0.719 4.31128
0.72 4.32653
0.721 4.34186
0.722 4.35727
0.723 4.37276
0.724 4.38833
0.725 4.40397
0.726 4.41969
0.727 4.43549
0.728 4.45136
0.729 4.46731
0.73 4.48334
0.731 4.49944
0.732 4.51561
0.733 4.53186
0.734 4.54818
0.735 4.56457
0.736 4.58103
0.737 4.59756
0.738 4.61416
0.739 4.63084
0.74 4.64758
0.741 4.66438
0.742 4.68126
0.743 4.6982
0.744 4.7152
0.745 4.73227
0.746 4.7494
0.747 4.76659
0.748 4.78385
0.749 4.80116
0.75 4.81853
0.751 4.83596
0.752 4.85344
0.753 4.87098
0.754 4.88857
0.755 4.90622
0.756 4.92391
0.757 4.94166
0.758 4.95945
0.759 4.97729
0.76 4.99518
0.761 5.01311
0.762 5.03109
0.763 5.0491
0.764 5.06716
0.765 5.08525
0.766 5.10338
0.767 5.12154
0.768 5.13974
0.769 5.15797
0.77 5.17623
0.771 5.19452
0.772 5.21284
0.773 5.23118
0.774 5.24954
0.775 5.26792
0.776 5.28633
0.777 5.30475
0.778 5.32319
0.779 5.34164
0.78 5.3601
0.781 5.37858
0.782 5.39706
0.783 5.41555
0.784 5.43404
0.785 5.45254
0.786 5.47103
0.787 5.48952
0.788 5.50801
0.789 5.5265
0.79 5.54497
0.791 5.56344
0.792 5.58189
0.793 5.60034
0.794 5.61876
0.795 5.63717
0.796 5.65555
0.797 5.67391
0.798 5.69225
0.799 5.71056
0.8 5.72885
0.801 5.7471
0.802 5.76532
0.803 5.7835
0.804 5.80165
0.805 5.81976
0.806 5.83782
0.807 5.85584
0.808 5.87382
0.809 5.89175
0.81 5.90963
0.811 5.92745
0.812 5.94522
0.813 5.96294
0.814 5.9806
0.815 5.99819
0.816 6.01573
0.817 6.0332
0.818 6.0506
0.819 6.06794
0.82 6.0852
0.821 6.1024
0.822 6.11952
0.823 6.13656
0.824 6.15352
0.825 6.17041
0.826 6.18721
0.827 6.20393
0.828 6.22056
0.829 6.23711
0.83 6.25357
0.831 6.26993
0.832 6.28621
0.833 6.30239
0.834 6.31847
0.835 6.33446
0.836 6.35035
0.837 6.36614
0.838 6.38182
0.839 6.3974
0.84 6.41288
0.841 6.42825
0.842 6.44352
0.843 6.45867
0.844 6.47372
0.845 6.48865
0.846 6.50347
0.847 6.51817
0.848 6.53276
0.849 6.54724
0.85 6.56159
0.851 6.57583
0.852 6.58995
0.853 6.60395
0.854 6.61782
0.855 6.63158
0.856 6.64521
0.857 6.65872
0.858 6.6721
0.859 6.68536
0.86 6.69849
0.861 6.71149
0.862 6.72437
0.863 6.73712
0.864 6.74974
0.865 6.76223
0.866 6.77459
0.867 6.78682
0.868 6.79893
0.869 6.8109
0.87 6.82274
0.871 6.83445
0.872 6.84603
0.873 6.85748
0.874 6.86879
0.875 6.87998
0.876 6.89103
0.877 6.90195
0.878 6.91275
0.879 6.92341
0.88 6.93393
0.881 6.94433
0.882 6.9546
0.883 6.96473
0.884 6.97474
0.885 6.98461
0.886 6.99436
0.887 7.00398
0.888 7.01346
0.889 7.02282
0.89 7.03205
0.891 7.04116
0.892 7.05013
0.893 7.05898
0.894 7.06771
0.895 7.07631
0.896 7.08478
0.897 7.09313
0.898 7.10136
0.899 7.10946
0.9 7.11744
0.901 7.12531
0.902 7.13305
0.903 7.14067
0.904 7.14817
0.905 7.15556
0.906 7.16283
0.907 7.16998
0.908 7.17702
0.909 7.18394
0.91 7.19075
0.911 7.19745
0.912 7.20404
0.913 7.21052
0.914 7.21688
0.915 7.22314
0.916 7.22929
0.917 7.23534
0.918 7.24128
0.919 7.24712
0.92 7.25285
0.921 7.25848
0.922 7.26401
0.923 7.26944
0.924 7.27478
0.925 7.28001
0.926 7.28515
0.927 7.29019
0.928 7.29514
0.929 7.3
0.93 7.30476
0.931 7.30943
0.932 7.31401
0.933 7.31851
0.934 7.32291
0.935 7.32723
0.936 7.33147
0.937 7.33562
0.938 7.33968
0.939 7.34367
0.94 7.34757
0.941 7.35139
0.942 7.35514
0.943 7.35881
0.944 7.3624
0.945 7.36591
0.946 7.36935
0.947 7.37272
0.948 7.37601
0.949 7.37924
0.95 7.38239
0.951 7.38547
0.952 7.38849
0.953 7.39144
0.954 7.39432
0.955 7.39714
0.956 7.39989
0.957 7.40258
0.958 7.40521
0.959 7.40777
0.96 7.41028
0.961 7.41272
0.962 7.41511
0.963 7.41744
0.964 7.41972
0.965 7.42194
0.966 7.4241
0.967 7.42621
0.968 7.42827
0.969 7.43028
0.97 7.43223
0.971 7.43413
0.972 7.43599
0.973 7.4378
0.974 7.43955
0.975 7.44126
0.976 7.44293
0.977 7.44455
0.978 7.44612
0.979 7.44766
0.98 7.44914
0.981 7.45059
0.982 7.45199
0.983 7.45336
0.984 7.45468
0.985 7.45596
0.986 7.45721
0.987 7.45841
0.988 7.45958
0.989 7.46071
0.99 7.46181
0.991 7.46287
0.992 7.4639
0.993 7.46489
0.994 7.46585
0.995 7.46677
0.996 7.46767
0.997 7.46853
0.998 7.46936
0.999 7.47016
1 7.47093
1.001 0
