0 -10
0.001 -6.60931
0.002 -6.59251
0.003 -6.57564
0.004 -6.55871
0.005 -6.54172
0.006 -6.52467
0.007 -6.50756
0.008 -6.49039
0.009 -6.47316
0.01 -6.45588
0.011 -6.43855
0.012 -6.42116
0.013 -6.40372
0.014 -6.38622
0.015 -6.36868
0.016 -6.35109
0.017 -6.33345
0.018 -6.31577
0.019 -6.29804
0.02 -6.28027
0.021 -6.26246
0.022 -6.24461
0.023 -6.22672
0.024 -6.2088
0.025 -6.19084
0.026 -6.17285
0.027 -6.15482
0.028 -6.13677
0.029 -6.11869
0.03 -6.10058
0.031 -6.08244
0.032 -6.06429
0.033 -6.04611
0.034 -6.02791
0.035 -6.00969
0.036 -5.99146
0.037 -5.97322
0.038 -5.95496
0.039 -5.93669
0.04 -5.91842
0.041 -5.90013
0.042 -5.88184
0.043 -5.86355
0.044 -5.84526
0.045 -5.82697
0.046 -5.80869
0.047 -5.7904
0.048 -5.77213
0.049 -5.75386
0.05 -5.73561
0.051 -5.71736
0.052 -5.69913
0.053 -5.68092
0.054 -5.66273
0.055 -5.64455
0.056 -5.6264
0.057 -5.60827
0.058 -5.59017
0.059 -5.5721
0.06 -5.55405
0.061 -5.53604
0.062 -5.51806
0.063 -5.50011
0.064 -5.4822
0.065 -5.46433
0.066 -5.4465
0.067 -5.42871
0.068 -5.41096
0.069 -5.39326
0.07 -5.37561
0.071 -5.358
0.072 -5.34044
0.073 -5.32294
0.074 -5.30548
0.075 -5.28808
0.076 -5.27074
0.077 -5.25346
0.078 -5.23623
0.079 -5.21906
0.08 -5.20195
0.081 -5.18491
0.082 -5.16792
0.083 -5.15101
0.084 -5.13416
0.085 -5.11737
0.086 -5.10065
0.087 -5.084
0.088 -5.06743
0.089 -5.05092
0.09 -5.03448
0.091 -5.01812
0.092 -5.00183
0.093 -4.98561
0.094 -4.96947
0.095 -4.9534
0.096 -4.93741
0.097 -4.9215
0.098 -4.90567
0.099 -4.88991
0.1 -4.87423
0.101 -4.85863
0.102 -4.84311
0.103 -4.82767
0.104 -4.81231
0.105 -4.79703
0.106 -4.78183
0.107 -4.76671
0.108 -4.75168
0.109 -4.73672
0.11 -4.72185
0.111 -4.70706
0.112 -4.69235
0.113 -4.67772
0.114 -4.66318
0.115 -4.64872
0.116 -4.63434
0.117 -4.62004
0.118 -4.60582
0.119 -4.59169
0.12 -4.57764
0.121 -4.56367
0.122 -4.54978
0.123 -4.53598
0.124 -4.52225
0.125 -4.50861
0.126 -4.49505
0.127 -4.48157
0.128 -4.46817
0.129 -4.45485
0.13 -4.44161
0.131 -4.42845
0.132 -4.41537
0.133 -4.40237
0.134 -4.38945
0.135 -4.37661
0.136 -4.36384
0.137 -4.35116
0.138 -4.33855
0.139 -4.32601
0.14 -4.31356
0.141 -4.30118
0.142 -4.28888
0.143 -4.27665
0.144 -4.2645
0.145 -4.25242
0.146 -4.24041
0.147 -4.22848
0.148 -4.21663
0.149 -4.20484
0.15 -4.19313
0.151 -4.1815
0.152 -4.16993
0.153 -4.15843
0.154 -4.14701
0.155 -4.13565
0.156 -4.12437
0.157 -4.11315
0.158 -4.102
0.159 -4.09093
0.16 -4.07991
0.161 -4.06897
0.162 -4.0581
0.163 -4.04729
0.164 -4.03654
0.165 -4.02587
0.166 -4.01525
0.167 -4.00471
0.168 -3.99422
0.169 -3.9838
0.17 -3.97345
0.171 -3.96315
0.172 -3.95292
0.173 -3.94275
0.174 -3.93264
0.175 -3.9226
0.176 -3.91261
0.177 -3.90268
0.178 -3.89282
0.179 -3.88301
0.18 -3.87326
0.181 -3.86357
0.182 -3.85394
0.183 -3.84437
0.184 -3.83485
0.185 -3.82539
0.186 -3.81598
0.187 -3.80663
0.188 -3.79734
0.189 -3.7881
0.19 -3.77891
0.191 -3.76978
0.192 -3.7607
0.193 -3.75168
0.194 -3.7427
0.195 -3.73378
0.196 -3.72491
0.197 -3.7161
0.198 -3.70733
0.199 -3.69861
0.2 -3.68995
0.201 -3.68133
0.202 -3.67276
0.203 -3.66425
0.204 -3.65578
0.205 -3.64735
0.206 -3.63898
0.207 -3.63065
0.208 -3.62237
0.209 -3.61414
0.21 -3.60595
0.211 -3.59781
0.212 -3.58971
0.213 -3.58165
0.214 -3.57365
0.215 -3.56568
0.216 -3.55776
0.217 -3.54988
0.218 -3.54205
0.219 -3.53426
0.22 -3.5265
0.221 -3.5188
0.222 -3.51113
0.223 -3.5035
0.224 -3.49592
0.225 -3.48837
0.226 -3.48086
0.227 -3.4734
0.228 -3.46597
0.229 -3.45858
0.23 -3.45123
0.231 -3.44392
0.232 -3.43664
0.233 -3.42941
0.234 -3.42221
0.235 -3.41504
0.236 -3.40792
0.237 -3.40082
0.238 -3.39377
0.239 -3.38675
0.24 -3.37976
0.241 -3.37281
0.242 -3.36589
0.243 -3.35901
0.244 -3.35216
0.245 -3.34535
0.246 -3.33857
0.247 -3.33182
0.248 -3.3251
0.249 -3.31841
0.25 -3.31176
0.251 -3.30514
0.252 -3.29855
0.253 -3.29199
0.254 -3.28546
0.255 -3.27896
0.256 -3.27249
0.257 -3.26605
0.258 -3.25964
0.259 -3.25326
0.26 -3.24691
0.261 -3.24059
0.262 -3.23429
0.263 -3.22802
0.264 -3.22179
0.265 -3.21557
0.266 -3.20939
0.267 -3.20323
0.268 -3.1971
0.269 -3.191
0.27 -3.18492
0.271 -3.17887
0.272 -3.17285
0.273 -3.16684
0.274 -3.16087
0.275 -3.15492
0.276 -3.149
0.277 -3.14309
0.278 -3.13722
0.279 -3.13137
0.28 -3.12554
0.281 -3.11973
0.282 -3.11395
0.283 -3.10819
0.284 -3.10246
0.285 -3.09675
0.286 -3.09106
0.287 -3.08539
0.288 -3.07974
0.289 -3.07412
0.29 -3.06852
0.291 -3.06294
0.292 -3.05738
0.293 -3.05184
0.294 -3.04633
0.295 -3.04083
0.296 -3.03535
0.297 -3.0299
0.298 -3.02446
0.299 -3.01905
0.3 -3.01365
0.301 -3.00827
0.302 -3.00292
0.303 -2.99758
0.304 -2.99226
0.305 -2.98696
0.306 -2.98168
0.307 -2.97642
0.308 -2.97117
0.309 -2.96595
0.31 -2.96074
0.311 -2.95555
0.312 -2.95038
0.313 -2.94522
0.314 -2.94008
0.315 -2.93496
0.316 -2.92986
0.317 -2.92477
0.318 -2.9197
0.319 -2.91465
0.32 -2.90961
0.321 -2.90459
0.322 -2.89958
0.323 -2.89459
0.324 -2.88962
0.325 -2.88466
0.326 -2.87972
0.327 -2.87479
0.328 -2.86988
0.329 -2.86498
0.33 -2.8601
0.331 -2.85523
0.332 -2.85038
0.333 -2.84554
0.334 -2.84071
0.335 -2.8359
0.336 -2.83111
0.337 -2.82632
0.338 -2.82155
0.339 -2.8168
0.34 -2.81206
0.341 -2.80733
0.342 -2.80261
0.343 -2.79791
0.344 -2.79322
0.345 -2.78855
0.346 -2.78388
0.347 -2.77923
0.348 -2.77459
0.349 -2.76996
0.35 -2.76535
0.351 -2.76075
0.352 -2.75616
0.353 -2.75158
0.354 -2.74701
0.355 -2.74245
0.356 -2.73791
0.357 -2.73338
0.358 -2.72885
0.359 -2.72434
0.36 -2.71984
0.361 -2.71535
0.362 -2.71087
0.363 -2.70641
0.364 -2.70195
0.365 -2.6975
0.366 -2.69306
0.367 -2.68864
0.368 -2.68422
0.369 -2.67981
0.37 -2.67541
0.371 -2.67102
0.372 -2.66665
0.373 -2.66228
0.374 -2.65792
0.375 -2.65357
0.376 -2.64922
0.377 -2.64489
0.378 -2.64057
0.379 -2.63625
0.38 -2.63194
0.381 -2.62764
0.382 -2.62335
0.383 -2.61907
0.384 -2.6148
0.385 -2.61053
0.386 -2.60627
0.387 -2.60202
0.388 -2.59778
0.389 -2.59354
0.39 -2.58931
0.391 -2.58509
0.392 -2.58088
0.393 -2.57667
0.394 -2.57247
0.395 -2.56828
0.396 -2.56409
0.397 -2.55992
0.398 -2.55574
0.399 -2.55158
0.4 -2.54742
0.401 -2.54326
0.402 -2.53911
0.403 -2.53497
0.404 -2.53084
0.405 -2.5267
0.406 -2.52258
0.407 -2.51846
0.408 -2.51435
0.409 -2.51024
0.41 -2.50614
0.411 -2.50204
0.412 -2.49794
0.413 -2.49386
0.414 -2.48977
0.415 -2.48569
0.416 -2.48162
0.417 -2.47755
0.418 -2.47348
0.419 -2.46942
0.42 -2.46536
0.421 -2.46131
0.422 -2.45726
0.423 -2.45322
0.424 -2.44917
0.425 -2.44513
0.426 -2.4411
0.427 -2.43707
0.428 -2.43304
0.429 -2.42901
0.43 -2.42499
0.431 -2.42097
0.432 -2.41696
0.433 -2.41294
0.434 -2.40893
0.435 -2.40492
0.436 -2.40091
0.437 -2.39691
0.438 -2.39291
0.439 -2.38891
0.44 -2.38491
0.441 -2.38091
0.442 -2.37692
0.443 -2.37293
0.444 -2.36893
0.445 -2.36494
0.446 -2.36095
0.447 -2.35697
0.448 -2.35298
0.449 -2.34899
0.45 -2.34501
0.451 -2.34103
0.452 -2.33704
0.453 -2.33306
0.454 -2.32908
0.455 -2.32509
0.456 -2.32111
0.457 -2.31713
0.458 -2.31315
0.459 -2.30916
0.46 -2.30518
0.461 -2.3012
0.462 -2.29721
0.463 -2.29323
0.464 -2.28924
0.465 -2.28526
0.466 -2.28127
0.467 -2.27728
0.468 -2.27329
0.469 -2.2693
0.47 -2.26531
0.471 -2.26132
0.472 -2.25732
0.473 -2.25333
0.474 -2.24933
0.475 -2.24533
0.476 -2.24133
0.477 -2.23732
0.478 -2.23331
0.479 -2.22931
0.48 -2.22529
0.481 -2.22128
0.482 -2.21726
0.483 -2.21324
0.484 -2.20922
0.485 -2.20519
0.486 -2.20116
0.487 -2.19713
0.488 -2.19309
0.489 -2.18905
0.49 -2.18501
0.491 -2.18096
0.492 -2.17691
0.493 -2.17285
0.494 -2.1688
0.495 -2.16473
0.496 -2.16066
0.497 -2.15659
0.498 -2.15251
0.499 -2.14843
0.5 -2.14434
0.501 -2.14025
0.502 -2.13615
0.503 -2.13205
0.504 -2.12794
0.505 -2.12383
0.506 -2.11971
0.507 -2.11559
0.508 -2.11146
0.509 -2.10732
0.51 -2.10318
0.511 -2.09903
0.512 -2.09487
0.513 -2.09071
0.514 -2.08654
0.515 -2.08237
0.516 -2.07819
0.517 -2.074
0.518 -2.0698
0.519 -2.0656
0.52 -2.06139
0.521 -2.05717
0.522 -2.05295
0.523 -2.04871
0.524 -2.04447
0.525 -2.04022
0.526 -2.03597
0.527 -2.0317
0.528 -2.02743
0.529 -2.02314
0.53 -2.01885
0.531 -2.01455
0.532 -2.01024
0.533 -2.00593
0.534 -2.0016
0.535 -1.99726
0.536 -1.99292
0.537 -1.98856
0.538 -1.9842
0.539 -1.97982
0.54 -1.97544
0.541 -1.97104
0.542 -1.96664
0.543 -1.96222
0.544 -1.9578
0.545 -1.95336
0.546 -1.94891
0.547 -1.94445
0.548 -1.93998
0.549 -1.9355
0.55 -1.93101
0.551 -1.92651
0.552 -1.92199
0.553 -1.91746
0.554 -1.91292
0.555 -1.90837
0.556 -1.90381
0.557 -1.89923
0.558 -1.89464
0.559 -1.89004
0.56 -1.88543
0.561 -1.8808
0.562 -1.87616
0.563 -1.87151
0.564 -1.86684
0.565 -1.86216
0.566 -1.85747
0.567 -1.85276
0.568 -1.84804
0.569 -1.8433
0.57 -1.83855
0.571 -1.83379
0.572 -1.82901
0.573 -1.82422
0.574 -1.81941
0.575 -1.81458
0.576 -1.80975
0.577 -1.80489
0.578 -1.80002
0.579 -1.79514
0.58 -1.79023
0.581 -1.78532
0.582 -1.78038
0.583 -1.77544
0.584 -1.77047
0.585 -1.76549
0.586 -1.76049
0.587 -1.75547
0.588 -1.75044
0.589 -1.74539
0.59 -1.74032
0.591 -1.73524
0.592 -1.73014
0.593 -1.72502
0.594 -1.71988
0.595 -1.71472
0.596 -1.70955
0.597 -1.70435
0.598 -1.69914
0.599 -1.69391
0.6 -1.68867
0.601 -1.6834
0.602 -1.67811
0.603 -1.67281
0.604 -1.66748
0.605 -1.66213
0.606 -1.65677
0.607 -1.65139
0.608 -1.64598
0.609 -1.64056
0.61 -1.63511
0.611 -1.62965
0.612 -1.62416
0.613 -1.61865
0.614 -1.61313
0.615 -1.60758
0.616 -1.60201
0.617 -1.59642
0.618 -1.5908
0.619 -1.58517
0.62 -1.57951
0.621 -1.57384
0.622 -1.56814
0.623 -1.56242
0.624 -1.55667
0.625 -1.55091
0.626 -1.54512
0.627 -1.53931
0.628 -1.53347
0.629 -1.52762
0.63 -1.52174
0.631 -1.51584
0.632 -1.50991
0.633 -1.50396
0.634 -1.49799
0.635 -1.49199
0.636 -1.48598
0.637 -1.47993
0.638 -1.47387
0.639 -1.46778
0.64 -1.46166
0.641 -1.45552
0.642 -1.44936
0.643 -1.44318
0.644 -1.43697
0.645 -1.43073
0.646 -1.42447
0.647 -1.41819
0.648 -1.41188
0.649 -1.40555
0.65 -1.39919
0.651 -1.39281
0.652 -1.38641
0.653 -1.37997
0.654 -1.37352
0.655 -1.36704
0.656 -1.36054
0.657 -1.35401
0.658 -1.34745
0.659 -1.34087
0.66 -1.33427
0.661 -1.32764
0.662 -1.32099
0.663 -1.31431
0.664 -1.30761
0.665 -1.30088
0.666 -1.29413
0.667 -1.28736
0.668 -1.28056
0.669 -1.27374
0.67 -1.26689
0.671 -1.26002
0.672 -1.25312
0.673 -1.2462
0.674 -1.23926
0.675 -1.23229
0.676 -1.2253
0.677 -1.21829
0.678 -1.21126
0.679 -1.2042
0.68 -1.19711
0.681 -1.19001
0.682 -1.18288
0.683 -1.17574
0.684 -1.16857
0.685 -1.16137
0.686 -1.15416
0.687 -1.14693
0.688 -1.13967
0.689 -1.1324
0.69 -1.1251
0.691 -1.11779
0.692 -1.11045
0.693 -1.1031
0.694 -1.09572
0.695 -1.08833
0.696 -1.08092
0.697 -1.0735
0.698 -1.06605
0.699 -1.05859
0.7 -1.05112
0.701 -1.04362
0.702 -1.03612
0.703 -1.02859
0.704 -1.02106
0.705 -1.01351
0.706 -1.00594
0.707 -0.998368
0.708 -0.990781
0.709 -0.983182
0.71 -0.975572
0.711 -0.967953
0.712 -0.960324
0.713 -0.952686
0.714 -0.945041
0.715 -0.937389
0.716 -0.92973
0.717 -0.922065
0.718 -0.914396
0.719 -0.906723
0.72 -0.899047
0.721 -0.891368
0.722 -0.883688
0.723 -0.876007
0.724 -0.868327
0.725 -0.860648
0.726 -0.852972
0.727 -0.845299
0.728 -0.83763
0.729 -0.829966
0.73 -0.822309
0.731 -0.81466
0.732 -0.807019
0.733 -0.799388
0.734 -0.791767
0.735 -0.784159
0.736 -0.776564
0.737 -0.768984
0.738 -0.761419
0.739 -0.753871
0.74 -0.746341
0.741 -0.738831
0.742 -0.731341
0.743 -0.723874
0.744 -0.71643
0.745 -0.709012
0.746 -0.701619
0.747 -0.694255
0.748 -0.686919
0.749 -0.679615
0.75 -0.672342
0.751 -0.665103
0.752 -0.6579
0.753 -0.650733
0.754 -0.643604
0.755 -0.636515
0.756 -0.629468
0.757 -0.622464
0.758 -0.615505
0.759 -0.608592
0.76 -0.601727
0.761 -0.594912
0.762 -0.588149
0.763 -0.581438
0.764 -0.574783
0.765 -0.568184
0.766 -0.561643
0.767 -0.555163
0.768 -0.548745
0.769 -0.54239
0.77 -0.536101
0.771 -0.529879
0.772 -0.523726
0.773 -0.517644
0.774 -0.511635
0.775 -0.5057
0.776 -0.499842
0.777 -0.494063
0.778 -0.488363
0.779 -0.482745
0.78 -0.477211
0.781 -0.471763
0.782 -0.466402
0.783 -0.46113
0.784 -0.45595
0.785 -0.450862
0.786 -0.44587
0.787 -0.440974
0.788 -0.436176
0.789 -0.431479
0.79 -0.426884
0.791 -0.422392
0.792 -0.418007
0.793 -0.413728
0.794 -0.409559
0.795 -0.405501
0.796 -0.401555
0.797 -0.397724
0.798 -0.394009
0.799 -0.390412
0.8 -0.386934
0.801 -0.383577
0.802 -0.380342
0.803 -0.377232
0.804 -0.374248
0.805 -0.371391
0.806 -0.368663
0.807 -0.366065
0.808 -0.363599
0.809 -0.361267
0.81 -0.359069
0.811 -0.357007
0.812 -0.355082
0.813 -0.353296
0.814 -0.351651
0.815 -0.350146
0.816 -0.348784
0.817 -0.347565
0.818 -0.346492
0.819 -0.345564
0.82 -0.344783
0.821 -0.34415
0.822 -0.343667
0.823 -0.343333
0.824 -0.34315
0.825 -0.343118
0.826 -0.343239
0.827 -0.343514
0.828 -0.343942
0.829 -0.344526
0.83 -0.345265
0.831 -0.346159
0.832 -0.347211
0.833 -0.348419
0.834 -0.349785
0.835 -0.351309
0.836 -0.352992
0.837 -0.354833
0.838 -0.356833
0.839 -0.358992
0.84 -0.361311
0.841 -0.36379
0.842 -0.366428
0.843 -0.369226
0.844 -0.372183
0.845 -0.3753
0.846 -0.378577
0.847 -0.382014
0.848 -0.385609
0.849 -0.389364
0.85 -0.393277
0.851 -0.397349
0.852 -0.401578
0.853 -0.405966
0.854 -0.41051
0.855 -0.415211
0.856 -0.420068
0.857 -0.425081
0.858 -0.430248
0.859 -0.435569
0.86 -0.441044
0.861 -0.446671
0.862 -0.45245
0.863 -0.45838
0.864 -0.464459
0.865 -0.470688
0.866 -0.477064
0.867 -0.483587
0.868 -0.490256
0.869 -0.49707
0.87 -0.504027
0.871 -0.511127
0.872 -0.518367
0.873 -0.525748
0.874 -0.533266
0.875 -0.540922
0.876 -0.548714
0.877 -0.55664
0.878 -0.564698
0.879 -0.572888
0.88 -0.581208
0.881 -0.589657
0.882 -0.598232
0.883 -0.606932
0.884 -0.615755
0.885 -0.624701
0.886 -0.633767
0.887 -0.642951
0.888 -0.652252
0.889 -0.661668
0.89 -0.671197
0.891 -0.680837
0.892 -0.690587
0.893 -0.700445
0.894 -0.710409
0.895 -0.720477
0.896 -0.730647
0.897 -0.740917
0.898 -0.751286
0.899 -0.761751
0.9 -0.772311
0.901 -0.782963
0.902 -0.793706
0.903 -0.804537
0.904 -0.815455
0.905 -0.826458
0.906 -0.837543
0.907 -0.848709
0.908 -0.859954
0.909 -0.871275
0.91 -0.882672
0.911 -0.894141
0.912 -0.90568
0.913 -0.917288
0.914 -0.928963
0.915 -0.940703
0.916 -0.952505
0.917 -0.964368
0.918 -0.97629
0.919 -0.988269
0.92 -1.0003
0.921 -1.01239
0.922 -1.02453
0.923 -1.03671
0.924 -1.04894
0.925 -1.06122
0.926 -1.07354
0.927 -1.08591
0.928 -1.09831
0.929 -1.11075
0.93 -1.12322
0.931 -1.13573
0.932 -1.14827
0.933 -1.16084
0.934 -1.17344
0.935 -1.18606
0.936 -1.19871
0.937 -1.21139
0.938 -1.22408
0.939 -1.23679
0.94 -1.24953
0.941 -1.26227
0.942 -1.27503
0.943 -1.28781
0.944 -1.3006
0.945 -1.31339
0.946 -1.3262
0.947 -1.33901
0.948 -1.35182
0.949 -1.36464
0.95 -1.37746
0.951 -1.39028
0.952 -1.4031
0.953 -1.41592
0.954 -1.42874
0.955 -1.44155
0.956 -1.45435
0.957 -1.46714
0.958 -1.47993
0.959 -1.4927
0.96 -1.50547
0.961 -1.51822
0.962 -1.53096
0.963 -1.54368
0.964 -1.55639
0.965 -1.56907
0.966 -1.58174
0.967 -1.59439
0.968 -1.60702
0.969 -1.61963
0.97 -1.63221
0.971 -1.64477
0.972 -1.65731
0.973 -1.66982
0.974 -1.6823
0.975 -1.69476
0.976 -1.70719
0.977 -1.71958
0.978 -1.73195
0.979 -1.74429
0.98 -1.75659
0.981 -1.76887
0.982 -1.78111
0.983 -1.79331
0.984 -1.80548
0.985 -1.81762
0.986 -1.82972
0.987 -1.84178
0.988 -1.85381
0.989 -1.8658
0.99 -1.87775
0.991 -1.88966
0.992 -1.90153
0.993 -1.91336
0.994 -1.92515
0.995 -1.9369
0.996 -1.94861
0.997 -1.96027
0.998 -1.9719
0.999 -1.98348
1 -1.99501
1.001 -10
