0 5
0.001 3.37068
0.002 3.36739
0.003 3.36409
0.004 3.36078
0.005 3.35747
0.006 3.35415
0.007 3.35082
0.008 3.34749
0.009 3.34415
0.01 3.3408
0.011 3.33745
0.012 3.3341
0.013 3.33074
0.014 3.32738
0.015 3.32401
0.016 3.32065
0.017 3.31727
0.018 3.3139
0.019 3.31053
0.02 3.30716
0.021 3.30378
0.022 3.30041
0.023 3.29703
0.024 3.29366
0.025 3.29029
0.026 3.28693
0.027 3.28356
0.028 3.2802
0.029 3.27684
0.03 3.27349
0.031 3.27015
0.032 3.26681
0.033 3.26348
0.034 3.26015
0.035 3.25683
0.036 3.25352
0.037 3.25022
0.038 3.24693
0.039 3.24365
0.04 3.24038
0.041 3.23713
0.042 3.23388
0.043 3.23065
0.044 3.22743
0.045 3.22423
0.046 3.22104
0.047 3.21786
0.048 3.21471
0.049 3.21157
0.05 3.20844
0.051 3.20534
0.052 3.20225
0.053 3.19919
0.054 3.19614
0.055 3.19312
0.056 3.19011
0.057 3.18713
0.058 3.18417
0.059 3.18124
0.06 3.17833
0.061 3.17544
0.062 3.17258
0.063 3.16974
0.064 3.16693
0.065 3.16415
0.066 3.16139
0.067 3.15866
0.068 3.15597
0.069 3.1533
0.07 3.15066
0.071 3.14805
0.072 3.14547
0.073 3.14292
0.074 3.1404
0.075 3.13792
0.076 3.13547
0.077 3.13305
0.078 3.13067
0.079 3.12832
0.08 3.126
0.081 3.12372
0.082 3.12147
0.083 3.11926
0.084 3.11709
0.085 3.11495
0.086 3.11285
0.087 3.11078
0.088 3.10876
0.089 3.10677
0.09 3.10481
0.091 3.1029
0.092 3.10102
0.093 3.09919
0.094 3.09739
0.095 3.09563
0.096 3.09391
0.097 3.09223
0.098 3.09059
0.099 3.08898
0.1 3.08742
0.101 3.0859
0.102 3.08441
0.103 3.08297
0.104 3.08157
0.105 3.0802
0.106 3.07888
0.107 3.07759
0.108 3.07635
0.109 3.07514
0.11 3.07398
0.111 3.07285
0.112 3.07177
0.113 3.07072
0.114 3.06971
0.115 3.06875
0.116 3.06782
0.117 3.06693
0.118 3.06608
0.119 3.06526
0.12 3.06449
0.121 3.06375
0.122 3.06305
0.123 3.06239
0.124 3.06177
0.125 3.06118
0.126 3.06064
0.127 3.06012
0.128 3.05965
0.129 3.05921
0.13 3.0588
0.131 3.05843
0.132 3.0581
0.133 3.0578
0.134 3.05754
0.135 3.05731
0.136 3.05711
0.137 3.05694
0.138 3.05681
0.139 3.05671
0.14 3.05665
0.141 3.05661
0.142 3.05661
0.143 3.05664
0.144 3.0567
0.145 3.05679
0.146 3.0569
0.147 3.05705
0.148 3.05723
0.149 3.05743
0.15 3.05766
0.151 3.05792
0.152 3.05821
0.153 3.05852
0.154 3.05886
0.155 3.05923
0.156 3.05962
0.157 3.06003
0.158 3.06047
0.159 3.06094
0.16 3.06142
0.161 3.06193
0.162 3.06247
0.163 3.06302
0.164 3.0636
0.165 3.0642
0.166 3.06481
0.167 3.06545
0.168 3.06611
0.169 3.06679
0.17 3.06749
0.171 3.0682
0.172 3.06894
0.173 3.06969
0.174 3.07046
0.175 3.07125
0.176 3.07205
0.177 3.07287
0.178 3.0737
0.179 3.07455
0.18 3.07542
0.181 3.0763
0.182 3.07719
0.183 3.0781
0.184 3.07902
0.185 3.07995
0.186 3.0809
0.187 3.08186
0.188 3.08283
0.189 3.08381
0.19 3.0848
0.191 3.08581
0.192 3.08682
0.193 3.08785
0.194 3.08888
0.195 3.08993
0.196 3.09098
0.197 3.09204
0.198 3.09311
0.199 3.09419
0.2 3.09528
0.201 3.09637
0.202 3.09748
0.203 3.09859
0.204 3.0997
0.205 3.10083
0.206 3.10196
0.207 3.10309
0.208 3.10423
0.209 3.10538
0.21 3.10653
0.211 3.10769
0.212 3.10885
0.213 3.11002
0.214 3.11119
0.215 3.11236
0.216 3.11354
0.217 3.11473
0.218 3.11591
0.219 3.1171
0.22 3.1183
0.221 3.11949
0.222 3.12069
0.223 3.12189
0.224 3.1231
0.225 3.1243
0.226 3.12551
0.227 3.12672
0.228 3.12794
0.229 3.12915
0.23 3.13036
0.231 3.13158
0.232 3.1328
0.233 3.13402
0.234 3.13524
0.235 3.13646
0.236 3.13768
0.237 3.1389
0.238 3.14012
0.239 3.14134
0.24 3.14256
0.241 3.14378
0.242 3.14501
0.243 3.14623
0.244 3.14745
0.245 3.14867
0.246 3.14989
0.247 3.15111
0.248 3.15233
0.249 3.15354
0.25 3.15476
0.251 3.15598
0.252 3.15719
0.253 3.1584
0.254 3.15962
0.255 3.16083
0.256 3.16204
0.257 3.16325
0.258 3.16445
0.259 3.16566
0.26 3.16686
0.261 3.16806
0.262 3.16926
0.263 3.17046
0.264 3.17166
0.265 3.17285
0.266 3.17404
0.267 3.17523
0.268 3.17642
0.269 3.1776
0.27 3.17879
0.271 3.17997
0.272 3.18115
0.273 3.18232
0.274 3.1835
0.275 3.18467
0.276 3.18584
0.277 3.187
0.278 3.18817
0.279 3.18933
0.28 3.19049
0.281 3.19164
0.282 3.19279
0.283 3.19395
0.284 3.19509
0.285 3.19624
0.286 3.19738
0.287 3.19852
0.288 3.19965
0.289 3.20079
0.29 3.20192
0.291 3.20305
0.292 3.20417
0.293 3.20529
0.294 3.20641
0.295 3.20752
0.296 3.20864
0.297 3.20975
0.298 3.21085
0.299 3.21196
0.3 3.21305
0.301 3.21415
0.302 3.21525
0.303 3.21634
0.304 3.21742
0.305 3.21851
0.306 3.21959
0.307 3.22067
0.308 3.22174
0.309 3.22281
0.31 3.22388
0.311 3.22494
0.312 3.22601
0.313 3.22706
0.314 3.22812
0.315 3.22917
0.316 3.23022
0.317 3.23126
0.318 3.23231
0.319 3.23334
0.32 3.23438
0.321 3.23541
0.322 3.23644
0.323 3.23747
0.324 3.23849
0.325 3.23951
0.326 3.24052
0.327 3.24153
0.328 3.24254
0.329 3.24355
0.33 3.24455
0.331 3.24555
0.332 3.24654
0.333 3.24754
0.334 3.24853
0.335 3.24951
0.336 3.25049
0.337 3.25147
0.338 3.25245
0.339 3.25342
0.34 3.25439
0.341 3.25536
0.342 3.25632
0.343 3.25728
0.344 3.25823
0.345 3.25919
0.346 3.26013
0.347 3.26108
0.348 3.26202
0.349 3.26296
0.35 3.2639
0.351 3.26483
0.352 3.26576
0.353 3.26669
0.354 3.26761
0.355 3.26853
0.356 3.26945
0.357 3.27036
0.358 3.27127
0.359 3.27218
0.36 3.27308
0.361 3.27399
0.362 3.27488
0.363 3.27578
0.364 3.27667
0.365 3.27756
0.366 3.27844
0.367 3.27933
0.368 3.2802
0.369 3.28108
0.37 3.28195
0.371 3.28282
0.372 3.28369
0.373 3.28455
0.374 3.28541
0.375 3.28627
0.376 3.28712
0.377 3.28798
0.378 3.28882
0.379 3.28967
0.38 3.29051
0.381 3.29135
0.382 3.29219
0.383 3.29302
0.384 3.29385
0.385 3.29468
0.386 3.2955
0.387 3.29632
0.388 3.29714
0.389 3.29796
0.39 3.29877
0.391 3.29958
0.392 3.30039
0.393 3.30119
0.394 3.30199
0.395 3.30279
0.396 3.30359
0.397 3.30438
0.398 3.30517
0.399 3.30596
0.4 3.30674
0.401 3.30752
0.402 3.3083
0.403 3.30908
0.404 3.30985
0.405 3.31062
0.406 3.31139
0.407 3.31215
0.408 3.31292
0.409 3.31368
0.41 3.31443
0.411 3.31519
0.412 3.31594
0.413 3.31669
0.414 3.31744
0.415 3.31818
0.416 3.31892
0.417 3.31966
0.418 3.3204
0.419 3.32113
0.42 3.32186
0.421 3.32259
0.422 3.32332
0.423 3.32404
0.424 3.32476
0.425 3.32548
0.426 3.32619
0.427 3.32691
0.428 3.32762
0.429 3.32833
0.43 3.32903
0.431 3.32974
0.432 3.33044
0.433 3.33114
0.434 3.33183
0.435 3.33253
0.436 3.33322
0.437 3.33391
0.438 3.3346
0.439 3.33528
0.44 3.33596
0.441 3.33664
0.442 3.33732
0.443 3.338
0.444 3.33867
0.445 3.33934
0.446 3.34001
0.447 3.34068
0.448 3.34134
0.449 3.342
0.45 3.34266
0.451 3.34332
0.452 3.34397
0.453 3.34463
0.454 3.34528
0.455 3.34593
0.456 3.34657
0.457 3.34722
0.458 3.34786
0.459 3.3485
0.46 3.34914
0.461 3.34977
0.462 3.35041
0.463 3.35104
0.464 3.35167
0.465 3.3523
0.466 3.35292
0.467 3.35354
0.468 3.35417
0.469 3.35478
0.47 3.3554
0.471 3.35602
0.472 3.35663
0.473 3.35724
0.474 3.35785
0.475 3.35846
0.476 3.35906
0.477 3.35967
0.478 3.36027
0.479 3.36087
0.48 3.36146
0.481 3.36206
0.482 3.36265
0.483 3.36324
0.484 3.36383
0.485 3.36442
0.486 3.36501
0.487 3.36559
0.488 3.36617
0.489 3.36675
0.49 3.36733
0.491 3.36791
0.492 3.36848
0.493 3.36905
0.494 3.36962
0.495 3.37019
0.496 3.37076
0.497 3.37132
0.498 3.37189
0.499 3.37245
0.5 3.37301
0.501 3.37357
0.502 3.37412
0.503 3.37468
0.504 3.37523
0.505 3.37578
0.506 3.37633
0.507 3.37688
0.508 3.37742
0.509 3.37796
0.51 3.37851
0.511 3.37905
0.512 3.37958
0.513 3.38012
0.514 3.38066
0.515 3.38119
0.516 3.38172
0.517 3.38225
0.518 3.38278
0.519 3.3833
0.52 3.38383
0.521 3.38435
0.522 3.38487
0.523 3.38539
0.524 3.38591
0.525 3.38642
0.526 3.38694
0.527 3.38745
0.528 3.38796
0.529 3.38847
0.53 3.38898
0.531 3.38948
0.532 3.38999
0.533 3.39049
0.534 3.39099
0.535 3.39149
0.536 3.39199
0.537 3.39248
0.538 3.39298
0.539 3.39347
0.54 3.39396
0.541 3.39445
0.542 3.39494
0.543 3.39542
0.544 3.39591
0.545 3.39639
0.546 3.39687
0.547 3.39735
0.548 3.39783
0.549 3.3983
0.55 3.39878
0.551 3.39925
0.552 3.39972
0.553 3.40019
0.554 3.40066
0.555 3.40112
0.556 3.40159
0.557 3.40205
0.558 3.40251
0.559 3.40297
0.56 3.40343
0.561 3.40388
0.562 3.40434
0.563 3.40479
0.564 3.40524
0.565 3.40569
0.566 3.40614
0.567 3.40659
0.568 3.40703
0.569 3.40747
0.57 3.40791
0.571 3.40835
0.572 3.40879
0.573 3.40923
0.574 3.40966
0.575 3.4101
0.576 3.41053
0.577 3.41096
0.578 3.41139
0.579 3.41181
0.58 3.41224
0.581 3.41266
0.582 3.41308
0.583 3.4135
0.584 3.41392
0.585 3.41434
0.586 3.41476
0.587 3.41517
0.588 3.41558
0.589 3.41599
0.59 3.4164
0.591 3.41681
0.592 3.41721
0.593 3.41761
0.594 3.41802
0.595 3.41842
0.596 3.41881
0.597 3.41921
0.598 3.41961
0.599 3.42
0.6 3.42039
0.601 3.42078
0.602 3.42117
0.603 3.42155
0.604 3.42194
0.605 3.42232
0.606 3.4227
0.607 3.42308
0.608 3.42346
0.609 3.42384
0.61 3.42421
0.611 3.42458
0.612 3.42495
0.613 3.42532
0.614 3.42569
0.615 3.42605
0.616 3.42642
0.617 3.42678
0.618 3.42714
0.619 3.4275
0.62 3.42785
0.621 3.42821
0.622 3.42856
0.623 3.42891
0.624 3.42926
0.625 3.4296
0.626 3.42995
0.627 3.43029
0.628 3.43063
0.629 3.43097
0.63 3.43131
0.631 3.43164
0.632 3.43197
0.633 3.4323
0.634 3.43263
0.635 3.43296
0.636 3.43328
0.637 3.4336
0.638 3.43392
0.639 3.43424
0.64 3.43456
0.641 3.43487
0.642 3.43518
0.643 3.43549
0.644 3.4358
0.645 3.4361
0.646 3.43641
0.647 3.43671
0.648 3.437
0.649 3.4373
0.65 3.43759
0.651 3.43788
0.652 3.43817
0.653 3.43846
0.654 3.43874
0.655 3.43902
0.656 3.4393
0.657 3.43957
0.658 3.43984
0.659 3.44011
0.66 3.44038
0.661 3.44064
0.662 3.44091
0.663 3.44116
0.664 3.44142
0.665 3.44167
0.666 3.44192
0.667 3.44217
0.668 3.44241
0.669 3.44265
0.67 3.44289
0.671 3.44312
0.672 3.44335
0.673 3.44358
0.674 3.4438
0.675 3.44402
0.676 3.44424
0.677 3.44445
0.678 3.44466
0.679 3.44487
0.68 3.44507
0.681 3.44527
0.682 3.44546
0.683 3.44565
0.684 3.44584
0.685 3.44602
0.686 3.4462
0.687 3.44637
0.688 3.44654
0.689 3.44671
0.69 3.44686
0.691 3.44702
0.692 3.44717
0.693 3.44732
0.694 3.44746
0.695 3.44759
0.696 3.44772
0.697 3.44785
0.698 3.44797
0.699 3.44808
0.7 3.44819
0.701 3.44829
0.702 3.44839
0.703 3.44848
0.704 3.44857
0.705 3.44864
0.706 3.44872
0.707 3.44878
0.708 3.44884
0.709 3.4489
0.71 3.44894
0.711 3.44898
0.712 3.44901
0.713 3.44904
0.714 3.44906
0.715 3.44907
0.716 3.44907
0.717 3.44906
0.718 3.44905
0.719 3.44903
0.72 3.449
0.721 3.44896
0.722 3.44891
0.723 3.44886
0.724 3.44879
0.725 3.44872
0.726 3.44863
0.727 3.44854
0.728 3.44844
0.729 3.44832
0.73 3.4482
0.731 3.44807
0.732 3.44793
0.733 3.44777
0.734 3.44761
0.735 3.44743
0.736 3.44724
0.737 3.44704
0.738 3.44683
0.739 3.44661
0.74 3.44638
0.741 3.44613
0.742 3.44587
0.743 3.4456
0.744 3.44532
0.745 3.44502
0.746 3.44471
0.747 3.44438
0.748 3.44405
0.749 3.44369
0.75 3.44333
0.751 3.44295
0.752 3.44255
0.753 3.44214
0.754 3.44172
0.755 3.44128
0.756 3.44082
0.757 3.44035
0.758 3.43986
0.759 3.43936
0.76 3.43884
0.761 3.43831
0.762 3.43776
0.763 3.43719
0.764 3.4366
0.765 3.436
0.766 3.43538
0.767 3.43474
0.768 3.43408
0.769 3.43341
0.77 3.43272
0.771 3.43201
0.772 3.43128
0.773 3.43053
0.774 3.42976
0.775 3.42898
0.776 3.42817
0.777 3.42735
0.778 3.42651
0.779 3.42565
0.78 3.42476
0.781 3.42386
0.782 3.42294
0.783 3.422
0.784 3.42104
0.785 3.42006
0.786 3.41905
0.787 3.41803
0.788 3.41699
0.789 3.41593
0.79 3.41484
0.791 3.41374
0.792 3.41262
0.793 3.41147
0.794 3.41031
0.795 3.40912
0.796 3.40792
0.797 3.40669
0.798 3.40544
0.799 3.40418
0.8 3.40289
0.801 3.40158
0.802 3.40025
0.803 3.3989
0.804 3.39754
0.805 3.39615
0.806 3.39474
0.807 3.39331
0.808 3.39187
0.809 3.3904
0.81 3.38892
0.811 3.38741
0.812 3.38589
0.813 3.38435
0.814 3.38279
0.815 3.38121
0.816 3.37962
0.817 3.378
0.818 3.37637
0.819 3.37472
0.82 3.37306
0.821 3.37138
0.822 3.36968
0.823 3.36797
0.824 3.36624
0.825 3.36449
0.826 3.36273
0.827 3.36096
0.828 3.35917
0.829 3.35737
0.83 3.35555
0.831 3.35372
0.832 3.35188
0.833 3.35003
0.834 3.34816
0.835 3.34628
0.836 3.34439
0.837 3.34249
0.838 3.34058
0.839 3.33866
0.84 3.33674
0.841 3.3348
0.842 3.33285
0.843 3.3309
0.844 3.32894
0.845 3.32697
0.846 3.32499
0.847 3.32301
0.848 3.32102
0.849 3.31903
0.85 3.31703
0.851 3.31503
0.852 3.31302
0.853 3.31102
0.854 3.309
0.855 3.30699
0.856 3.30497
0.857 3.30296
0.858 3.30094
0.859 3.29892
0.86 3.2969
0.861 3.29488
0.862 3.29287
0.863 3.29085
0.864 3.28884
0.865 3.28682
0.866 3.28481
0.867 3.28281
0.868 3.28081
0.869 3.27881
0.87 3.27681
0.871 3.27482
0.872 3.27284
0.873 3.27086
0.874 3.26889
0.875 3.26692
0.876 3.26496
0.877 3.26301
0.878 3.26106
0.879 3.25913
0.88 3.2572
0.881 3.25528
0.882 3.25337
0.883 3.25146
0.884 3.24957
0.885 3.24769
0.886 3.24581
0.887 3.24395
0.888 3.2421
0.889 3.24026
0.89 3.23843
0.891 3.23661
0.892 3.2348
0.893 3.233
0.894 3.23122
0.895 3.22945
0.896 3.22769
0.897 3.22594
0.898 3.22421
0.899 3.22249
0.9 3.22078
0.901 3.21908
0.902 3.2174
0.903 3.21574
0.904 3.21408
0.905 3.21244
0.906 3.21081
0.907 3.2092
0.908 3.2076
0.909 3.20602
0.91 3.20445
0.911 3.20289
0.912 3.20135
0.913 3.19982
0.914 3.19831
0.915 3.19681
0.916 3.19532
0.917 3.19385
0.918 3.1924
0.919 3.19096
0.92 3.18953
0.921 3.18812
0.922 3.18672
0.923 3.18534
0.924 3.18397
0.925 3.18262
0.926 3.18128
0.927 3.17995
0.928 3.17864
0.929 3.17734
0.93 3.17606
0.931 3.17479
0.932 3.17354
0.933 3.1723
0.934 3.17107
0.935 3.16986
0.936 3.16866
0.937 3.16747
0.938 3.1663
0.939 3.16514
0.94 3.164
0.941 3.16287
0.942 3.16175
0.943 3.16065
0.944 3.15956
0.945 3.15848
0.946 3.15741
0.947 3.15636
0.948 3.15532
0.949 3.1543
0.95 3.15328
0.951 3.15228
0.952 3.15129
0.953 3.15031
0.954 3.14935
0.955 3.14839
0.956 3.14745
0.957 3.14652
0.958 3.14561
0.959 3.1447
0.96 3.14381
0.961 3.14292
0.962 3.14205
0.963 3.14119
0.964 3.14034
0.965 3.1395
0.966 3.13867
0.967 3.13786
0.968 3.13705
0.969 3.13625
0.97 3.13547
0.971 3.13469
0.972 3.13392
0.973 3.13317
0.974 3.13242
0.975 3.13169
0.976 3.13096
0.977 3.13024
0.978 3.12954
0.979 3.12884
0.98 3.12815
0.981 3.12747
0.982 3.1268
0.983 3.12614
0.984 3.12548
0.985 3.12484
0.986 3.12421
0.987 3.12358
0.988 3.12296
0.989 3.12235
0.99 3.12175
0.991 3.12116
0.992 3.12057
0.993 3.11999
0.994 3.11942
0.995 3.11886
0.996 3.11831
0.997 3.11776
0.998 3.11722
0.999 3.11669
1 3.11616
1.001 5
