0 0
0.001 0.513899
0.002 0.519811
0.003 0.525736
0.004 0.531674
0.005 0.537624
0.006 0.543586
0.007 0.549559
0.008 0.555544
0.009 0.56154
0.01 0.567547
0.011 0.573564
0.012 0.579591
0.013 0.585628
0.014 0.591674
0.015 0.59773
0.016 0.603794
0.017 0.609867
0.018 0.615948
0.019 0.622037
0.02 0.628133
0.021 0.634236
0.022 0.640346
0.023 0.646462
0.024 0.652584
0.025 0.658712
0.026 0.664845
0.027 0.670983
0.028 0.677126
0.029 0.683272
0.03 0.689423
0.031 0.695576
0.032 0.701733
0.033 0.707892
0.034 0.714053
0.035 0.720216
0.036 0.72638
0.037 0.732545
0.038 0.738711
0.039 0.744876
0.04 0.751042
0.041 0.757206
0.042 0.76337
0.043 0.769532
0.044 0.775692
0.045 0.78185
0.046 0.788004
0.047 0.794156
0.048 0.800304
0.049 0.806449
0.05 0.812588
0.051 0.818723
0.052 0.824853
0.053 0.830977
0.054 0.837095
0.055 0.843207
0.056 0.849312
0.057 0.855409
0.058 0.861499
0.059 0.867581
0.06 0.873655
0.061 0.87972
0.062 0.885776
0.063 0.891822
0.064 0.897858
0.065 0.903884
0.066 0.9099
0.067 0.915905
0.068 0.921898
0.069 0.927879
0.07 0.933849
0.071 0.939806
0.072 0.945751
0.073 0.951683
0.074 0.957601
0.075 0.963505
0.076 0.969396
0.077 0.975273
0.078 0.981135
0.079 0.986982
0.08 0.992814
0.081 0.998631
0.082 1.00443
0.083 1.01022
0.084 1.01599
0.085 1.02174
0.086 1.02748
0.087 1.0332
0.088 1.0389
0.089 1.04458
0.09 1.05025
0.091 1.0559
0.092 1.06153
0.093 1.06715
0.094 1.07274
0.095 1.07832
0.096 1.08388
0.097 1.08942
0.098 1.09494
0.099 1.10044
0.1 1.10593
0.101 1.11139
0.102 1.11684
0.103 1.12226
0.104 1.12767
0.105 1.13305
0.106 1.13842
0.107 1.14377
0.108 1.1491
0.109 1.1544
0.11 1.15969
0.111 1.16496
0.112 1.17021
0.113 1.17543
0.114 1.18064
0.115 1.18583
0.116 1.191
0.117 1.19614
0.118 1.20127
0.119 1.20638
0.12 1.21146
0.121 1.21653
0.122 1.22158
0.123 1.2266
0.124 1.23161
0.125 1.2366
0.126 1.24156
0.127 1.24651
0.128 1.25144
0.129 1.25635
0.13 1.26124
0.131 1.2661
0.132 1.27095
0.133 1.27578
0.134 1.28059
0.135 1.28539
0.136 1.29016
0.137 1.29491
0.138 1.29965
0.139 1.30436
0.14 1.30906
0.141 1.31374
0.142 1.3184
0.143 1.32304
0.144 1.32766
0.145 1.33227
0.146 1.33685
0.147 1.34142
0.148 1.34597
0.149 1.35051
0.15 1.35502
0.151 1.35952
0.152 1.364
0.153 1.36847
0.154 1.37291
0.155 1.37734
0.156 1.38176
0.157 1.38615
0.158 1.39053
0.159 1.3949
0.16 1.39925
0.161 1.40358
0.162 1.4079
0.163 1.4122
0.164 1.41648
0.165 1.42075
0.166 1.42501
0.167 1.42924
0.168 1.43347
0.169 1.43768
0.17 1.44187
0.171 1.44605
0.172 1.45022
0.173 1.45437
0.174 1.45851
0.175 1.46263
0.176 1.46674
0.177 1.47084
0.178 1.47492
0.179 1.47899
0.18 1.48304
0.181 1.48708
0.182 1.49111
0.183 1.49513
0.184 1.49913
0.185 1.50312
0.186 1.5071
0.187 1.51107
0.188 1.51502
0.189 1.51896
0.19 1.52289
0.191 1.52681
0.192 1.53072
0.193 1.53461
0.194 1.5385
0.195 1.54237
0.196 1.54623
0.197 1.55008
0.198 1.55392
0.199 1.55775
0.2 1.56157
0.201 1.56538
0.202 1.56917
0.203 1.57296
0.204 1.57674
0.205 1.5805
0.206 1.58426
0.207 1.58801
0.208 1.59174
0.209 1.59547
0.21 1.59919
0.211 1.6029
0.212 1.6066
0.213 1.61029
0.214 1.61397
0.215 1.61765
0.216 1.62131
0.217 1.62496
0.218 1.62861
0.219 1.63225
0.22 1.63588
0.221 1.6395
0.222 1.64312
0.223 1.64672
0.224 1.65032
0.225 1.65391
0.226 1.65749
0.227 1.66107
0.228 1.66463
0.229 1.66819
0.23 1.67174
0.231 1.67529
0.232 1.67883
0.233 1.68236
0.234 1.68588
0.235 1.6894
0.236 1.69291
0.237 1.69641
0.238 1.69991
0.239 1.7034
0.24 1.70688
0.241 1.71036
0.242 1.71383
0.243 1.7173
0.244 1.72076
0.245 1.72421
0.246 1.72766
0.247 1.7311
0.248 1.73453
0.249 1.73796
0.25 1.74139
0.251 1.7448
0.252 1.74822
0.253 1.75162
0.254 1.75503
0.255 1.75842
0.256 1.76182
0.257 1.7652
0.258 1.76858
0.259 1.77196
0.26 1.77533
0.261 1.7787
0.262 1.78206
0.263 1.78542
0.264 1.78877
0.265 1.79212
0.266 1.79546
0.267 1.7988
0.268 1.80214
0.269 1.80547
0.27 1.8088
0.271 1.81212
0.272 1.81544
0.273 1.81875
0.274 1.82206
0.275 1.82537
0.276 1.82867
0.277 1.83197
0.278 1.83526
0.279 1.83855
0.28 1.84184
0.281 1.84513
0.282 1.84841
0.283 1.85168
0.284 1.85496
0.285 1.85823
0.286 1.86149
0.287 1.86476
0.288 1.86802
0.289 1.87127
0.29 1.87453
0.291 1.87778
0.292 1.88103
0.293 1.88427
0.294 1.88751
0.295 1.89075
0.296 1.89399
0.297 1.89722
0.298 1.90045
0.299 1.90368
0.3 1.9069
0.301 1.91012
0.302 1.91334
0.303 1.91656
0.304 1.91978
0.305 1.92299
0.306 1.9262
0.307 1.9294
0.308 1.93261
0.309 1.93581
0.31 1.93901
0.311 1.94221
0.312 1.94541
0.313 1.9486
0.314 1.95179
0.315 1.95498
0.316 1.95817
0.317 1.96135
0.318 1.96454
0.319 1.96772
0.32 1.9709
0.321 1.97407
0.322 1.97725
0.323 1.98042
0.324 1.9836
0.325 1.98677
0.326 1.98994
0.327 1.9931
0.328 1.99627
0.329 1.99943
0.33 2.00259
0.331 2.00576
0.332 2.00891
0.333 2.01207
0.334 2.01523
0.335 2.01838
0.336 2.02154
0.337 2.02469
0.338 2.02784
0.339 2.03099
0.34 2.03414
0.341 2.03728
0.342 2.04043
0.343 2.04358
0.344 2.04672
0.345 2.04986
0.346 2.053
0.347 2.05614
0.348 2.05928
0.349 2.06242
0.35 2.06556
0.351 2.0687
0.352 2.07183
0.353 2.07497
0.354 2.0781
0.355 2.08123
0.356 2.08437
0.357 2.0875
0.358 2.09063
0.359 2.09376
0.36 2.09689
0.361 2.10002
0.362 2.10315
0.363 2.10628
0.364 2.10941
0.365 2.11253
0.366 2.11566
0.367 2.11879
0.368 2.12191
0.369 2.12504
0.37 2.12817
0.371 2.13129
0.372 2.13442
0.373 2.13754
0.374 2.14067
0.375 2.14379
0.376 2.14692
0.377 2.15004
0.378 2.15317
0.379 2.15629
0.38 2.15942
0.381 2.16254
0.382 2.16567
0.383 2.16879
0.384 2.17192
0.385 2.17504
0.386 2.17817
0.387 2.1813
0.388 2.18442
0.389 2.18755
0.39 2.19068
0.391 2.19381
0.392 2.19694
0.393 2.20007
0.394 2.2032
0.395 2.20633
0.396 2.20946
0.397 2.21259
0.398 2.21573
0.399 2.21886
0.4 2.222
0.401 2.22513
0.402 2.22827
0.403 2.23141
0.404 2.23455
0.405 2.23769
0.406 2.24083
0.407 2.24397
0.408 2.24712
0.409 2.25026
0.41 2.25341
0.411 2.25656
0.412 2.25971
0.413 2.26286
0.414 2.26601
0.415 2.26916
0.416 2.27232
0.417 2.27548
0.418 2.27864
0.419 2.2818
0.42 2.28496
0.421 2.28813
0.422 2.29129
0.423 2.29446
0.424 2.29763
0.425 2.30081
0.426 2.30398
0.427 2.30716
0.428 2.31034
0.429 2.31352
0.43 2.31671
0.431 2.3199
0.432 2.32309
0.433 2.32628
0.434 2.32947
0.435 2.33267
0.436 2.33587
0.437 2.33908
0.438 2.34228
0.439 2.34549
0.44 2.3487
0.441 2.35192
0.442 2.35514
0.443 2.35836
0.444 2.36159
0.445 2.36481
0.446 2.36805
0.447 2.37128
0.448 2.37452
0.449 2.37776
0.45 2.38101
0.451 2.38426
0.452 2.38752
0.453 2.39077
0.454 2.39404
0.455 2.3973
0.456 2.40057
0.457 2.40385
0.458 2.40712
0.459 2.41041
0.46 2.4137
0.461 2.41699
0.462 2.42028
0.463 2.42358
0.464 2.42689
0.465 2.4302
0.466 2.43352
0.467 2.43684
0.468 2.44016
0.469 2.44349
0.47 2.44683
0.471 2.45017
0.472 2.45352
0.473 2.45687
0.474 2.46022
0.475 2.46359
0.476 2.46696
0.477 2.47033
0.478 2.47371
0.479 2.4771
0.48 2.48049
0.481 2.48389
0.482 2.48729
0.483 2.4907
0.484 2.49412
0.485 2.49754
0.486 2.50097
0.487 2.50441
0.488 2.50785
0.489 2.5113
0.49 2.51476
0.491 2.51822
0.492 2.52169
0.493 2.52517
0.494 2.52866
0.495 2.53215
0.496 2.53565
0.497 2.53916
0.498 2.54267
0.499 2.5462
0.5 2.54973
0.501 2.55327
0.502 2.55682
0.503 2.56037
0.504 2.56394
0.505 2.56751
0.506 2.57109
0.507 2.57468
0.508 2.57827
0.509 2.58188
0.51 2.5855
0.511 2.58912
0.512 2.59275
0.513 2.5964
0.514 2.60005
0.515 2.60371
0.516 2.60738
0.517 2.61106
0.518 2.61475
0.519 2.61845
0.52 2.62216
0.521 2.62588
0.522 2.62961
0.523 2.63336
0.524 2.63711
0.525 2.64087
0.526 2.64464
0.527 2.64842
0.528 2.65222
0.529 2.65602
0.53 2.65984
0.531 2.66367
0.532 2.66751
0.533 2.67136
0.534 2.67522
0.535 2.6791
0.536 2.68298
0.537 2.68688
0.538 2.69079
0.539 2.69471
0.54 2.69865
0.541 2.7026
0.542 2.70656
0.543 2.71053
0.544 2.71451
0.545 2.71851
0.546 2.72253
0.547 2.72655
0.548 2.73059
0.549 2.73464
0.55 2.73871
0.551 2.74279
0.552 2.74689
0.553 2.751
0.554 2.75512
0.555 2.75926
0.556 2.76341
0.557 2.76758
0.558 2.77176
0.559 2.77596
0.56 2.78017
0.561 2.7844
0.562 2.78864
0.563 2.7929
0.564 2.79718
0.565 2.80147
0.566 2.80577
0.567 2.8101
0.568 2.81444
0.569 2.8188
0.57 2.82317
0.571 2.82756
0.572 2.83197
0.573 2.83639
0.574 2.84084
0.575 2.8453
0.576 2.84977
0.577 2.85427
0.578 2.85878
0.579 2.86332
0.58 2.86787
0.581 2.87244
0.582 2.87703
0.583 2.88163
0.584 2.88626
0.585 2.89091
0.586 2.89557
0.587 2.90026
0.588 2.90497
0.589 2.90969
0.59 2.91444
0.591 2.9192
0.592 2.92399
0.593 2.9288
0.594 2.93363
0.595 2.93848
0.596 2.94335
0.597 2.94825
0.598 2.95316
0.599 2.9581
0.6 2.96306
0.601 2.96804
0.602 2.97305
0.603 2.97808
0.604 2.98313
0.605 2.9882
0.606 2.9933
0.607 2.99843
0.608 3.00357
0.609 3.00874
0.61 3.01394
0.611 3.01916
0.612 3.0244
0.613 3.02967
0.614 3.03496
0.615 3.04029
0.616 3.04563
0.617 3.051
0.618 3.0564
0.619 3.06183
0.62 3.06728
0.621 3.07276
0.622 3.07826
0.623 3.08379
0.624 3.08936
0.625 3.09494
0.626 3.10056
0.627 3.10621
0.628 3.11188
0.629 3.11758
0.63 3.12331
0.631 3.12907
0.632 3.13487
0.633 3.14069
0.634 3.14654
0.635 3.15242
0.636 3.15833
0.637 3.16427
0.638 3.17025
0.639 3.17625
0.64 3.18229
0.641 3.18836
0.642 3.19446
0.643 3.2006
0.644 3.20677
0.645 3.21297
0.646 3.2192
0.647 3.22547
0.648 3.23177
0.649 3.23811
0.65 3.24448
0.651 3.25088
0.652 3.25732
0.653 3.2638
0.654 3.27031
0.655 3.27686
0.656 3.28344
0.657 3.29007
0.658 3.29672
0.659 3.30342
0.66 3.31015
0.661 3.31692
0.662 3.32373
0.663 3.33058
0.664 3.33747
0.665 3.34439
0.666 3.35136
0.667 3.35836
0.668 3.36541
0.669 3.37249
0.67 3.37962
0.671 3.38679
0.672 3.39399
0.673 3.40124
0.674 3.40854
0.675 3.41587
0.676 3.42325
0.677 3.43067
0.678 3.43813
0.679 3.44564
0.68 3.45319
0.681 3.46079
0.682 3.46843
0.683 3.47612
0.684 3.48385
0.685 3.49163
0.686 3.49945
0.687 3.50732
0.688 3.51524
0.689 3.5232
0.69 3.53122
0.691 3.53928
0.692 3.54738
0.693 3.55554
0.694 3.56375
0.695 3.572
0.696 3.5803
0.697 3.58866
0.698 3.59706
0.699 3.60552
0.7 3.61403
0.701 3.62258
0.702 3.63119
0.703 3.63986
0.704 3.64857
0.705 3.65734
0.706 3.66616
0.707 3.67503
0.708 3.68396
0.709 3.69295
0.71 3.70198
0.711 3.71108
0.712 3.72022
0.713 3.72943
0.714 3.73869
0.715 3.748
0.716 3.75737
0.717 3.7668
0.718 3.77629
0.719 3.78584
0.72 3.79544
0.721 3.8051
0.722 3.81482
0.723 3.8246
0.724 3.83444
0.725 3.84434
0.726 3.8543
0.727 3.86432
0.728 3.8744
0.729 3.88454
0.73 3.89475
0.731 3.90501
0.732 3.91534
0.733 3.92573
0.734 3.93618
0.735 3.9467
0.736 3.95727
0.737 3.96792
0.738 3.97862
0.739 3.98939
0.74 4.00023
0.741 4.01113
0.742 4.02209
0.743 4.03312
0.744 4.04422
0.745 4.05538
0.746 4.06661
0.747 4.0779
0.748 4.08926
0.749 4.10068
0.75 4.11218
0.751 4.12374
0.752 4.13537
0.753 4.14706
0.754 4.15883
0.755 4.17066
0.756 4.18256
0.757 4.19452
0.758 4.20656
0.759 4.21866
0.76 4.23084
0.761 4.24308
0.762 4.25539
0.763 4.26777
0.764 4.28022
0.765 4.29274
0.766 4.30532
0.767 4.31798
0.768 4.3307
0.769 4.3435
0.77 4.35636
0.771 4.3693
0.772 4.3823
0.773 4.39537
0.774 4.40852
0.775 4.42173
0.776 4.43501
0.777 4.44836
0.778 4.46178
0.779 4.47527
0.78 4.48882
0.781 4.50245
0.782 4.51614
0.783 4.52991
0.784 4.54374
0.785 4.55764
0.786 4.5716
0.787 4.58564
0.788 4.59974
0.789 4.61391
0.79 4.62815
0.791 4.64245
0.792 4.65682
0.793 4.67125
0.794 4.68575
0.795 4.70032
0.796 4.71495
0.797 4.72964
0.798 4.7444
0.799 4.75923
0.8 4.77411
0.801 4.78906
0.802 4.80407
0.803 4.81914
0.804 4.83427
0.805 4.84946
0.806 4.86471
0.807 4.88003
0.808 4.89539
0.809 4.91082
0.81 4.92631
0.811 4.94185
0.812 4.95744
0.813 4.97309
0.814 4.9888
0.815 5.00456
0.816 5.02037
0.817 5.03623
0.818 5.05215
0.819 5.06811
0.82 5.08412
0.821 5.10018
0.822 5.11629
0.823 5.13244
0.824 5.14864
0.825 5.16489
0.826 5.18117
0.827 5.1975
0.828 5.21387
0.829 5.23028
0.83 5.24673
0.831 5.26321
0.832 5.27973
0.833 5.29629
0.834 5.31288
0.835 5.3295
0.836 5.34616
0.837 5.36284
0.838 5.37956
0.839 5.3963
0.84 5.41307
0.841 5.42986
0.842 5.44668
0.843 5.46351
0.844 5.48037
0.845 5.49725
0.846 5.51415
0.847 5.53106
0.848 5.54799
0.849 5.56493
0.85 5.58188
0.851 5.59884
0.852 5.61581
0.853 5.63279
0.854 5.64978
0.855 5.66677
0.856 5.68376
0.857 5.70075
0.858 5.71774
0.859 5.73473
0.86 5.75172
0.861 5.7687
0.862 5.78567
0.863 5.80263
0.864 5.81958
0.865 5.83653
0.866 5.85345
0.867 5.87036
0.868 5.88726
0.869 5.90413
0.87 5.92098
0.871 5.93782
0.872 5.95462
0.873 5.9714
0.874 5.98816
0.875 6.00488
0.876 6.02157
0.877 6.03823
0.878 6.05486
0.879 6.07145
0.88 6.088
0.881 6.10451
0.882 6.12098
0.883 6.13741
0.884 6.15379
0.885 6.17013
0.886 6.18642
0.887 6.20266
0.888 6.21885
0.889 6.23498
0.89 6.25106
0.891 6.26708
0.892 6.28305
0.893 6.29895
0.894 6.3148
0.895 6.33058
0.896 6.3463
0.897 6.36195
0.898 6.37753
0.899 6.39305
0.9 6.40849
0.901 6.42387
0.902 6.43917
0.903 6.45439
0.904 6.46954
0.905 6.48461
0.906 6.4996
0.907 6.51451
0.908 6.52934
0.909 6.54409
0.91 6.55875
0.911 6.57332
0.912 6.58781
0.913 6.60221
0.914 6.61652
0.915 6.63074
0.916 6.64487
0.917 6.6589
0.918 6.67284
0.919 6.68669
0.92 6.70044
0.921 6.71409
0.922 6.72764
0.923 6.74109
0.924 6.75445
0.925 6.7677
0.926 6.78085
0.927 6.79389
0.928 6.80684
0.929 6.81967
0.93 6.8324
0.931 6.84503
0.932 6.85755
0.933 6.86996
0.934 6.88226
0.935 6.89445
0.936 6.90654
0.937 6.91851
0.938 6.93037
0.939 6.94212
0.94 6.95376
0.941 6.96529
0.942 6.97671
0.943 6.98801
0.944 6.99919
0.945 7.01027
0.946 7.02123
0.947 7.03207
0.948 7.0428
0.949 7.05342
0.95 7.06392
0.951 7.07431
0.952 7.08458
0.953 7.09473
0.954 7.10477
0.955 7.11469
0.956 7.1245
0.957 7.1342
0.958 7.14377
0.959 7.15324
0.96 7.16258
0.961 7.17181
0.962 7.18093
0.963 7.18993
0.964 7.19882
0.965 7.20759
0.966 7.21625
0.967 7.2248
0.968 7.23323
0.969 7.24155
0.97 7.24976
0.971 7.25785
0.972 7.26583
0.973 7.2737
0.974 7.28146
0.975 7.28911
0.976 7.29665
0.977 7.30408
0.978 7.3114
0.979 7.31861
0.98 7.32571
0.981 7.33271
0.982 7.3396
0.983 7.34638
0.984 7.35306
0.985 7.35963
0.986 7.3661
0.987 7.37247
0.988 7.37873
0.989 7.3849
0.99 7.39096
0.991 7.39692
0.992 7.40278
0.993 7.40854
0.994 7.41421
0.995 7.41977
0.996 7.42524
0.997 7.43062
0.998 7.4359
0.999 7.44108
1 7.44618
1.001 0
