0 -10
0.001 -6.22818
0.002 -6.2152
0.003 -6.20218
0.004 -6.18914
0.005 -6.17608
0.006 -6.16298
0.007 -6.14986
0.008 -6.13672
0.009 -6.12355
0.01 -6.11035
0.011 -6.09713
0.012 -6.08389
0.013 -6.07062
0.014 -6.05733
0.015 -6.04402
0.016 -6.03069
0.017 -6.01734
0.018 -6.00397
0.019 -5.99058
0.02 -5.97717
0.021 -5.96375
0.022 -5.9503
0.023 -5.93685
0.024 -5.92337
0.025 -5.90988
0.026 -5.89638
0.027 -5.88286
0.028 -5.86933
0.029 -5.85579
0.03 -5.84224
0.031 -5.82868
0.032 -5.81511
0.033 -5.80153
0.034 -5.78794
0.035 -5.77435
0.036 -5.76075
0.037 -5.74714
0.038 -5.73353
0.039 -5.71992
0.04 -5.7063
0.041 -5.69269
0.042 -5.67907
0.043 -5.66545
0.044 -5.65183
0.045 -5.63821
0.046 -5.62459
0.047 -5.61098
0.048 -5.59737
0.049 -5.58376
0.05 -5.57016
0.051 -5.55657
0.052 -5.54299
0.053 -5.52941
0.054 -5.51584
0.055 -5.50228
0.056 -5.48873
0.057 -5.4752
0.058 -5.46168
0.059 -5.44816
0.06 -5.43467
0.061 -5.42119
0.062 -5.40772
0.063 -5.39427
0.064 -5.38084
0.065 -5.36742
0.066 -5.35403
0.067 -5.34065
0.068 -5.3273
0.069 -5.31397
0.07 -5.30066
0.071 -5.28737
0.072 -5.2741
0.073 -5.26086
0.074 -5.24765
0.075 -5.23446
0.076 -5.22129
0.077 -5.20816
0.078 -5.19505
0.079 -5.18197
0.08 -5.16892
0.081 -5.1559
0.082 -5.14291
0.083 -5.12995
0.084 -5.11702
0.085 -5.10413
0.086 -5.09127
0.087 -5.07844
0.088 -5.06565
0.089 -5.05289
0.09 -5.04017
0.091 -5.02748
0.092 -5.01483
0.093 -5.00222
0.094 -4.98964
0.095 -4.9771
0.096 -4.9646
0.097 -4.95214
0.098 -4.93972
0.099 -4.92734
0.1 -4.915
0.101 -4.9027
0.102 -4.89044
0.103 -4.87822
0.104 -4.86604
0.105 -4.8539
0.106 -4.84181
0.107 -4.82976
0.108 -4.81775
0.109 -4.80578
0.11 -4.79386
0.111 -4.78198
0.112 -4.77015
0.113 -4.75836
0.114 -4.74661
0.115 -4.73491
0.116 -4.72326
0.117 -4.71164
0.118 -4.70008
0.119 -4.68856
0.12 -4.67708
0.121 -4.66565
0.122 -4.65426
0.123 -4.64292
0.124 -4.63163
0.125 -4.62038
0.126 -4.60918
0.127 -4.59802
0.128 -4.58691
0.129 -4.57585
0.13 -4.56483
0.131 -4.55386
0.132 -4.54293
0.133 -4.53205
0.134 -4.52122
0.135 -4.51043
0.136 -4.49969
0.137 -4.48899
0.138 -4.47834
0.139 -4.46774
0.14 -4.45718
0.141 -4.44666
0.142 -4.4362
0.143 -4.42577
0.144 -4.4154
0.145 -4.40507
0.146 -4.39478
0.147 -4.38454
0.148 -4.37434
0.149 -4.36419
0.15 -4.35409
0.151 -4.34402
0.152 -4.33401
0.153 -4.32403
0.154 -4.3141
0.155 -4.30422
0.156 -4.29438
0.157 -4.28458
0.158 -4.27483
0.159 -4.26511
0.16 -4.25545
0.161 -4.24582
0.162 -4.23624
0.163 -4.2267
0.164 -4.21721
0.165 -4.20775
0.166 -4.19834
0.167 -4.18897
0.168 -4.17964
0.169 -4.17035
0.17 -4.16111
0.171 -4.1519
0.172 -4.14274
0.173 -4.13362
0.174 -4.12453
0.175 -4.11549
0.176 -4.10649
0.177 -4.09753
0.178 -4.08861
0.179 -4.07972
0.18 -4.07088
0.181 -4.06207
0.182 -4.05331
0.183 -4.04458
0.184 -4.03589
0.185 -4.02724
0.186 -4.01863
0.187 -4.01006
0.188 -4.00152
0.189 -3.99302
0.19 -3.98456
0.191 -3.97613
0.192 -3.96774
0.193 -3.95939
0.194 -3.95108
0.195 -3.9428
0.196 -3.93455
0.197 -3.92635
0.198 -3.91817
0.199 -3.91004
0.2 -3.90193
0.201 -3.89387
0.202 -3.88583
0.203 -3.87784
0.204 -3.86987
0.205 -3.86194
0.206 -3.85405
0.207 -3.84618
0.208 -3.83835
0.209 -3.83056
0.21 -3.8228
0.211 -3.81507
0.212 -3.80737
0.213 -3.7997
0.214 -3.79207
0.215 -3.78447
0.216 -3.7769
0.217 -3.76936
0.218 -3.76185
0.219 -3.75438
0.22 -3.74693
0.221 -3.73952
0.222 -3.73214
0.223 -3.72478
0.224 -3.71746
0.225 -3.71017
0.226 -3.70291
0.227 -3.69567
0.228 -3.68847
0.229 -3.68129
0.23 -3.67415
0.231 -3.66703
0.232 -3.65994
0.233 -3.65288
0.234 -3.64585
0.235 -3.63885
0.236 -3.63187
0.237 -3.62492
0.238 -3.618
0.239 -3.61111
0.24 -3.60424
0.241 -3.5974
0.242 -3.59059
0.243 -3.5838
0.244 -3.57704
0.245 -3.57031
0.246 -3.5636
0.247 -3.55692
0.248 -3.55026
0.249 -3.54363
0.25 -3.53702
0.251 -3.53044
0.252 -3.52389
0.253 -3.51736
0.254 -3.51085
0.255 -3.50437
0.256 -3.49791
0.257 -3.49148
0.258 -3.48507
0.259 -3.47868
0.26 -3.47232
0.261 -3.46598
0.262 -3.45967
0.263 -3.45338
0.264 -3.44711
0.265 -3.44086
0.266 -3.43464
0.267 -3.42844
0.268 -3.42226
0.269 -3.4161
0.27 -3.40997
0.271 -3.40386
0.272 -3.39776
0.273 -3.3917
0.274 -3.38565
0.275 -3.37962
0.276 -3.37362
0.277 -3.36763
0.278 -3.36167
0.279 -3.35573
0.28 -3.34981
0.281 -3.34391
0.282 -3.33803
0.283 -3.33217
0.284 -3.32633
0.285 -3.32051
0.286 -3.31471
0.287 -3.30893
0.288 -3.30317
0.289 -3.29742
0.29 -3.2917
0.291 -3.286
0.292 -3.28031
0.293 -3.27465
0.294 -3.269
0.295 -3.26338
0.296 -3.25777
0.297 -3.25218
0.298 -3.2466
0.299 -3.24105
0.3 -3.23551
0.301 -3.23
0.302 -3.2245
0.303 -3.21901
0.304 -3.21355
0.305 -3.2081
0.306 -3.20267
0.307 -3.19726
0.308 -3.19186
0.309 -3.18648
0.31 -3.18112
0.311 -3.17578
0.312 -3.17045
0.313 -3.16514
0.314 -3.15984
0.315 -3.15457
0.316 -3.1493
0.317 -3.14406
0.318 -3.13883
0.319 -3.13362
0.32 -3.12842
0.321 -3.12324
0.322 -3.11807
0.323 -3.11292
0.324 -3.10778
0.325 -3.10266
0.326 -3.09756
0.327 -3.09247
0.328 -3.0874
0.329 -3.08234
0.33 -3.07729
0.331 -3.07226
0.332 -3.06725
0.333 -3.06225
0.334 -3.05726
0.335 -3.05229
0.336 -3.04734
0.337 -3.04239
0.338 -3.03747
0.339 -3.03255
0.34 -3.02765
0.341 -3.02276
0.342 -3.01789
0.343 -3.01303
0.344 -3.00819
0.345 -3.00336
0.346 -2.99854
0.347 -2.99373
0.348 -2.98894
0.349 -2.98416
0.35 -2.9794
0.351 -2.97464
0.352 -2.96991
0.353 -2.96518
0.354 -2.96046
0.355 -2.95576
0.356 -2.95107
0.357 -2.9464
0.358 -2.94173
0.359 -2.93708
0.36 -2.93244
0.361 -2.92782
0.362 -2.9232
0.363 -2.9186
0.364 -2.91401
0.365 -2.90943
0.366 -2.90486
0.367 -2.9003
0.368 -2.89576
0.369 -2.89122
0.37 -2.8867
0.371 -2.88219
0.372 -2.87769
0.373 -2.8732
0.374 -2.86872
0.375 -2.86426
0.376 -2.8598
0.377 -2.85536
0.378 -2.85092
0.379 -2.8465
0.38 -2.84209
0.381 -2.83768
0.382 -2.83329
0.383 -2.82891
0.384 -2.82454
0.385 -2.82017
0.386 -2.81582
0.387 -2.81148
0.388 -2.80715
0.389 -2.80282
0.39 -2.79851
0.391 -2.79421
0.392 -2.78991
0.393 -2.78563
0.394 -2.78135
0.395 -2.77709
0.396 -2.77283
0.397 -2.76858
0.398 -2.76435
0.399 -2.76012
0.4 -2.75589
0.401 -2.75168
0.402 -2.74748
0.403 -2.74328
0.404 -2.7391
0.405 -2.73492
0.406 -2.73075
0.407 -2.72658
0.408 -2.72243
0.409 -2.71829
0.41 -2.71415
0.411 -2.71002
0.412 -2.7059
0.413 -2.70178
0.414 -2.69767
0.415 -2.69357
0.416 -2.68948
0.417 -2.6854
0.418 -2.68132
0.419 -2.67725
0.42 -2.67319
0.421 -2.66913
0.422 -2.66508
0.423 -2.66104
0.424 -2.657
0.425 -2.65297
0.426 -2.64895
0.427 -2.64493
0.428 -2.64092
0.429 -2.63692
0.43 -2.63292
0.431 -2.62893
0.432 -2.62495
0.433 -2.62097
0.434 -2.617
0.435 -2.61303
0.436 -2.60907
0.437 -2.60511
0.438 -2.60116
0.439 -2.59721
0.44 -2.59327
0.441 -2.58934
0.442 -2.58541
0.443 -2.58149
0.444 -2.57757
0.445 -2.57365
0.446 -2.56974
0.447 -2.56584
0.448 -2.56194
0.449 -2.55804
0.45 -2.55415
0.451 -2.55026
0.452 -2.54638
0.453 -2.5425
0.454 -2.53863
0.455 -2.53475
0.456 -2.53089
0.457 -2.52703
0.458 -2.52317
0.459 -2.51931
0.46 -2.51546
0.461 -2.51161
0.462 -2.50777
0.463 -2.50392
0.464 -2.50009
0.465 -2.49625
0.466 -2.49242
0.467 -2.48859
0.468 -2.48476
0.469 -2.48094
0.47 -2.47712
0.471 -2.4733
0.472 -2.46948
0.473 -2.46567
0.474 -2.46186
0.475 -2.45805
0.476 -2.45424
0.477 -2.45044
0.478 -2.44664
0.479 -2.44283
0.48 -2.43904
0.481 -2.43524
0.482 -2.43144
0.483 -2.42765
0.484 -2.42386
0.485 -2.42006
0.486 -2.41627
0.487 -2.41248
0.488 -2.4087
0.489 -2.40491
0.49 -2.40112
0.491 -2.39734
0.492 -2.39355
0.493 -2.38977
0.494 -2.38598
0.495 -2.3822
0.496 -2.37842
0.497 -2.37464
0.498 -2.37085
0.499 -2.36707
0.5 -2.36329
0.501 -2.35951
0.502 -2.35572
0.503 -2.35194
0.504 -2.34816
0.505 -2.34437
0.506 -2.34059
0.507 -2.3368
0.508 -2.33302
0.509 -2.32923
0.51 -2.32544
0.511 -2.32166
0.512 -2.31787
0.513 -2.31408
0.514 -2.31028
0.515 -2.30649
0.516 -2.30269
0.517 -2.2989
0.518 -2.2951
0.519 -2.2913
0.52 -2.2875
0.521 -2.28369
0.522 -2.27989
0.523 -2.27608
0.524 -2.27227
0.525 -2.26846
0.526 -2.26464
0.527 -2.26082
0.528 -2.257
0.529 -2.25318
0.53 -2.24936
0.531 -2.24553
0.532 -2.2417
0.533 -2.23786
0.534 -2.23402
0.535 -2.23018
0.536 -2.22634
0.537 -2.22249
0.538 -2.21864
0.539 -2.21478
0.54 -2.21093
0.541 -2.20706
0.542 -2.2032
0.543 -2.19933
0.544 -2.19545
0.545 -2.19157
0.546 -2.18769
0.547 -2.1838
0.548 -2.17991
0.549 -2.17601
0.55 -2.17211
0.551 -2.16821
0.552 -2.1643
0.553 -2.16038
0.554 -2.15646
0.555 -2.15253
0.556 -2.1486
0.557 -2.14466
0.558 -2.14072
0.559 -2.13677
0.56 -2.13282
0.561 -2.12886
0.562 -2.1249
0.563 -2.12092
0.564 -2.11695
0.565 -2.11296
0.566 -2.10897
0.567 -2.10498
0.568 -2.10097
0.569 -2.09697
0.57 -2.09295
0.571 -2.08893
0.572 -2.0849
0.573 -2.08086
0.574 -2.07682
0.575 -2.07276
0.576 -2.06871
0.577 -2.06464
0.578 -2.06057
0.579 -2.05649
0.58 -2.0524
0.581 -2.0483
0.582 -2.0442
0.583 -2.04008
0.584 -2.03596
0.585 -2.03183
0.586 -2.0277
0.587 -2.02355
0.588 -2.0194
0.589 -2.01523
0.59 -2.01106
0.591 -2.00688
0.592 -2.00269
0.593 -1.99849
0.594 -1.99428
0.595 -1.99006
0.596 -1.98584
0.597 -1.9816
0.598 -1.97735
0.599 -1.9731
0.6 -1.96883
0.601 -1.96456
0.602 -1.96027
0.603 -1.95597
0.604 -1.95166
0.605 -1.94735
0.606 -1.94302
0.607 -1.93868
0.608 -1.93433
0.609 -1.92997
0.61 -1.9256
0.611 -1.92122
0.612 -1.91682
0.613 -1.91242
0.614 -1.908
0.615 -1.90357
0.616 -1.89913
0.617 -1.89468
0.618 -1.89021
0.619 -1.88573
0.62 -1.88125
0.621 -1.87674
0.622 -1.87223
0.623 -1.8677
0.624 -1.86317
0.625 -1.85861
0.626 -1.85405
0.627 -1.84947
0.628 -1.84488
0.629 -1.84027
0.63 -1.83566
0.631 -1.83102
0.632 -1.82638
0.633 -1.82172
0.634 -1.81705
0.635 -1.81236
0.636 -1.80766
0.637 -1.80294
0.638 -1.79821
0.639 -1.79347
0.64 -1.78871
0.641 -1.78393
0.642 -1.77914
0.643 -1.77434
0.644 -1.76952
0.645 -1.76468
0.646 -1.75983
0.647 -1.75496
0.648 -1.75008
0.649 -1.74518
0.65 -1.74027
0.651 -1.73534
0.652 -1.73039
0.653 -1.72543
0.654 -1.72045
0.655 -1.71546
0.656 -1.71044
0.657 -1.70542
0.658 -1.70037
0.659 -1.69531
0.66 -1.69022
0.661 -1.68513
0.662 -1.68001
0.663 -1.67488
0.664 -1.66973
0.665 -1.66456
0.666 -1.65937
0.667 -1.65417
0.668 -1.64894
0.669 -1.6437
0.67 -1.63844
0.671 -1.63316
0.672 -1.62786
0.673 -1.62255
0.674 -1.61721
0.675 -1.61186
0.676 -1.60648
0.677 -1.60109
0.678 -1.59568
0.679 -1.59024
0.68 -1.58479
0.681 -1.57932
0.682 -1.57383
0.683 -1.56832
0.684 -1.56278
0.685 -1.55723
0.686 -1.55166
0.687 -1.54607
0.688 -1.54045
0.689 -1.53482
0.69 -1.52916
0.691 -1.52349
0.692 -1.51779
0.693 -1.51207
0.694 -1.50633
0.695 -1.50057
0.696 -1.49479
0.697 -1.48898
0.698 -1.48316
0.699 -1.47731
0.7 -1.47144
0.701 -1.46555
0.702 -1.45964
0.703 -1.4537
0.704 -1.44774
0.705 -1.44176
0.706 -1.43576
0.707 -1.42974
0.708 -1.42369
0.709 -1.41762
0.71 -1.41153
0.711 -1.40542
0.712 -1.39928
0.713 -1.39312
0.714 -1.38694
0.715 -1.38074
0.716 -1.37451
0.717 -1.36826
0.718 -1.36199
0.719 -1.35569
0.72 -1.34937
0.721 -1.34303
0.722 -1.33666
0.723 -1.33028
0.724 -1.32386
0.725 -1.31743
0.726 -1.31097
0.727 -1.30449
0.728 -1.29799
0.729 -1.29147
0.73 -1.28492
0.731 -1.27834
0.732 -1.27175
0.733 -1.26513
0.734 -1.25849
0.735 -1.25183
0.736 -1.24514
0.737 -1.23844
0.738 -1.2317
0.739 -1.22495
0.74 -1.21818
0.741 -1.21138
0.742 -1.20456
0.743 -1.19772
0.744 -1.19085
0.745 -1.18397
0.746 -1.17706
0.747 -1.17013
0.748 -1.16318
0.749 -1.15621
0.75 -1.14922
0.751 -1.1422
0.752 -1.13517
0.753 -1.12811
0.754 -1.12104
0.755 -1.11394
0.756 -1.10683
0.757 -1.09969
0.758 -1.09254
0.759 -1.08537
0.76 -1.07817
0.761 -1.07096
0.762 -1.06373
0.763 -1.05649
0.764 -1.04922
0.765 -1.04194
0.766 -1.03464
0.767 -1.02733
0.768 -1.01999
0.769 -1.01265
0.77 -1.00528
0.771 -0.997905
0.772 -0.990511
0.773 -0.983103
0.774 -0.975682
0.775 -0.968246
0.776 -0.960798
0.777 -0.953338
0.778 -0.945865
0.779 -0.938381
0.78 -0.930885
0.781 -0.923379
0.782 -0.915864
0.783 -0.908339
0.784 -0.900805
0.785 -0.893263
0.786 -0.885713
0.787 -0.878156
0.788 -0.870594
0.789 -0.863025
0.79 -0.855451
0.791 -0.847873
0.792 -0.840292
0.793 -0.832708
0.794 -0.825121
0.795 -0.817533
0.796 -0.809945
0.797 -0.802356
0.798 -0.794769
0.799 -0.787183
0.8 -0.7796
0.801 -0.772021
0.802 -0.764446
0.803 -0.756876
0.804 -0.749312
0.805 -0.741755
0.806 -0.734206
0.807 -0.726666
0.808 -0.719136
0.809 -0.711617
0.81 -0.70411
0.811 -0.696616
0.812 -0.689136
0.813 -0.68167
0.814 -0.674221
0.815 -0.666789
0.816 -0.659375
0.817 -0.651981
0.818 -0.644607
0.819 -0.637255
0.82 -0.629925
0.821 -0.62262
0.822 -0.61534
0.823 -0.608086
0.824 -0.600859
0.825 -0.593662
0.826 -0.586495
0.827 -0.579359
0.828 -0.572256
0.829 -0.565186
0.83 -0.558152
0.831 -0.551155
0.832 -0.544195
0.833 -0.537275
0.834 -0.530395
0.835 -0.523557
0.836 -0.516763
0.837 -0.510013
0.838 -0.503309
0.839 -0.496653
0.84 -0.490045
0.841 -0.483488
0.842 -0.476983
0.843 -0.470531
0.844 -0.464133
0.845 -0.457792
0.846 -0.451508
0.847 -0.445283
0.848 -0.439119
0.849 -0.433016
0.85 -0.426977
0.851 -0.421002
0.852 -0.415094
0.853 -0.409254
0.854 -0.403482
0.855 -0.397782
0.856 -0.392154
0.857 -0.386599
0.858 -0.38112
0.859 -0.375717
0.86 -0.370392
0.861 -0.365147
0.862 -0.359983
0.863 -0.354901
0.864 -0.349903
0.865 -0.34499
0.866 -0.340164
0.867 -0.335427
0.868 -0.330778
0.869 -0.326221
0.87 -0.321756
0.871 -0.317385
0.872 -0.31311
0.873 -0.30893
0.874 -0.304849
0.875 -0.300866
0.876 -0.296984
0.877 -0.293204
0.878 -0.289527
0.879 -0.285954
0.88 -0.282487
0.881 -0.279126
0.882 -0.275874
0.883 -0.272731
0.884 -0.269698
0.885 -0.266777
0.886 -0.263968
0.887 -0.261274
0.888 -0.258694
0.889 -0.25623
0.89 -0.253883
0.891 -0.251654
0.892 -0.249544
0.893 -0.247554
0.894 -0.245685
0.895 -0.243938
0.896 -0.242314
0.897 -0.240813
0.898 -0.239437
0.899 -0.238186
0.9 -0.237061
0.901 -0.236062
0.902 -0.235191
0.903 -0.234449
0.904 -0.233835
0.905 -0.233351
0.906 -0.232996
0.907 -0.232773
0.908 -0.23268
0.909 -0.23272
0.91 -0.232891
0.911 -0.233195
0.912 -0.233632
0.913 -0.234202
0.914 -0.234906
0.915 -0.235744
0.916 -0.236717
0.917 -0.237824
0.918 -0.239065
0.919 -0.240442
0.92 -0.241953
0.921 -0.2436
0.922 -0.245382
0.923 -0.2473
0.924 -0.249353
0.925 -0.25154
0.926 -0.253864
0.927 -0.256322
0.928 -0.258915
0.929 -0.261643
0.93 -0.264506
0.931 -0.267503
0.932 -0.270635
0.933 -0.2739
0.934 -0.277299
0.935 -0.280831
0.936 -0.284495
0.937 -0.288292
0.938 -0.292221
0.939 -0.296282
0.94 -0.300473
0.941 -0.304794
0.942 -0.309246
0.943 -0.313826
0.944 -0.318535
0.945 -0.323372
0.946 -0.328336
0.947 -0.333426
0.948 -0.338642
0.949 -0.343983
0.95 -0.349448
0.951 -0.355036
0.952 -0.360746
0.953 -0.366578
0.954 -0.372531
0.955 -0.378603
0.956 -0.384793
0.957 -0.391101
0.958 -0.397526
0.959 -0.404066
0.96 -0.41072
0.961 -0.417488
0.962 -0.424368
0.963 -0.43136
0.964 -0.438461
0.965 -0.445671
0.966 -0.452988
0.967 -0.460412
0.968 -0.467941
0.969 -0.475574
0.97 -0.483309
0.971 -0.491146
0.972 -0.499083
0.973 -0.507118
0.974 -0.515251
0.975 -0.52348
0.976 -0.531803
0.977 -0.540219
0.978 -0.548728
0.979 -0.557327
0.98 -0.566014
0.981 -0.57479
0.982 -0.583651
0.983 -0.592598
0.984 -0.601627
0.985 -0.610738
0.986 -0.61993
0.987 -0.629201
0.988 -0.638549
0.989 -0.647972
0.99 -0.65747
0.991 -0.667041
0.992 -0.676684
0.993 -0.686396
0.994 -0.696177
0.995 -0.706024
0.996 -0.715937
0.997 -0.725913
0.998 -0.735952
0.999 -0.746052
1 -0.75621
1.001 -10
