0 5
0.001 3.30377
0.002 3.30105
0.003 3.29833
0.004 3.2956
0.005 3.29288
0.006 3.29015
0.007 3.28742
0.008 3.28469
0.009 3.28196
0.01 3.27923
0.011 3.2765
0.012 3.27377
0.013 3.27105
0.014 3.26832
0.015 3.26559
0.016 3.26286
0.017 3.26014
0.018 3.25741
0.019 3.25469
0.02 3.25197
0.021 3.24925
0.022 3.24654
0.023 3.24383
0.024 3.24112
0.025 3.23842
0.026 3.23572
0.027 3.23302
0.028 3.23033
0.029 3.22764
0.03 3.22496
0.031 3.22228
0.032 3.21961
0.033 3.21694
0.034 3.21428
0.035 3.21163
0.036 3.20899
0.037 3.20635
0.038 3.20372
0.039 3.20109
0.04 3.19848
0.041 3.19587
0.042 3.19328
0.043 3.19069
0.044 3.18811
0.045 3.18554
0.046 3.18298
0.047 3.18043
0.048 3.17789
0.049 3.17537
0.05 3.17285
0.051 3.17035
0.052 3.16785
0.053 3.16537
0.054 3.16291
0.055 3.16045
0.056 3.15801
0.057 3.15559
0.058 3.15317
0.059 3.15077
0.06 3.14839
0.061 3.14602
0.062 3.14367
0.063 3.14133
0.064 3.13901
0.065 3.1367
0.066 3.13441
0.067 3.13213
0.068 3.12988
0.069 3.12764
0.07 3.12542
0.071 3.12321
0.072 3.12103
0.073 3.11886
0.074 3.11671
0.075 3.11458
0.076 3.11247
0.077 3.11038
0.078 3.10831
0.079 3.10626
0.08 3.10423
0.081 3.10222
0.082 3.10023
0.083 3.09826
0.084 3.09632
0.085 3.09439
0.086 3.09249
0.087 3.09061
0.088 3.08875
0.089 3.08691
0.09 3.08509
0.091 3.0833
0.092 3.08153
0.093 3.07979
0.094 3.07806
0.095 3.07636
0.096 3.07469
0.097 3.07304
0.098 3.07141
0.099 3.0698
0.1 3.06822
0.101 3.06667
0.102 3.06513
0.103 3.06363
0.104 3.06214
0.105 3.06069
0.106 3.05925
0.107 3.05784
0.108 3.05646
0.109 3.0551
0.11 3.05377
0.111 3.05246
0.112 3.05118
0.113 3.04992
0.114 3.04869
0.115 3.04748
0.116 3.0463
0.117 3.04514
0.118 3.04401
0.119 3.0429
0.12 3.04182
0.121 3.04077
0.122 3.03974
0.123 3.03873
0.124 3.03775
0.125 3.0368
0.126 3.03587
0.127 3.03497
0.128 3.03409
0.129 3.03323
0.13 3.0324
0.131 3.0316
0.132 3.03082
0.133 3.03006
0.134 3.02933
0.135 3.02863
0.136 3.02795
0.137 3.02729
0.138 3.02666
0.139 3.02605
0.14 3.02546
0.141 3.0249
0.142 3.02436
0.143 3.02385
0.144 3.02336
0.145 3.02289
0.146 3.02244
0.147 3.02202
0.148 3.02162
0.149 3.02125
0.15 3.02089
0.151 3.02056
0.152 3.02025
0.153 3.01996
0.154 3.0197
0.155 3.01945
0.156 3.01923
0.157 3.01902
0.158 3.01884
0.159 3.01868
0.16 3.01854
0.161 3.01842
0.162 3.01832
0.163 3.01824
0.164 3.01818
0.165 3.01814
0.166 3.01812
0.167 3.01811
0.168 3.01813
0.169 3.01816
0.17 3.01822
0.171 3.01829
0.172 3.01837
0.173 3.01848
0.174 3.0186
0.175 3.01875
0.176 3.0189
0.177 3.01908
0.178 3.01927
0.179 3.01948
0.18 3.0197
0.181 3.01994
0.182 3.02019
0.183 3.02046
0.184 3.02075
0.185 3.02105
0.186 3.02136
0.187 3.02169
0.188 3.02204
0.189 3.0224
0.19 3.02277
0.191 3.02315
0.192 3.02355
0.193 3.02396
0.194 3.02439
0.195 3.02482
0.196 3.02527
0.197 3.02574
0.198 3.02621
0.199 3.02669
0.2 3.02719
0.201 3.0277
0.202 3.02822
0.203 3.02875
0.204 3.02929
0.205 3.02984
0.206 3.03041
0.207 3.03098
0.208 3.03156
0.209 3.03215
0.21 3.03275
0.211 3.03336
0.212 3.03398
0.213 3.03461
0.214 3.03525
0.215 3.0359
0.216 3.03655
0.217 3.03721
0.218 3.03788
0.219 3.03856
0.22 3.03925
0.221 3.03994
0.222 3.04064
0.223 3.04135
0.224 3.04207
0.225 3.04279
0.226 3.04352
0.227 3.04425
0.228 3.04499
0.229 3.04574
0.23 3.04649
0.231 3.04725
0.232 3.04802
0.233 3.04879
0.234 3.04956
0.235 3.05035
0.236 3.05113
0.237 3.05192
0.238 3.05272
0.239 3.05352
0.24 3.05432
0.241 3.05513
0.242 3.05595
0.243 3.05677
0.244 3.05759
0.245 3.05841
0.246 3.05924
0.247 3.06008
0.248 3.06091
0.249 3.06175
0.25 3.0626
0.251 3.06344
0.252 3.06429
0.253 3.06515
0.254 3.066
0.255 3.06686
0.256 3.06772
0.257 3.06859
0.258 3.06945
0.259 3.07032
0.26 3.07119
0.261 3.07206
0.262 3.07294
0.263 3.07382
0.264 3.07469
0.265 3.07557
0.266 3.07646
0.267 3.07734
0.268 3.07823
0.269 3.07911
0.27 3.08
0.271 3.08089
0.272 3.08178
0.273 3.08267
0.274 3.08357
0.275 3.08446
0.276 3.08535
0.277 3.08625
0.278 3.08715
0.279 3.08804
0.28 3.08894
0.281 3.08984
0.282 3.09074
0.283 3.09164
0.284 3.09254
0.285 3.09344
0.286 3.09434
0.287 3.09524
0.288 3.09614
0.289 3.09704
0.29 3.09794
0.291 3.09884
0.292 3.09974
0.293 3.10064
0.294 3.10154
0.295 3.10244
0.296 3.10334
0.297 3.10424
0.298 3.10514
0.299 3.10603
0.3 3.10693
0.301 3.10783
0.302 3.10873
0.303 3.10962
0.304 3.11052
0.305 3.11141
0.306 3.11231
0.307 3.1132
0.308 3.11409
0.309 3.11498
0.31 3.11588
0.311 3.11677
0.312 3.11765
0.313 3.11854
0.314 3.11943
0.315 3.12031
0.316 3.1212
0.317 3.12208
0.318 3.12296
0.319 3.12385
0.32 3.12473
0.321 3.1256
0.322 3.12648
0.323 3.12736
0.324 3.12823
0.325 3.12911
0.326 3.12998
0.327 3.13085
0.328 3.13172
0.329 3.13259
0.33 3.13345
0.331 3.13432
0.332 3.13518
0.333 3.13604
0.334 3.1369
0.335 3.13776
0.336 3.13862
0.337 3.13947
0.338 3.14032
0.339 3.14118
0.34 3.14203
0.341 3.14287
0.342 3.14372
0.343 3.14457
0.344 3.14541
0.345 3.14625
0.346 3.14709
0.347 3.14793
0.348 3.14876
0.349 3.1496
0.35 3.15043
0.351 3.15126
0.352 3.15209
0.353 3.15292
0.354 3.15374
0.355 3.15456
0.356 3.15538
0.357 3.1562
0.358 3.15702
0.359 3.15783
0.36 3.15865
0.361 3.15946
0.362 3.16027
0.363 3.16107
0.364 3.16188
0.365 3.16268
0.366 3.16348
0.367 3.16428
0.368 3.16508
0.369 3.16587
0.37 3.16667
0.371 3.16746
0.372 3.16825
0.373 3.16903
0.374 3.16982
0.375 3.1706
0.376 3.17138
0.377 3.17216
0.378 3.17294
0.379 3.17371
0.38 3.17448
0.381 3.17525
0.382 3.17602
0.383 3.17679
0.384 3.17755
0.385 3.17831
0.386 3.17907
0.387 3.17983
0.388 3.18059
0.389 3.18134
0.39 3.18209
0.391 3.18284
0.392 3.18359
0.393 3.18433
0.394 3.18507
0.395 3.18581
0.396 3.18655
0.397 3.18729
0.398 3.18802
0.399 3.18876
0.4 3.18949
0.401 3.19021
0.402 3.19094
0.403 3.19166
0.404 3.19239
0.405 3.19311
0.406 3.19382
0.407 3.19454
0.408 3.19525
0.409 3.19596
0.41 3.19667
0.411 3.19738
0.412 3.19809
0.413 3.19879
0.414 3.19949
0.415 3.20019
0.416 3.20089
0.417 3.20158
0.418 3.20227
0.419 3.20297
0.42 3.20365
0.421 3.20434
0.422 3.20503
0.423 3.20571
0.424 3.20639
0.425 3.20707
0.426 3.20775
0.427 3.20842
0.428 3.20909
0.429 3.20976
0.43 3.21043
0.431 3.2111
0.432 3.21176
0.433 3.21243
0.434 3.21309
0.435 3.21375
0.436 3.21441
0.437 3.21506
0.438 3.21571
0.439 3.21637
0.44 3.21702
0.441 3.21766
0.442 3.21831
0.443 3.21895
0.444 3.21959
0.445 3.22023
0.446 3.22087
0.447 3.22151
0.448 3.22214
0.449 3.22278
0.45 3.22341
0.451 3.22404
0.452 3.22466
0.453 3.22529
0.454 3.22591
0.455 3.22653
0.456 3.22715
0.457 3.22777
0.458 3.22839
0.459 3.229
0.46 3.22962
0.461 3.23023
0.462 3.23084
0.463 3.23144
0.464 3.23205
0.465 3.23265
0.466 3.23326
0.467 3.23386
0.468 3.23445
0.469 3.23505
0.47 3.23565
0.471 3.23624
0.472 3.23683
0.473 3.23742
0.474 3.23801
0.475 3.2386
0.476 3.23919
0.477 3.23977
0.478 3.24035
0.479 3.24093
0.48 3.24151
0.481 3.24209
0.482 3.24266
0.483 3.24324
0.484 3.24381
0.485 3.24438
0.486 3.24495
0.487 3.24552
0.488 3.24608
0.489 3.24665
0.49 3.24721
0.491 3.24777
0.492 3.24833
0.493 3.24889
0.494 3.24945
0.495 3.25
0.496 3.25056
0.497 3.25111
0.498 3.25166
0.499 3.25221
0.5 3.25276
0.501 3.2533
0.502 3.25385
0.503 3.25439
0.504 3.25493
0.505 3.25547
0.506 3.25601
0.507 3.25655
0.508 3.25708
0.509 3.25762
0.51 3.25815
0.511 3.25868
0.512 3.25921
0.513 3.25974
0.514 3.26027
0.515 3.26079
0.516 3.26132
0.517 3.26184
0.518 3.26236
0.519 3.26288
0.52 3.2634
0.521 3.26392
0.522 3.26444
0.523 3.26495
0.524 3.26546
0.525 3.26598
0.526 3.26649
0.527 3.267
0.528 3.2675
0.529 3.26801
0.53 3.26852
0.531 3.26902
0.532 3.26952
0.533 3.27002
0.534 3.27052
0.535 3.27102
0.536 3.27152
0.537 3.27201
0.538 3.27251
0.539 3.273
0.54 3.27349
0.541 3.27398
0.542 3.27447
0.543 3.27496
0.544 3.27545
0.545 3.27593
0.546 3.27642
0.547 3.2769
0.548 3.27738
0.549 3.27786
0.55 3.27834
0.551 3.27882
0.552 3.27929
0.553 3.27977
0.554 3.28024
0.555 3.28072
0.556 3.28119
0.557 3.28166
0.558 3.28213
0.559 3.28259
0.56 3.28306
0.561 3.28353
0.562 3.28399
0.563 3.28445
0.564 3.28491
0.565 3.28537
0.566 3.28583
0.567 3.28629
0.568 3.28674
0.569 3.2872
0.57 3.28765
0.571 3.28811
0.572 3.28856
0.573 3.28901
0.574 3.28946
0.575 3.2899
0.576 3.29035
0.577 3.29079
0.578 3.29124
0.579 3.29168
0.58 3.29212
0.581 3.29256
0.582 3.293
0.583 3.29344
0.584 3.29387
0.585 3.29431
0.586 3.29474
0.587 3.29518
0.588 3.29561
0.589 3.29604
0.59 3.29647
0.591 3.29689
0.592 3.29732
0.593 3.29775
0.594 3.29817
0.595 3.29859
0.596 3.29901
0.597 3.29943
0.598 3.29985
0.599 3.30027
0.6 3.30069
0.601 3.3011
0.602 3.30152
0.603 3.30193
0.604 3.30234
0.605 3.30275
0.606 3.30316
0.607 3.30357
0.608 3.30397
0.609 3.30438
0.61 3.30478
0.611 3.30519
0.612 3.30559
0.613 3.30599
0.614 3.30639
0.615 3.30678
0.616 3.30718
0.617 3.30757
0.618 3.30797
0.619 3.30836
0.62 3.30875
0.621 3.30914
0.622 3.30953
0.623 3.30992
0.624 3.3103
0.625 3.31069
0.626 3.31107
0.627 3.31145
0.628 3.31183
0.629 3.31221
0.63 3.31259
0.631 3.31297
0.632 3.31334
0.633 3.31372
0.634 3.31409
0.635 3.31446
0.636 3.31483
0.637 3.3152
0.638 3.31557
0.639 3.31594
0.64 3.3163
0.641 3.31667
0.642 3.31703
0.643 3.31739
0.644 3.31775
0.645 3.31811
0.646 3.31846
0.647 3.31882
0.648 3.31917
0.649 3.31953
0.65 3.31988
0.651 3.32023
0.652 3.32058
0.653 3.32092
0.654 3.32127
0.655 3.32161
0.656 3.32196
0.657 3.3223
0.658 3.32264
0.659 3.32298
0.66 3.32331
0.661 3.32365
0.662 3.32398
0.663 3.32432
0.664 3.32465
0.665 3.32498
0.666 3.32531
0.667 3.32563
0.668 3.32596
0.669 3.32628
0.67 3.3266
0.671 3.32693
0.672 3.32724
0.673 3.32756
0.674 3.32788
0.675 3.32819
0.676 3.32851
0.677 3.32882
0.678 3.32913
0.679 3.32944
0.68 3.32975
0.681 3.33005
0.682 3.33035
0.683 3.33066
0.684 3.33096
0.685 3.33126
0.686 3.33155
0.687 3.33185
0.688 3.33214
0.689 3.33244
0.69 3.33273
0.691 3.33302
0.692 3.3333
0.693 3.33359
0.694 3.33387
0.695 3.33416
0.696 3.33444
0.697 3.33471
0.698 3.33499
0.699 3.33527
0.7 3.33554
0.701 3.33581
0.702 3.33608
0.703 3.33635
0.704 3.33661
0.705 3.33688
0.706 3.33714
0.707 3.3374
0.708 3.33766
0.709 3.33791
0.71 3.33817
0.711 3.33842
0.712 3.33867
0.713 3.33892
0.714 3.33916
0.715 3.33941
0.716 3.33965
0.717 3.33989
0.718 3.34013
0.719 3.34036
0.72 3.3406
0.721 3.34083
0.722 3.34106
0.723 3.34128
0.724 3.34151
0.725 3.34173
0.726 3.34195
0.727 3.34216
0.728 3.34238
0.729 3.34259
0.73 3.3428
0.731 3.34301
0.732 3.34321
0.733 3.34341
0.734 3.34361
0.735 3.34381
0.736 3.344
0.737 3.34419
0.738 3.34438
0.739 3.34457
0.74 3.34475
0.741 3.34493
0.742 3.34511
0.743 3.34528
0.744 3.34545
0.745 3.34562
0.746 3.34578
0.747 3.34594
0.748 3.3461
0.749 3.34625
0.75 3.3464
0.751 3.34655
0.752 3.3467
0.753 3.34684
0.754 3.34697
0.755 3.34711
0.756 3.34724
0.757 3.34736
0.758 3.34748
0.759 3.3476
0.76 3.34772
0.761 3.34783
0.762 3.34793
0.763 3.34803
0.764 3.34813
0.765 3.34822
0.766 3.34831
0.767 3.34839
0.768 3.34847
0.769 3.34855
0.77 3.34862
0.771 3.34868
0.772 3.34874
0.773 3.3488
0.774 3.34885
0.775 3.34889
0.776 3.34893
0.777 3.34896
0.778 3.34899
0.779 3.34901
0.78 3.34903
0.781 3.34904
0.782 3.34904
0.783 3.34904
0.784 3.34903
0.785 3.34902
0.786 3.349
0.787 3.34897
0.788 3.34894
0.789 3.3489
0.79 3.34885
0.791 3.3488
0.792 3.34874
0.793 3.34867
0.794 3.34859
0.795 3.34851
0.796 3.34842
0.797 3.34832
0.798 3.34821
0.799 3.3481
0.8 3.34797
0.801 3.34784
0.802 3.3477
0.803 3.34755
0.804 3.34739
0.805 3.34723
0.806 3.34705
0.807 3.34687
0.808 3.34667
0.809 3.34647
0.81 3.34625
0.811 3.34603
0.812 3.3458
0.813 3.34555
0.814 3.3453
0.815 3.34503
0.816 3.34476
0.817 3.34447
0.818 3.34418
0.819 3.34387
0.82 3.34355
0.821 3.34322
0.822 3.34288
0.823 3.34252
0.824 3.34215
0.825 3.34178
0.826 3.34139
0.827 3.34098
0.828 3.34057
0.829 3.34014
0.83 3.3397
0.831 3.33924
0.832 3.33878
0.833 3.33829
0.834 3.3378
0.835 3.33729
0.836 3.33677
0.837 3.33623
0.838 3.33568
0.839 3.33512
0.84 3.33454
0.841 3.33395
0.842 3.33334
0.843 3.33272
0.844 3.33208
0.845 3.33143
0.846 3.33076
0.847 3.33008
0.848 3.32938
0.849 3.32867
0.85 3.32794
0.851 3.32719
0.852 3.32643
0.853 3.32566
0.854 3.32486
0.855 3.32406
0.856 3.32323
0.857 3.32239
0.858 3.32153
0.859 3.32066
0.86 3.31977
0.861 3.31886
0.862 3.31794
0.863 3.317
0.864 3.31605
0.865 3.31507
0.866 3.31409
0.867 3.31308
0.868 3.31206
0.869 3.31102
0.87 3.30996
0.871 3.30889
0.872 3.30781
0.873 3.3067
0.874 3.30558
0.875 3.30444
0.876 3.30329
0.877 3.30212
0.878 3.30093
0.879 3.29973
0.88 3.29851
0.881 3.29728
0.882 3.29603
0.883 3.29476
0.884 3.29348
0.885 3.29218
0.886 3.29087
0.887 3.28955
0.888 3.2882
0.889 3.28685
0.89 3.28548
0.891 3.28409
0.892 3.28269
0.893 3.28128
0.894 3.27985
0.895 3.27841
0.896 3.27695
0.897 3.27548
0.898 3.274
0.899 3.27251
0.9 3.271
0.901 3.26948
0.902 3.26795
0.903 3.26641
0.904 3.26486
0.905 3.26329
0.906 3.26172
0.907 3.26013
0.908 3.25853
0.909 3.25693
0.91 3.25531
0.911 3.25369
0.912 3.25205
0.913 3.25041
0.914 3.24876
0.915 3.2471
0.916 3.24544
0.917 3.24377
0.918 3.24209
0.919 3.2404
0.92 3.23871
0.921 3.23701
0.922 3.23531
0.923 3.2336
0.924 3.23188
0.925 3.23017
0.926 3.22845
0.927 3.22672
0.928 3.22499
0.929 3.22326
0.93 3.22153
0.931 3.2198
0.932 3.21806
0.933 3.21632
0.934 3.21458
0.935 3.21284
0.936 3.2111
0.937 3.20937
0.938 3.20763
0.939 3.20589
0.94 3.20415
0.941 3.20242
0.942 3.20069
0.943 3.19896
0.944 3.19723
0.945 3.19551
0.946 3.19379
0.947 3.19207
0.948 3.19036
0.949 3.18865
0.95 3.18695
0.951 3.18525
0.952 3.18356
0.953 3.18188
0.954 3.1802
0.955 3.17852
0.956 3.17686
0.957 3.1752
0.958 3.17355
0.959 3.1719
0.96 3.17026
0.961 3.16864
0.962 3.16702
0.963 3.16541
0.964 3.1638
0.965 3.16221
0.966 3.16063
0.967 3.15905
0.968 3.15749
0.969 3.15593
0.97 3.15439
0.971 3.15286
0.972 3.15133
0.973 3.14982
0.974 3.14832
0.975 3.14683
0.976 3.14535
0.977 3.14389
0.978 3.14243
0.979 3.14099
0.98 3.13956
0.981 3.13814
0.982 3.13673
0.983 3.13533
0.984 3.13395
0.985 3.13258
0.986 3.13122
0.987 3.12988
0.988 3.12855
0.989 3.12723
0.99 3.12592
0.991 3.12463
0.992 3.12335
0.993 3.12208
0.994 3.12083
0.995 3.11958
0.996 3.11836
0.997 3.11714
0.998 3.11594
0.999 3.11475
1 3.11358
1.001 5
