0 5
0.001 3.31869
0.002 3.3161
0.003 3.31353
0.004 3.31095
0.005 3.30838
0.006 3.30582
0.007 3.30327
0.008 3.30072
0.009 3.29817
0.01 3.29564
0.011 3.29311
0.012 3.29059
0.013 3.28807
0.014 3.28557
0.015 3.28307
0.016 3.28058
0.017 3.2781
0.018 3.27563
0.019 3.27317
0.02 3.27071
0.021 3.26827
0.022 3.26584
0.023 3.26342
0.024 3.26101
0.025 3.25861
0.026 3.25622
0.027 3.25385
0.028 3.25148
0.029 3.24913
0.03 3.24679
0.031 3.24447
0.032 3.24216
0.033 3.23986
0.034 3.23757
0.035 3.2353
0.036 3.23305
0.037 3.23081
0.038 3.22858
0.039 3.22637
0.04 3.22417
0.041 3.22199
0.042 3.21983
0.043 3.21768
0.044 3.21555
0.045 3.21344
0.046 3.21134
0.047 3.20927
0.048 3.2072
0.049 3.20516
0.05 3.20314
0.051 3.20113
0.052 3.19914
0.053 3.19718
0.054 3.19523
0.055 3.1933
0.056 3.19139
0.057 3.1895
0.058 3.18763
0.059 3.18578
0.06 3.18395
0.061 3.18214
0.062 3.18035
0.063 3.17859
0.064 3.17684
0.065 3.17512
0.066 3.17342
0.067 3.17174
0.068 3.17009
0.069 3.16845
0.07 3.16684
0.071 3.16525
0.072 3.16369
0.073 3.16214
0.074 3.16062
0.075 3.15913
0.076 3.15765
0.077 3.1562
0.078 3.15478
0.079 3.15338
0.08 3.152
0.081 3.15064
0.082 3.14931
0.083 3.14801
0.084 3.14673
0.085 3.14547
0.086 3.14423
0.087 3.14303
0.088 3.14184
0.089 3.14068
0.09 3.13955
0.091 3.13844
0.092 3.13735
0.093 3.13629
0.094 3.13525
0.095 3.13424
0.096 3.13325
0.097 3.13229
0.098 3.13135
0.099 3.13044
0.1 3.12955
0.101 3.12869
0.102 3.12785
0.103 3.12703
0.104 3.12624
0.105 3.12548
0.106 3.12474
0.107 3.12402
0.108 3.12333
0.109 3.12266
0.11 3.12201
0.111 3.12139
0.112 3.1208
0.113 3.12023
0.114 3.11968
0.115 3.11915
0.116 3.11865
0.117 3.11817
0.118 3.11771
0.119 3.11728
0.12 3.11687
0.121 3.11649
0.122 3.11612
0.123 3.11578
0.124 3.11546
0.125 3.11517
0.126 3.11489
0.127 3.11464
0.128 3.11441
0.129 3.1142
0.13 3.11401
0.131 3.11385
0.132 3.1137
0.133 3.11357
0.134 3.11347
0.135 3.11339
0.136 3.11332
0.137 3.11328
0.138 3.11326
0.139 3.11325
0.14 3.11327
0.141 3.1133
0.142 3.11336
0.143 3.11343
0.144 3.11352
0.145 3.11363
0.146 3.11376
0.147 3.11391
0.148 3.11407
0.149 3.11425
0.15 3.11445
0.151 3.11466
0.152 3.1149
0.153 3.11515
0.154 3.11541
0.155 3.11569
0.156 3.11599
0.157 3.1163
0.158 3.11663
0.159 3.11698
0.16 3.11734
0.161 3.11771
0.162 3.1181
0.163 3.1185
0.164 3.11892
0.165 3.11935
0.166 3.1198
0.167 3.12025
0.168 3.12073
0.169 3.12121
0.17 3.12171
0.171 3.12222
0.172 3.12274
0.173 3.12327
0.174 3.12382
0.175 3.12438
0.176 3.12495
0.177 3.12553
0.178 3.12612
0.179 3.12672
0.18 3.12734
0.181 3.12796
0.182 3.12859
0.183 3.12924
0.184 3.12989
0.185 3.13056
0.186 3.13123
0.187 3.13191
0.188 3.1326
0.189 3.1333
0.19 3.13401
0.191 3.13473
0.192 3.13546
0.193 3.13619
0.194 3.13693
0.195 3.13768
0.196 3.13844
0.197 3.1392
0.198 3.13997
0.199 3.14075
0.2 3.14154
0.201 3.14233
0.202 3.14313
0.203 3.14393
0.204 3.14474
0.205 3.14556
0.206 3.14638
0.207 3.14721
0.208 3.14805
0.209 3.14889
0.21 3.14973
0.211 3.15058
0.212 3.15144
0.213 3.1523
0.214 3.15316
0.215 3.15403
0.216 3.1549
0.217 3.15578
0.218 3.15666
0.219 3.15755
0.22 3.15844
0.221 3.15934
0.222 3.16023
0.223 3.16113
0.224 3.16204
0.225 3.16295
0.226 3.16386
0.227 3.16477
0.228 3.16569
0.229 3.16661
0.23 3.16753
0.231 3.16845
0.232 3.16938
0.233 3.17031
0.234 3.17124
0.235 3.17218
0.236 3.17311
0.237 3.17405
0.238 3.17499
0.239 3.17593
0.24 3.17688
0.241 3.17782
0.242 3.17877
0.243 3.17972
0.244 3.18067
0.245 3.18162
0.246 3.18257
0.247 3.18352
0.248 3.18448
0.249 3.18543
0.25 3.18639
0.251 3.18735
0.252 3.1883
0.253 3.18926
0.254 3.19022
0.255 3.19118
0.256 3.19214
0.257 3.1931
0.258 3.19406
0.259 3.19502
0.26 3.19598
0.261 3.19694
0.262 3.1979
0.263 3.19886
0.264 3.19982
0.265 3.20078
0.266 3.20174
0.267 3.2027
0.268 3.20365
0.269 3.20461
0.27 3.20557
0.271 3.20653
0.272 3.20748
0.273 3.20844
0.274 3.20939
0.275 3.21035
0.276 3.2113
0.277 3.21225
0.278 3.21321
0.279 3.21416
0.28 3.2151
0.281 3.21605
0.282 3.217
0.283 3.21795
0.284 3.21889
0.285 3.21983
0.286 3.22078
0.287 3.22172
0.288 3.22266
0.289 3.22359
0.29 3.22453
0.291 3.22547
0.292 3.2264
0.293 3.22733
0.294 3.22826
0.295 3.22919
0.296 3.23012
0.297 3.23104
0.298 3.23196
0.299 3.23288
0.3 3.2338
0.301 3.23472
0.302 3.23564
0.303 3.23655
0.304 3.23746
0.305 3.23837
0.306 3.23928
0.307 3.24018
0.308 3.24109
0.309 3.24199
0.31 3.24288
0.311 3.24378
0.312 3.24467
0.313 3.24557
0.314 3.24646
0.315 3.24734
0.316 3.24823
0.317 3.24911
0.318 3.24999
0.319 3.25087
0.32 3.25174
0.321 3.25262
0.322 3.25349
0.323 3.25435
0.324 3.25522
0.325 3.25608
0.326 3.25694
0.327 3.2578
0.328 3.25865
0.329 3.2595
0.33 3.26035
0.331 3.2612
0.332 3.26204
0.333 3.26288
0.334 3.26372
0.335 3.26456
0.336 3.26539
0.337 3.26622
0.338 3.26705
0.339 3.26787
0.34 3.26869
0.341 3.26951
0.342 3.27033
0.343 3.27114
0.344 3.27195
0.345 3.27276
0.346 3.27356
0.347 3.27436
0.348 3.27516
0.349 3.27596
0.35 3.27675
0.351 3.27754
0.352 3.27832
0.353 3.27911
0.354 3.27989
0.355 3.28066
0.356 3.28144
0.357 3.28221
0.358 3.28298
0.359 3.28374
0.36 3.28451
0.361 3.28527
0.362 3.28602
0.363 3.28678
0.364 3.28753
0.365 3.28827
0.366 3.28902
0.367 3.28976
0.368 3.2905
0.369 3.29123
0.37 3.29196
0.371 3.29269
0.372 3.29342
0.373 3.29414
0.374 3.29486
0.375 3.29558
0.376 3.29629
0.377 3.297
0.378 3.29771
0.379 3.29841
0.38 3.29911
0.381 3.29981
0.382 3.3005
0.383 3.3012
0.384 3.30188
0.385 3.30257
0.386 3.30325
0.387 3.30393
0.388 3.30461
0.389 3.30528
0.39 3.30595
0.391 3.30662
0.392 3.30729
0.393 3.30795
0.394 3.3086
0.395 3.30926
0.396 3.30991
0.397 3.31056
0.398 3.31121
0.399 3.31185
0.4 3.31249
0.401 3.31313
0.402 3.31376
0.403 3.31439
0.404 3.31502
0.405 3.31565
0.406 3.31627
0.407 3.31689
0.408 3.31751
0.409 3.31812
0.41 3.31873
0.411 3.31934
0.412 3.31994
0.413 3.32054
0.414 3.32114
0.415 3.32174
0.416 3.32233
0.417 3.32292
0.418 3.32351
0.419 3.3241
0.42 3.32468
0.421 3.32526
0.422 3.32583
0.423 3.32641
0.424 3.32698
0.425 3.32754
0.426 3.32811
0.427 3.32867
0.428 3.32923
0.429 3.32979
0.43 3.33034
0.431 3.33089
0.432 3.33144
0.433 3.33199
0.434 3.33253
0.435 3.33307
0.436 3.33361
0.437 3.33414
0.438 3.33468
0.439 3.33521
0.44 3.33573
0.441 3.33626
0.442 3.33678
0.443 3.3373
0.444 3.33781
0.445 3.33833
0.446 3.33884
0.447 3.33935
0.448 3.33986
0.449 3.34036
0.45 3.34086
0.451 3.34136
0.452 3.34186
0.453 3.34235
0.454 3.34284
0.455 3.34333
0.456 3.34382
0.457 3.3443
0.458 3.34478
0.459 3.34526
0.46 3.34574
0.461 3.34621
0.462 3.34668
0.463 3.34715
0.464 3.34762
0.465 3.34809
0.466 3.34855
0.467 3.34901
0.468 3.34947
0.469 3.34992
0.47 3.35038
0.471 3.35083
0.472 3.35128
0.473 3.35172
0.474 3.35217
0.475 3.35261
0.476 3.35305
0.477 3.35349
0.478 3.35392
0.479 3.35436
0.48 3.35479
0.481 3.35522
0.482 3.35564
0.483 3.35607
0.484 3.35649
0.485 3.35691
0.486 3.35733
0.487 3.35775
0.488 3.35816
0.489 3.35857
0.49 3.35898
0.491 3.35939
0.492 3.3598
0.493 3.3602
0.494 3.3606
0.495 3.361
0.496 3.3614
0.497 3.3618
0.498 3.36219
0.499 3.36258
0.5 3.36297
0.501 3.36336
0.502 3.36375
0.503 3.36413
0.504 3.36452
0.505 3.3649
0.506 3.36528
0.507 3.36565
0.508 3.36603
0.509 3.3664
0.51 3.36677
0.511 3.36714
0.512 3.36751
0.513 3.36788
0.514 3.36824
0.515 3.36861
0.516 3.36897
0.517 3.36933
0.518 3.36968
0.519 3.37004
0.52 3.37039
0.521 3.37074
0.522 3.37109
0.523 3.37144
0.524 3.37179
0.525 3.37214
0.526 3.37248
0.527 3.37282
0.528 3.37316
0.529 3.3735
0.53 3.37384
0.531 3.37417
0.532 3.37451
0.533 3.37484
0.534 3.37517
0.535 3.3755
0.536 3.37582
0.537 3.37615
0.538 3.37647
0.539 3.3768
0.54 3.37712
0.541 3.37744
0.542 3.37775
0.543 3.37807
0.544 3.37838
0.545 3.3787
0.546 3.37901
0.547 3.37932
0.548 3.37962
0.549 3.37993
0.55 3.38024
0.551 3.38054
0.552 3.38084
0.553 3.38114
0.554 3.38144
0.555 3.38174
0.556 3.38203
0.557 3.38233
0.558 3.38262
0.559 3.38291
0.56 3.3832
0.561 3.38348
0.562 3.38377
0.563 3.38405
0.564 3.38434
0.565 3.38462
0.566 3.3849
0.567 3.38517
0.568 3.38545
0.569 3.38572
0.57 3.386
0.571 3.38627
0.572 3.38653
0.573 3.3868
0.574 3.38707
0.575 3.38733
0.576 3.38759
0.577 3.38785
0.578 3.38811
0.579 3.38837
0.58 3.38862
0.581 3.38887
0.582 3.38912
0.583 3.38937
0.584 3.38962
0.585 3.38986
0.586 3.3901
0.587 3.39034
0.588 3.39058
0.589 3.39081
0.59 3.39105
0.591 3.39128
0.592 3.39151
0.593 3.39173
0.594 3.39196
0.595 3.39218
0.596 3.3924
0.597 3.39261
0.598 3.39283
0.599 3.39304
0.6 3.39325
0.601 3.39345
0.602 3.39365
0.603 3.39385
0.604 3.39405
0.605 3.39424
0.606 3.39443
0.607 3.39462
0.608 3.3948
0.609 3.39498
0.61 3.39516
0.611 3.39533
0.612 3.3955
0.613 3.39567
0.614 3.39583
0.615 3.39599
0.616 3.39614
0.617 3.39629
0.618 3.39643
0.619 3.39658
0.62 3.39671
0.621 3.39684
0.622 3.39697
0.623 3.39709
0.624 3.39721
0.625 3.39732
0.626 3.39743
0.627 3.39753
0.628 3.39762
0.629 3.39771
0.63 3.3978
0.631 3.39788
0.632 3.39795
0.633 3.39801
0.634 3.39807
0.635 3.39813
0.636 3.39817
0.637 3.39821
0.638 3.39824
0.639 3.39826
0.64 3.39828
0.641 3.39829
0.642 3.39829
0.643 3.39828
0.644 3.39827
0.645 3.39824
0.646 3.39821
0.647 3.39817
0.648 3.39812
0.649 3.39806
0.65 3.39798
0.651 3.3979
0.652 3.39781
0.653 3.39771
0.654 3.3976
0.655 3.39748
0.656 3.39735
0.657 3.3972
0.658 3.39704
0.659 3.39688
0.66 3.39669
0.661 3.3965
0.662 3.3963
0.663 3.39608
0.664 3.39584
0.665 3.3956
0.666 3.39534
0.667 3.39507
0.668 3.39478
0.669 3.39448
0.67 3.39416
0.671 3.39383
0.672 3.39348
0.673 3.39311
0.674 3.39273
0.675 3.39234
0.676 3.39192
0.677 3.39149
0.678 3.39105
0.679 3.39058
0.68 3.3901
0.681 3.3896
0.682 3.38908
0.683 3.38854
0.684 3.38798
0.685 3.3874
0.686 3.38681
0.687 3.38619
0.688 3.38555
0.689 3.38489
0.69 3.38421
0.691 3.38352
0.692 3.38279
0.693 3.38205
0.694 3.38129
0.695 3.3805
0.696 3.37969
0.697 3.37886
0.698 3.378
0.699 3.37713
0.7 3.37623
0.701 3.3753
0.702 3.37435
0.703 3.37338
0.704 3.37238
0.705 3.37136
0.706 3.37032
0.707 3.36924
0.708 3.36815
0.709 3.36703
0.71 3.36588
0.711 3.36471
0.712 3.36351
0.713 3.36229
0.714 3.36104
0.715 3.35977
0.716 3.35847
0.717 3.35715
0.718 3.35579
0.719 3.35442
0.72 3.35301
0.721 3.35158
0.722 3.35013
0.723 3.34865
0.724 3.34714
0.725 3.34561
0.726 3.34405
0.727 3.34246
0.728 3.34085
0.729 3.33922
0.73 3.33756
0.731 3.33587
0.732 3.33416
0.733 3.33242
0.734 3.33066
0.735 3.32888
0.736 3.32707
0.737 3.32524
0.738 3.32338
0.739 3.3215
0.74 3.31959
0.741 3.31767
0.742 3.31572
0.743 3.31375
0.744 3.31175
0.745 3.30974
0.746 3.3077
0.747 3.30565
0.748 3.30357
0.749 3.30148
0.75 3.29936
0.751 3.29723
0.752 3.29507
0.753 3.2929
0.754 3.29071
0.755 3.28851
0.756 3.28629
0.757 3.28405
0.758 3.2818
0.759 3.27953
0.76 3.27725
0.761 3.27495
0.762 3.27265
0.763 3.27032
0.764 3.26799
0.765 3.26565
0.766 3.26329
0.767 3.26093
0.768 3.25856
0.769 3.25618
0.77 3.25379
0.771 3.25139
0.772 3.24898
0.773 3.24657
0.774 3.24416
0.775 3.24174
0.776 3.23931
0.777 3.23689
0.778 3.23446
0.779 3.23202
0.78 3.22959
0.781 3.22715
0.782 3.22472
0.783 3.22228
0.784 3.21985
0.785 3.21742
0.786 3.21499
0.787 3.21256
0.788 3.21014
0.789 3.20772
0.79 3.2053
0.791 3.20289
0.792 3.20049
0.793 3.19809
0.794 3.1957
0.795 3.19332
0.796 3.19095
0.797 3.18858
0.798 3.18622
0.799 3.18388
0.8 3.18154
0.801 3.17922
0.802 3.1769
0.803 3.1746
0.804 3.17231
0.805 3.17003
0.806 3.16777
0.807 3.16551
0.808 3.16328
0.809 3.16105
0.81 3.15884
0.811 3.15665
0.812 3.15447
0.813 3.15231
0.814 3.15016
0.815 3.14803
0.816 3.14592
0.817 3.14382
0.818 3.14174
0.819 3.13967
0.82 3.13763
0.821 3.1356
0.822 3.13359
0.823 3.1316
0.824 3.12962
0.825 3.12767
0.826 3.12573
0.827 3.12381
0.828 3.12192
0.829 3.12004
0.83 3.11818
0.831 3.11633
0.832 3.11451
0.833 3.11271
0.834 3.11093
0.835 3.10916
0.836 3.10742
0.837 3.1057
0.838 3.10399
0.839 3.10231
0.84 3.10064
0.841 3.099
0.842 3.09737
0.843 3.09577
0.844 3.09418
0.845 3.09261
0.846 3.09107
0.847 3.08954
0.848 3.08803
0.849 3.08654
0.85 3.08507
0.851 3.08362
0.852 3.08219
0.853 3.08078
0.854 3.07939
0.855 3.07801
0.856 3.07666
0.857 3.07532
0.858 3.074
0.859 3.0727
0.86 3.07142
0.861 3.07016
0.862 3.06891
0.863 3.06768
0.864 3.06647
0.865 3.06528
0.866 3.06411
0.867 3.06295
0.868 3.06181
0.869 3.06069
0.87 3.05958
0.871 3.05849
0.872 3.05742
0.873 3.05636
0.874 3.05533
0.875 3.0543
0.876 3.05329
0.877 3.0523
0.878 3.05133
0.879 3.05037
0.88 3.04942
0.881 3.04849
0.882 3.04758
0.883 3.04667
0.884 3.04579
0.885 3.04492
0.886 3.04406
0.887 3.04322
0.888 3.04239
0.889 3.04158
0.89 3.04078
0.891 3.03999
0.892 3.03921
0.893 3.03845
0.894 3.03771
0.895 3.03697
0.896 3.03625
0.897 3.03554
0.898 3.03484
0.899 3.03416
0.9 3.03349
0.901 3.03283
0.902 3.03218
0.903 3.03154
0.904 3.03092
0.905 3.0303
0.906 3.0297
0.907 3.02911
0.908 3.02853
0.909 3.02796
0.91 3.0274
0.911 3.02685
0.912 3.02631
0.913 3.02579
0.914 3.02527
0.915 3.02476
0.916 3.02426
0.917 3.02377
0.918 3.0233
0.919 3.02283
0.92 3.02237
0.921 3.02192
0.922 3.02148
0.923 3.02104
0.924 3.02062
0.925 3.02021
0.926 3.0198
0.927 3.0194
0.928 3.01901
0.929 3.01863
0.93 3.01826
0.931 3.01789
0.932 3.01754
0.933 3.01719
0.934 3.01685
0.935 3.01651
0.936 3.01619
0.937 3.01587
0.938 3.01556
0.939 3.01525
0.94 3.01496
0.941 3.01467
0.942 3.01438
0.943 3.01411
0.944 3.01384
0.945 3.01357
0.946 3.01332
0.947 3.01307
0.948 3.01282
0.949 3.01258
0.95 3.01235
0.951 3.01213
0.952 3.01191
0.953 3.0117
0.954 3.01149
0.955 3.01129
0.956 3.01109
0.957 3.0109
0.958 3.01072
0.959 3.01054
0.96 3.01036
0.961 3.01019
0.962 3.01003
0.963 3.00987
0.964 3.00972
0.965 3.00957
0.966 3.00943
0.967 3.00929
0.968 3.00915
0.969 3.00903
0.97 3.0089
0.971 3.00878
0.972 3.00867
0.973 3.00856
0.974 3.00845
0.975 3.00835
0.976 3.00825
0.977 3.00816
0.978 3.00807
0.979 3.00798
0.98 3.0079
0.981 3.00783
0.982 3.00775
0.983 3.00769
0.984 3.00762
0.985 3.00756
0.986 3.0075
0.987 3.00745
0.988 3.0074
0.989 3.00735
0.99 3.00731
0.991 3.00727
0.992 3.00723
0.993 3.0072
0.994 3.00717
0.995 3.00715
0.996 3.00713
0.997 3.00711
0.998 3.00709
0.999 3.00708
1 3.00707
1.001 5
