0 0
0.001 0.510764
0.002 0.51662
0.003 0.52248
0.004 0.528344
0.005 0.534212
0.006 0.540083
0.007 0.545957
0.008 0.551834
0.009 0.557713
0.01 0.563594
0.011 0.569476
0.012 0.57536
0.013 0.581244
0.014 0.587129
0.015 0.593015
0.016 0.5989
0.017 0.604785
0.018 0.610669
0.019 0.616552
0.02 0.622434
0.021 0.628314
0.022 0.634192
0.023 0.640067
0.024 0.645939
0.025 0.651809
0.026 0.657674
0.027 0.663536
0.028 0.669394
0.029 0.675248
0.03 0.681096
0.031 0.686939
0.032 0.692777
0.033 0.698609
0.034 0.704435
0.035 0.710255
0.036 0.716067
0.037 0.721873
0.038 0.727671
0.039 0.733461
0.04 0.739243
0.041 0.745017
0.042 0.750782
0.043 0.756539
0.044 0.762286
0.045 0.768023
0.046 0.773751
0.047 0.779468
0.048 0.785175
0.049 0.790872
0.05 0.796557
0.051 0.802232
0.052 0.807894
0.053 0.813546
0.054 0.819185
0.055 0.824812
0.056 0.830427
0.057 0.836029
0.058 0.841618
0.059 0.847194
0.06 0.852756
0.061 0.858306
0.062 0.863841
0.063 0.869363
0.064 0.87487
0.065 0.880363
0.066 0.885842
0.067 0.891306
0.068 0.896756
0.069 0.90219
0.07 0.90761
0.071 0.913014
0.072 0.918403
0.073 0.923776
0.074 0.929134
0.075 0.934476
0.076 0.939803
0.077 0.945113
0.078 0.950408
0.079 0.955686
0.08 0.960948
0.081 0.966194
0.082 0.971424
0.083 0.976637
0.084 0.981834
0.085 0.987014
0.086 0.992178
0.087 0.997326
0.088 1.00246
0.089 1.00757
0.09 1.01267
0.091 1.01775
0.092 1.02281
0.093 1.02786
0.094 1.03289
0.095 1.03791
0.096 1.0429
0.097 1.04789
0.098 1.05285
0.099 1.0578
0.1 1.06273
0.101 1.06765
0.102 1.07255
0.103 1.07743
0.104 1.08229
0.105 1.08714
0.106 1.09198
0.107 1.0968
0.108 1.1016
0.109 1.10638
0.11 1.11115
0.111 1.11591
0.112 1.12065
0.113 1.12537
0.114 1.13008
0.115 1.13477
0.116 1.13945
0.117 1.14411
0.118 1.14876
0.119 1.15339
0.12 1.15801
0.121 1.16261
0.122 1.1672
0.123 1.17177
0.124 1.17633
0.125 1.18087
0.126 1.1854
0.127 1.18992
0.128 1.19442
0.129 1.19891
0.13 1.20339
0.131 1.20785
0.132 1.2123
0.133 1.21673
0.134 1.22116
0.135 1.22556
0.136 1.22996
0.137 1.23435
0.138 1.23872
0.139 1.24308
0.14 1.24742
0.141 1.25176
0.142 1.25608
0.143 1.26039
0.144 1.26469
0.145 1.26898
0.146 1.27326
0.147 1.27752
0.148 1.28178
0.149 1.28602
0.15 1.29025
0.151 1.29447
0.152 1.29869
0.153 1.30289
0.154 1.30708
0.155 1.31126
0.156 1.31543
0.157 1.31959
0.158 1.32374
0.159 1.32789
0.16 1.33202
0.161 1.33614
0.162 1.34026
0.163 1.34437
0.164 1.34846
0.165 1.35255
0.166 1.35663
0.167 1.3607
0.168 1.36477
0.169 1.36882
0.17 1.37287
0.171 1.37691
0.172 1.38094
0.173 1.38497
0.174 1.38899
0.175 1.393
0.176 1.397
0.177 1.401
0.178 1.40499
0.179 1.40897
0.18 1.41295
0.181 1.41692
0.182 1.42088
0.183 1.42484
0.184 1.42879
0.185 1.43274
0.186 1.43668
0.187 1.44061
0.188 1.44454
0.189 1.44847
0.19 1.45239
0.191 1.4563
0.192 1.46021
0.193 1.46411
0.194 1.46801
0.195 1.47191
0.196 1.4758
0.197 1.47969
0.198 1.48357
0.199 1.48745
0.2 1.49132
0.201 1.49519
0.202 1.49906
0.203 1.50292
0.204 1.50678
0.205 1.51064
0.206 1.51449
0.207 1.51834
0.208 1.52219
0.209 1.52603
0.21 1.52987
0.211 1.53371
0.212 1.53755
0.213 1.54138
0.214 1.54521
0.215 1.54904
0.216 1.55287
0.217 1.5567
0.218 1.56052
0.219 1.56434
0.22 1.56816
0.221 1.57198
0.222 1.5758
0.223 1.57961
0.224 1.58343
0.225 1.58724
0.226 1.59106
0.227 1.59487
0.228 1.59868
0.229 1.60249
0.23 1.6063
0.231 1.61011
0.232 1.61392
0.233 1.61773
0.234 1.62154
0.235 1.62535
0.236 1.62916
0.237 1.63297
0.238 1.63678
0.239 1.64058
0.24 1.64439
0.241 1.64821
0.242 1.65202
0.243 1.65583
0.244 1.65964
0.245 1.66346
0.246 1.66727
0.247 1.67109
0.248 1.6749
0.249 1.67872
0.25 1.68254
0.251 1.68636
0.252 1.69018
0.253 1.69401
0.254 1.69783
0.255 1.70166
0.256 1.70549
0.257 1.70932
0.258 1.71315
0.259 1.71699
0.26 1.72083
0.261 1.72466
0.262 1.72851
0.263 1.73235
0.264 1.7362
0.265 1.74005
0.266 1.7439
0.267 1.74775
0.268 1.75161
0.269 1.75547
0.27 1.75933
0.271 1.7632
0.272 1.76707
0.273 1.77094
0.274 1.77482
0.275 1.77869
0.276 1.78258
0.277 1.78646
0.278 1.79035
0.279 1.79424
0.28 1.79814
0.281 1.80204
0.282 1.80594
0.283 1.80985
0.284 1.81376
0.285 1.81767
0.286 1.82159
0.287 1.82551
0.288 1.82944
0.289 1.83337
0.29 1.83731
0.291 1.84125
0.292 1.84519
0.293 1.84914
0.294 1.85309
0.295 1.85705
0.296 1.86101
0.297 1.86497
0.298 1.86894
0.299 1.87292
0.3 1.8769
0.301 1.88088
0.302 1.88487
0.303 1.88887
0.304 1.89287
0.305 1.89687
0.306 1.90088
0.307 1.9049
0.308 1.90892
0.309 1.91295
0.31 1.91698
0.311 1.92101
0.312 1.92505
0.313 1.9291
0.314 1.93315
0.315 1.93721
0.316 1.94128
0.317 1.94535
0.318 1.94942
0.319 1.9535
0.32 1.95759
0.321 1.96168
0.322 1.96578
0.323 1.96988
0.324 1.974
0.325 1.97811
0.326 1.98224
0.327 1.98636
0.328 1.9905
0.329 1.99464
0.33 1.99879
0.331 2.00294
0.332 2.00711
0.333 2.01127
0.334 2.01545
0.335 2.01963
0.336 2.02382
0.337 2.02801
0.338 2.03221
0.339 2.03642
0.34 2.04064
0.341 2.04486
0.342 2.04909
0.343 2.05332
0.344 2.05757
0.345 2.06182
0.346 2.06607
0.347 2.07034
0.348 2.07461
0.349 2.07889
0.35 2.08318
0.351 2.08748
0.352 2.09178
0.353 2.09609
0.354 2.10041
0.355 2.10473
0.356 2.10907
0.357 2.11341
0.358 2.11776
0.359 2.12212
0.36 2.12649
0.361 2.13086
0.362 2.13525
0.363 2.13964
0.364 2.14404
0.365 2.14845
0.366 2.15286
0.367 2.15729
0.368 2.16173
0.369 2.16617
0.37 2.17062
0.371 2.17508
0.372 2.17956
0.373 2.18404
0.374 2.18853
0.375 2.19303
0.376 2.19753
0.377 2.20205
0.378 2.20658
0.379 2.21112
0.38 2.21567
0.381 2.22022
0.382 2.22479
0.383 2.22937
0.384 2.23396
0.385 2.23855
0.386 2.24316
0.387 2.24778
0.388 2.25241
0.389 2.25705
0.39 2.2617
0.391 2.26636
0.392 2.27104
0.393 2.27572
0.394 2.28042
0.395 2.28512
0.396 2.28984
0.397 2.29457
0.398 2.29931
0.399 2.30407
0.4 2.30883
0.401 2.31361
0.402 2.3184
0.403 2.3232
0.404 2.32802
0.405 2.33284
0.406 2.33768
0.407 2.34253
0.408 2.3474
0.409 2.35228
0.41 2.35717
0.411 2.36207
0.412 2.36699
0.413 2.37192
0.414 2.37687
0.415 2.38183
0.416 2.3868
0.417 2.39179
0.418 2.39679
0.419 2.40181
0.42 2.40684
0.421 2.41189
0.422 2.41695
0.423 2.42202
0.424 2.42711
0.425 2.43222
0.426 2.43734
0.427 2.44248
0.428 2.44764
0.429 2.45281
0.43 2.45799
0.431 2.46319
0.432 2.46841
0.433 2.47365
0.434 2.4789
0.435 2.48417
0.436 2.48946
0.437 2.49476
0.438 2.50009
0.439 2.50543
0.44 2.51078
0.441 2.51616
0.442 2.52156
0.443 2.52697
0.444 2.5324
0.445 2.53785
0.446 2.54332
0.447 2.54881
0.448 2.55432
0.449 2.55985
0.45 2.5654
0.451 2.57097
0.452 2.57656
0.453 2.58217
0.454 2.5878
0.455 2.59346
0.456 2.59913
0.457 2.60483
0.458 2.61054
0.459 2.61628
0.46 2.62205
0.461 2.62783
0.462 2.63364
0.463 2.63947
0.464 2.64532
0.465 2.6512
0.466 2.6571
0.467 2.66302
0.468 2.66897
0.469 2.67494
0.47 2.68094
0.471 2.68696
0.472 2.69301
0.473 2.69909
0.474 2.70518
0.475 2.71131
0.476 2.71746
0.477 2.72364
0.478 2.72984
0.479 2.73608
0.48 2.74234
0.481 2.74862
0.482 2.75494
0.483 2.76128
0.484 2.76766
0.485 2.77406
0.486 2.78049
0.487 2.78695
0.488 2.79344
0.489 2.79996
0.49 2.80651
0.491 2.81309
0.492 2.8197
0.493 2.82634
0.494 2.83302
0.495 2.83973
0.496 2.84646
0.497 2.85324
0.498 2.86004
0.499 2.86688
0.5 2.87375
0.501 2.88066
0.502 2.8876
0.503 2.89457
0.504 2.90158
0.505 2.90863
0.506 2.91571
0.507 2.92283
0.508 2.92998
0.509 2.93717
0.51 2.9444
0.511 2.95166
0.512 2.95896
0.513 2.9663
0.514 2.97368
0.515 2.9811
0.516 2.98856
0.517 2.99606
0.518 3.0036
0.519 3.01118
0.52 3.0188
0.521 3.02646
0.522 3.03416
0.523 3.0419
0.524 3.04969
0.525 3.05752
0.526 3.0654
0.527 3.07331
0.528 3.08128
0.529 3.08928
0.53 3.09733
0.531 3.10543
0.532 3.11357
0.533 3.12176
0.534 3.13
0.535 3.13828
0.536 3.14661
0.537 3.15499
0.538 3.16341
0.539 3.17189
0.54 3.18042
0.541 3.18899
0.542 3.19761
0.543 3.20629
0.544 3.21502
0.545 3.2238
0.546 3.23263
0.547 3.24151
0.548 3.25044
0.549 3.25943
0.55 3.26848
0.551 3.27757
0.552 3.28673
0.553 3.29593
0.554 3.3052
0.555 3.31451
0.556 3.32389
0.557 3.33332
0.558 3.34281
0.559 3.35236
0.56 3.36197
0.561 3.37163
0.562 3.38136
0.563 3.39115
0.564 3.40099
0.565 3.4109
0.566 3.42087
0.567 3.43089
0.568 3.44099
0.569 3.45114
0.57 3.46136
0.571 3.47164
0.572 3.48199
0.573 3.4924
0.574 3.50287
0.575 3.51341
0.576 3.52402
0.577 3.53469
0.578 3.54543
0.579 3.55624
0.58 3.56712
0.581 3.57806
0.582 3.58908
0.583 3.60016
0.584 3.61131
0.585 3.62253
0.586 3.63382
0.587 3.64519
0.588 3.65662
0.589 3.66813
0.59 3.67971
0.591 3.69136
0.592 3.70308
0.593 3.71488
0.594 3.72675
0.595 3.7387
0.596 3.75072
0.597 3.76282
0.598 3.77499
0.599 3.78724
0.6 3.79956
0.601 3.81196
0.602 3.82444
0.603 3.83699
0.604 3.84962
0.605 3.86233
0.606 3.87512
0.607 3.88799
0.608 3.90093
0.609 3.91396
0.61 3.92706
0.611 3.94024
0.612 3.95351
0.613 3.96685
0.614 3.98027
0.615 3.99378
0.616 4.00736
0.617 4.02103
0.618 4.03477
0.619 4.0486
0.62 4.06251
0.621 4.0765
0.622 4.09058
0.623 4.10473
0.624 4.11897
0.625 4.13329
0.626 4.14769
0.627 4.16217
0.628 4.17673
0.629 4.19138
0.63 4.20611
0.631 4.22092
0.632 4.23581
0.633 4.25079
0.634 4.26584
0.635 4.28098
0.636 4.2962
0.637 4.3115
0.638 4.32689
0.639 4.34235
0.64 4.35789
0.641 4.37352
0.642 4.38922
0.643 4.40501
0.644 4.42087
0.645 4.43682
0.646 4.45284
0.647 4.46894
0.648 4.48512
0.649 4.50138
0.65 4.51772
0.651 4.53413
0.652 4.55062
0.653 4.56718
0.654 4.58382
0.655 4.60053
0.656 4.61732
0.657 4.63418
0.658 4.65111
0.659 4.66812
0.66 4.68519
0.661 4.70234
0.662 4.71956
0.663 4.73684
0.664 4.75419
0.665 4.77161
0.666 4.7891
0.667 4.80665
0.668 4.82427
0.669 4.84194
0.67 4.85968
0.671 4.87749
0.672 4.89535
0.673 4.91327
0.674 4.93124
0.675 4.94928
0.676 4.96737
0.677 4.98551
0.678 5.00371
0.679 5.02195
0.68 5.04025
0.681 5.0586
0.682 5.07699
0.683 5.09543
0.684 5.11391
0.685 5.13244
0.686 5.15101
0.687 5.16962
0.688 5.18826
0.689 5.20694
0.69 5.22566
0.691 5.24441
0.692 5.26319
0.693 5.28201
0.694 5.30085
0.695 5.31972
0.696 5.33861
0.697 5.35752
0.698 5.37646
0.699 5.39541
0.7 5.41439
0.701 5.43338
0.702 5.45238
0.703 5.47139
0.704 5.49041
0.705 5.50945
0.706 5.52848
0.707 5.54752
0.708 5.56657
0.709 5.58561
0.71 5.60465
0.711 5.62368
0.712 5.64271
0.713 5.66173
0.714 5.68074
0.715 5.69974
0.716 5.71872
0.717 5.73768
0.718 5.75663
0.719 5.77555
0.72 5.79445
0.721 5.81332
0.722 5.83217
0.723 5.85098
0.724 5.86976
0.725 5.88851
0.726 5.90722
0.727 5.9259
0.728 5.94453
0.729 5.96311
0.73 5.98165
0.731 6.00015
0.732 6.01859
0.733 6.03698
0.734 6.05532
0.735 6.0736
0.736 6.09182
0.737 6.10998
0.738 6.12808
0.739 6.14611
0.74 6.16407
0.741 6.18197
0.742 6.19979
0.743 6.21754
0.744 6.23521
0.745 6.25281
0.746 6.27032
0.747 6.28776
0.748 6.30511
0.749 6.32237
0.75 6.33954
0.751 6.35663
0.752 6.37362
0.753 6.39052
0.754 6.40732
0.755 6.42403
0.756 6.44063
0.757 6.45713
0.758 6.47353
0.759 6.48983
0.76 6.50602
0.761 6.5221
0.762 6.53807
0.763 6.55393
0.764 6.56968
0.765 6.58531
0.766 6.60082
0.767 6.61622
0.768 6.63149
0.769 6.64665
0.77 6.66169
0.771 6.6766
0.772 6.69138
0.773 6.70604
0.774 6.72058
0.775 6.73498
0.776 6.74925
0.777 6.7634
0.778 6.77741
0.779 6.79129
0.78 6.80503
0.781 6.81864
0.782 6.83212
0.783 6.84546
0.784 6.85866
0.785 6.87172
0.786 6.88465
0.787 6.89743
0.788 6.91008
0.789 6.92258
0.79 6.93495
0.791 6.94717
0.792 6.95925
0.793 6.97119
0.794 6.98298
0.795 6.99464
0.796 7.00615
0.797 7.01751
0.798 7.02874
0.799 7.03982
0.8 7.05075
0.801 7.06154
0.802 7.07219
0.803 7.0827
0.804 7.09306
0.805 7.10328
0.806 7.11336
0.807 7.12329
0.808 7.13308
0.809 7.14273
0.81 7.15224
0.811 7.16161
0.812 7.17084
0.813 7.17992
0.814 7.18887
0.815 7.19768
0.816 7.20635
0.817 7.21488
0.818 7.22328
0.819 7.23154
0.82 7.23966
0.821 7.24765
0.822 7.25551
0.823 7.26323
0.824 7.27082
0.825 7.27828
0.826 7.28561
0.827 7.29281
0.828 7.29988
0.829 7.30682
0.83 7.31364
0.831 7.32034
0.832 7.3269
0.833 7.33335
0.834 7.33967
0.835 7.34588
0.836 7.35196
0.837 7.35793
0.838 7.36378
0.839 7.36951
0.84 7.37513
0.841 7.38063
0.842 7.38602
0.843 7.3913
0.844 7.39647
0.845 7.40153
0.846 7.40649
0.847 7.41134
0.848 7.41608
0.849 7.42072
0.85 7.42526
0.851 7.4297
0.852 7.43404
0.853 7.43828
0.854 7.44242
0.855 7.44647
0.856 7.45042
0.857 7.45428
0.858 7.45805
0.859 7.46173
0.86 7.46532
0.861 7.46882
0.862 7.47223
0.863 7.47556
0.864 7.47881
0.865 7.48197
0.866 7.48505
0.867 7.48805
0.868 7.49097
0.869 7.49381
0.87 7.49658
0.871 7.49927
0.872 7.50189
0.873 7.50443
0.874 7.50691
0.875 7.50931
0.876 7.51164
0.877 7.51391
0.878 7.5161
0.879 7.51824
0.88 7.5203
0.881 7.52231
0.882 7.52425
0.883 7.52612
0.884 7.52794
0.885 7.5297
0.886 7.5314
0.887 7.53305
0.888 7.53463
0.889 7.53617
0.89 7.53764
0.891 7.53907
0.892 7.54044
0.893 7.54176
0.894 7.54303
0.895 7.54425
0.896 7.54543
0.897 7.54655
0.898 7.54763
0.899 7.54866
0.9 7.54965
0.901 7.55059
0.902 7.55149
0.903 7.55235
0.904 7.55317
0.905 7.55395
0.906 7.55468
0.907 7.55538
0.908 7.55604
0.909 7.55666
0.91 7.55724
0.911 7.55779
0.912 7.5583
0.913 7.55878
0.914 7.55923
0.915 7.55964
0.916 7.56002
0.917 7.56036
0.918 7.56068
0.919 7.56096
0.92 7.56122
0.921 7.56144
0.922 7.56164
0.923 7.56181
0.924 7.56195
0.925 7.56206
0.926 7.56215
0.927 7.56221
0.928 7.56225
0.929 7.56226
0.93 7.56225
0.931 7.56221
0.932 7.56215
0.933 7.56207
0.934 7.56196
0.935 7.56184
0.936 7.56169
0.937 7.56152
0.938 7.56133
0.939 7.56112
0.94 7.56089
0.941 7.56065
0.942 7.56038
0.943 7.5601
0.944 7.55979
0.945 7.55947
0.946 7.55914
0.947 7.55878
0.948 7.55841
0.949 7.55803
0.95 7.55763
0.951 7.55721
0.952 7.55678
0.953 7.55633
0.954 7.55587
0.955 7.5554
0.956 7.55491
0.957 7.55441
0.958 7.55389
0.959 7.55337
0.96 7.55283
0.961 7.55227
0.962 7.55171
0.963 7.55114
0.964 7.55055
0.965 7.54995
0.966 7.54934
0.967 7.54873
0.968 7.5481
0.969 7.54746
0.97 7.54681
0.971 7.54615
0.972 7.54548
0.973 7.5448
0.974 7.54412
0.975 7.54342
0.976 7.54272
0.977 7.54201
0.978 7.54129
0.979 7.54056
0.98 7.53982
0.981 7.53908
0.982 7.53833
0.983 7.53757
0.984 7.53681
0.985 7.53603
0.986 7.53526
0.987 7.53447
0.988 7.53368
0.989 7.53288
0.99 7.53208
0.991 7.53127
0.992 7.53045
0.993 7.52963
0.994 7.5288
0.995 7.52797
0.996 7.52713
0.997 7.52629
0.998 7.52544
0.999 7.52458
1 7.52373
1.001 0
