0 -10
0.001 -5.80381
0.002 -5.79042
0.003 -5.77701
0.004 -5.7636
0.005 -5.75017
0.006 -5.73673
0.007 -5.72328
0.008 -5.70983
0.009 -5.69636
0.01 -5.68288
0.011 -5.6694
0.012 -5.65591
0.013 -5.64241
0.014 -5.62891
0.015 -5.61541
0.016 -5.60189
0.017 -5.58838
0.018 -5.57486
0.019 -5.56134
0.02 -5.54782
0.021 -5.5343
0.022 -5.52078
0.023 -5.50726
0.024 -5.49375
0.025 -5.48023
0.026 -5.46672
0.027 -5.45321
0.028 -5.43971
0.029 -5.42621
0.03 -5.41272
0.031 -5.39923
0.032 -5.38575
0.033 -5.37228
0.034 -5.35882
0.035 -5.34537
0.036 -5.33193
0.037 -5.3185
0.038 -5.30509
0.039 -5.29168
0.04 -5.27829
0.041 -5.26491
0.042 -5.25155
0.043 -5.23821
0.044 -5.22488
0.045 -5.21156
0.046 -5.19827
0.047 -5.18499
0.048 -5.17173
0.049 -5.1585
0.05 -5.14528
0.051 -5.13208
0.052 -5.11891
0.053 -5.10575
0.054 -5.09262
0.055 -5.07952
0.056 -5.06643
0.057 -5.05338
0.058 -5.04034
0.059 -5.02734
0.06 -5.01436
0.061 -5.0014
0.062 -4.98848
0.063 -4.97558
0.064 -4.96271
0.065 -4.94987
0.066 -4.93706
0.067 -4.92428
0.068 -4.91154
0.069 -4.89882
0.07 -4.88613
0.071 -4.87348
0.072 -4.86086
0.073 -4.84827
0.074 -4.83571
0.075 -4.82319
0.076 -4.81071
0.077 -4.79826
0.078 -4.78584
0.079 -4.77346
0.08 -4.76111
0.081 -4.7488
0.082 -4.73653
0.083 -4.72429
0.084 -4.71209
0.085 -4.69993
0.086 -4.6878
0.087 -4.67571
0.088 -4.66366
0.089 -4.65165
0.09 -4.63968
0.091 -4.62775
0.092 -4.61585
0.093 -4.604
0.094 -4.59218
0.095 -4.5804
0.096 -4.56867
0.097 -4.55697
0.098 -4.54531
0.099 -4.53369
0.1 -4.52211
0.101 -4.51058
0.102 -4.49908
0.103 -4.48762
0.104 -4.47621
0.105 -4.46483
0.106 -4.4535
0.107 -4.44221
0.108 -4.43095
0.109 -4.41974
0.11 -4.40857
0.111 -4.39744
0.112 -4.38635
0.113 -4.3753
0.114 -4.3643
0.115 -4.35333
0.116 -4.3424
0.117 -4.33152
0.118 -4.32068
0.119 -4.30987
0.12 -4.29911
0.121 -4.28839
0.122 -4.27771
0.123 -4.26707
0.124 -4.25647
0.125 -4.24591
0.126 -4.23539
0.127 -4.22491
0.128 -4.21448
0.129 -4.20408
0.13 -4.19372
0.131 -4.1834
0.132 -4.17312
0.133 -4.16289
0.134 -4.15269
0.135 -4.14253
0.136 -4.13241
0.137 -4.12233
0.138 -4.11229
0.139 -4.10228
0.14 -4.09232
0.141 -4.08239
0.142 -4.07251
0.143 -4.06266
0.144 -4.05285
0.145 -4.04308
0.146 -4.03335
0.147 -4.02365
0.148 -4.01399
0.149 -4.00437
0.15 -3.99479
0.151 -3.98525
0.152 -3.97574
0.153 -3.96627
0.154 -3.95683
0.155 -3.94744
0.156 -3.93807
0.157 -3.92875
0.158 -3.91946
0.159 -3.91021
0.16 -3.90099
0.161 -3.89181
0.162 -3.88266
0.163 -3.87355
0.164 -3.86448
0.165 -3.85544
0.166 -3.84643
0.167 -3.83746
0.168 -3.82852
0.169 -3.81962
0.17 -3.81075
0.171 -3.80192
0.172 -3.79311
0.173 -3.78435
0.174 -3.77561
0.175 -3.76691
0.176 -3.75824
0.177 -3.7496
0.178 -3.741
0.179 -3.73243
0.18 -3.72389
0.181 -3.71538
0.182 -3.70691
0.183 -3.69846
0.184 -3.69005
0.185 -3.68167
0.186 -3.67332
0.187 -3.665
0.188 -3.65671
0.189 -3.64845
0.19 -3.64023
0.191 -3.63203
0.192 -3.62386
0.193 -3.61572
0.194 -3.60761
0.195 -3.59953
0.196 -3.59148
0.197 -3.58346
0.198 -3.57546
0.199 -3.5675
0.2 -3.55956
0.201 -3.55165
0.202 -3.54377
0.203 -3.53592
0.204 -3.52809
0.205 -3.52029
0.206 -3.51252
0.207 -3.50478
0.208 -3.49706
0.209 -3.48937
0.21 -3.4817
0.211 -3.47407
0.212 -3.46645
0.213 -3.45886
0.214 -3.4513
0.215 -3.44377
0.216 -3.43626
0.217 -3.42877
0.218 -3.42131
0.219 -3.41387
0.22 -3.40646
0.221 -3.39907
0.222 -3.39171
0.223 -3.38437
0.224 -3.37705
0.225 -3.36976
0.226 -3.36249
0.227 -3.35524
0.228 -3.34802
0.229 -3.34081
0.23 -3.33364
0.231 -3.32648
0.232 -3.31935
0.233 -3.31223
0.234 -3.30514
0.235 -3.29808
0.236 -3.29103
0.237 -3.284
0.238 -3.277
0.239 -3.27002
0.24 -3.26305
0.241 -3.25611
0.242 -3.24919
0.243 -3.24229
0.244 -3.23541
0.245 -3.22855
0.246 -3.22171
0.247 -3.21489
0.248 -3.20808
0.249 -3.2013
0.25 -3.19454
0.251 -3.18779
0.252 -3.18107
0.253 -3.17436
0.254 -3.16768
0.255 -3.16101
0.256 -3.15435
0.257 -3.14772
0.258 -3.14111
0.259 -3.13451
0.26 -3.12793
0.261 -3.12137
0.262 -3.11483
0.263 -3.1083
0.264 -3.10179
0.265 -3.0953
0.266 -3.08882
0.267 -3.08236
0.268 -3.07592
0.269 -3.0695
0.27 -3.06309
0.271 -3.05669
0.272 -3.05032
0.273 -3.04396
0.274 -3.03761
0.275 -3.03128
0.276 -3.02497
0.277 -3.01867
0.278 -3.01239
0.279 -3.00612
0.28 -2.99987
0.281 -2.99363
0.282 -2.98741
0.283 -2.98121
0.284 -2.97501
0.285 -2.96884
0.286 -2.96267
0.287 -2.95652
0.288 -2.95039
0.289 -2.94427
0.29 -2.93816
0.291 -2.93207
0.292 -2.92599
0.293 -2.91993
0.294 -2.91388
0.295 -2.90784
0.296 -2.90182
0.297 -2.8958
0.298 -2.88981
0.299 -2.88382
0.3 -2.87785
0.301 -2.87189
0.302 -2.86595
0.303 -2.86002
0.304 -2.8541
0.305 -2.84819
0.306 -2.84229
0.307 -2.83641
0.308 -2.83054
0.309 -2.82468
0.31 -2.81884
0.311 -2.81301
0.312 -2.80718
0.313 -2.80137
0.314 -2.79558
0.315 -2.78979
0.316 -2.78401
0.317 -2.77825
0.318 -2.7725
0.319 -2.76676
0.32 -2.76103
0.321 -2.75531
0.322 -2.7496
0.323 -2.74391
0.324 -2.73822
0.325 -2.73255
0.326 -2.72688
0.327 -2.72123
0.328 -2.71559
0.329 -2.70995
0.33 -2.70433
0.331 -2.69872
0.332 -2.69312
0.333 -2.68753
0.334 -2.68194
0.335 -2.67637
0.336 -2.67081
0.337 -2.66526
0.338 -2.65971
0.339 -2.65418
0.34 -2.64866
0.341 -2.64314
0.342 -2.63764
0.343 -2.63214
0.344 -2.62665
0.345 -2.62118
0.346 -2.61571
0.347 -2.61025
0.348 -2.6048
0.349 -2.59935
0.35 -2.59392
0.351 -2.58849
0.352 -2.58307
0.353 -2.57767
0.354 -2.57226
0.355 -2.56687
0.356 -2.56149
0.357 -2.55611
0.358 -2.55074
0.359 -2.54538
0.36 -2.54002
0.361 -2.53468
0.362 -2.52934
0.363 -2.524
0.364 -2.51868
0.365 -2.51336
0.366 -2.50805
0.367 -2.50275
0.368 -2.49745
0.369 -2.49216
0.37 -2.48687
0.371 -2.4816
0.372 -2.47632
0.373 -2.47106
0.374 -2.4658
0.375 -2.46055
0.376 -2.4553
0.377 -2.45006
0.378 -2.44482
0.379 -2.4396
0.38 -2.43437
0.381 -2.42915
0.382 -2.42394
0.383 -2.41873
0.384 -2.41353
0.385 -2.40833
0.386 -2.40314
0.387 -2.39795
0.388 -2.39276
0.389 -2.38758
0.39 -2.38241
0.391 -2.37724
0.392 -2.37207
0.393 -2.36691
0.394 -2.36175
0.395 -2.35659
0.396 -2.35144
0.397 -2.34629
0.398 -2.34115
0.399 -2.33601
0.4 -2.33087
0.401 -2.32574
0.402 -2.3206
0.403 -2.31548
0.404 -2.31035
0.405 -2.30523
0.406 -2.3001
0.407 -2.29499
0.408 -2.28987
0.409 -2.28475
0.41 -2.27964
0.411 -2.27453
0.412 -2.26942
0.413 -2.26431
0.414 -2.25921
0.415 -2.2541
0.416 -2.249
0.417 -2.24389
0.418 -2.23879
0.419 -2.23369
0.42 -2.22859
0.421 -2.22349
0.422 -2.21839
0.423 -2.21329
0.424 -2.20819
0.425 -2.20309
0.426 -2.19799
0.427 -2.19289
0.428 -2.18779
0.429 -2.18269
0.43 -2.17758
0.431 -2.17248
0.432 -2.16737
0.433 -2.16227
0.434 -2.15716
0.435 -2.15205
0.436 -2.14694
0.437 -2.14183
0.438 -2.13671
0.439 -2.1316
0.44 -2.12648
0.441 -2.12136
0.442 -2.11623
0.443 -2.11111
0.444 -2.10598
0.445 -2.10085
0.446 -2.09571
0.447 -2.09057
0.448 -2.08543
0.449 -2.08028
0.45 -2.07513
0.451 -2.06998
0.452 -2.06482
0.453 -2.05966
0.454 -2.05449
0.455 -2.04932
0.456 -2.04414
0.457 -2.03896
0.458 -2.03377
0.459 -2.02858
0.46 -2.02338
0.461 -2.01818
0.462 -2.01297
0.463 -2.00776
0.464 -2.00254
0.465 -1.99731
0.466 -1.99207
0.467 -1.98683
0.468 -1.98159
0.469 -1.97633
0.47 -1.97107
0.471 -1.9658
0.472 -1.96053
0.473 -1.95524
0.474 -1.94995
0.475 -1.94465
0.476 -1.93935
0.477 -1.93403
0.478 -1.92871
0.479 -1.92337
0.48 -1.91803
0.481 -1.91268
0.482 -1.90732
0.483 -1.90195
0.484 -1.89657
0.485 -1.89118
0.486 -1.88578
0.487 -1.88037
0.488 -1.87496
0.489 -1.86953
0.49 -1.86409
0.491 -1.85863
0.492 -1.85317
0.493 -1.8477
0.494 -1.84221
0.495 -1.83672
0.496 -1.83121
0.497 -1.82569
0.498 -1.82016
0.499 -1.81461
0.5 -1.80906
0.501 -1.80349
0.502 -1.79791
0.503 -1.79231
0.504 -1.7867
0.505 -1.78108
0.506 -1.77544
0.507 -1.7698
0.508 -1.76413
0.509 -1.75846
0.51 -1.75276
0.511 -1.74706
0.512 -1.74134
0.513 -1.7356
0.514 -1.72985
0.515 -1.72408
0.516 -1.7183
0.517 -1.71251
0.518 -1.70669
0.519 -1.70087
0.52 -1.69502
0.521 -1.68916
0.522 -1.68328
0.523 -1.67739
0.524 -1.67148
0.525 -1.66555
0.526 -1.6596
0.527 -1.65364
0.528 -1.64766
0.529 -1.64166
0.53 -1.63564
0.531 -1.62961
0.532 -1.62356
0.533 -1.61749
0.534 -1.6114
0.535 -1.60529
0.536 -1.59916
0.537 -1.59301
0.538 -1.58685
0.539 -1.58066
0.54 -1.57446
0.541 -1.56823
0.542 -1.56199
0.543 -1.55572
0.544 -1.54944
0.545 -1.54313
0.546 -1.53681
0.547 -1.53046
0.548 -1.52409
0.549 -1.5177
0.55 -1.51129
0.551 -1.50486
0.552 -1.49841
0.553 -1.49194
0.554 -1.48544
0.555 -1.47892
0.556 -1.47238
0.557 -1.46582
0.558 -1.45924
0.559 -1.45263
0.56 -1.446
0.561 -1.43935
0.562 -1.43268
0.563 -1.42598
0.564 -1.41926
0.565 -1.41252
0.566 -1.40575
0.567 -1.39896
0.568 -1.39215
0.569 -1.38532
0.57 -1.37846
0.571 -1.37158
0.572 -1.36467
0.573 -1.35774
0.574 -1.35079
0.575 -1.34381
0.576 -1.33681
0.577 -1.32979
0.578 -1.32274
0.579 -1.31567
0.58 -1.30858
0.581 -1.30146
0.582 -1.29432
0.583 -1.28715
0.584 -1.27997
0.585 -1.27275
0.586 -1.26552
0.587 -1.25826
0.588 -1.25098
0.589 -1.24367
0.59 -1.23634
0.591 -1.22899
0.592 -1.22161
0.593 -1.21421
0.594 -1.20679
0.595 -1.19934
0.596 -1.19188
0.597 -1.18439
0.598 -1.17687
0.599 -1.16934
0.6 -1.16178
0.601 -1.15421
0.602 -1.14661
0.603 -1.13898
0.604 -1.13134
0.605 -1.12368
0.606 -1.11599
0.607 -1.10829
0.608 -1.10056
0.609 -1.09282
0.61 -1.08506
0.611 -1.07727
0.612 -1.06947
0.613 -1.06165
0.614 -1.05381
0.615 -1.04596
0.616 -1.03808
0.617 -1.03019
0.618 -1.02229
0.619 -1.01436
0.62 -1.00643
0.621 -0.998474
0.622 -0.990507
0.623 -0.982526
0.624 -0.974531
0.625 -0.966524
0.626 -0.958505
0.627 -0.950474
0.628 -0.942432
0.629 -0.93438
0.63 -0.926318
0.631 -0.918248
0.632 -0.910169
0.633 -0.902083
0.634 -0.89399
0.635 -0.885891
0.636 -0.877787
0.637 -0.869679
0.638 -0.861568
0.639 -0.853454
0.64 -0.845339
0.641 -0.837223
0.642 -0.829107
0.643 -0.820992
0.644 -0.81288
0.645 -0.80477
0.646 -0.796666
0.647 -0.788566
0.648 -0.780473
0.649 -0.772388
0.65 -0.764311
0.651 -0.756244
0.652 -0.748189
0.653 -0.740146
0.654 -0.732116
0.655 -0.724101
0.656 -0.716103
0.657 -0.708122
0.658 -0.700159
0.659 -0.692217
0.66 -0.684297
0.661 -0.6764
0.662 -0.668527
0.663 -0.66068
0.664 -0.652861
0.665 -0.645071
0.666 -0.637311
0.667 -0.629583
0.668 -0.62189
0.669 -0.614231
0.67 -0.60661
0.671 -0.599028
0.672 -0.591486
0.673 -0.583986
0.674 -0.57653
0.675 -0.56912
0.676 -0.561757
0.677 -0.554443
0.678 -0.547181
0.679 -0.539971
0.68 -0.532816
0.681 -0.525718
0.682 -0.518679
0.683 -0.5117
0.684 -0.504784
0.685 -0.497932
0.686 -0.491147
0.687 -0.484429
0.688 -0.477783
0.689 -0.471209
0.69 -0.464709
0.691 -0.458286
0.692 -0.451941
0.693 -0.445677
0.694 -0.439496
0.695 -0.4334
0.696 -0.42739
0.697 -0.42147
0.698 -0.415641
0.699 -0.409904
0.7 -0.404264
0.701 -0.39872
0.702 -0.393276
0.703 -0.387934
0.704 -0.382696
0.705 -0.377563
0.706 -0.372539
0.707 -0.367624
0.708 -0.362822
0.709 -0.358134
0.71 -0.353563
0.711 -0.34911
0.712 -0.344777
0.713 -0.340568
0.714 -0.336482
0.715 -0.332524
0.716 -0.328694
0.717 -0.324995
0.718 -0.321428
0.719 -0.317996
0.72 -0.314701
0.721 -0.311544
0.722 -0.308527
0.723 -0.305653
0.724 -0.302923
0.725 -0.300338
0.726 -0.297902
0.727 -0.295614
0.728 -0.293478
0.729 -0.291495
0.73 -0.289667
0.731 -0.287994
0.732 -0.28648
0.733 -0.285124
0.734 -0.28393
0.735 -0.282898
0.736 -0.28203
0.737 -0.281327
0.738 -0.280791
0.739 -0.280422
0.74 -0.280223
0.741 -0.280195
0.742 -0.280337
0.743 -0.280653
0.744 -0.281143
0.745 -0.281807
0.746 -0.282648
0.747 -0.283665
0.748 -0.284861
0.749 -0.286234
0.75 -0.287788
0.751 -0.289521
0.752 -0.291436
0.753 -0.293532
0.754 -0.29581
0.755 -0.29827
0.756 -0.300914
0.757 -0.303742
0.758 -0.306753
0.759 -0.309948
0.76 -0.313328
0.761 -0.316893
0.762 -0.320642
0.763 -0.324576
0.764 -0.328695
0.765 -0.332999
0.766 -0.337487
0.767 -0.34216
0.768 -0.347018
0.769 -0.352059
0.77 -0.357284
0.771 -0.362693
0.772 -0.368284
0.773 -0.374058
0.774 -0.380013
0.775 -0.38615
0.776 -0.392467
0.777 -0.398964
0.778 -0.405639
0.779 -0.412493
0.78 -0.419524
0.781 -0.426731
0.782 -0.434113
0.783 -0.441669
0.784 -0.449399
0.785 -0.457299
0.786 -0.465371
0.787 -0.473611
0.788 -0.48202
0.789 -0.490595
0.79 -0.499334
0.791 -0.508238
0.792 -0.517303
0.793 -0.526528
0.794 -0.535913
0.795 -0.545454
0.796 -0.55515
0.797 -0.565
0.798 -0.575002
0.799 -0.585153
0.8 -0.595453
0.801 -0.605898
0.802 -0.616488
0.803 -0.627219
0.804 -0.63809
0.805 -0.649099
0.806 -0.660244
0.807 -0.671522
0.808 -0.682932
0.809 -0.694471
0.81 -0.706136
0.811 -0.717926
0.812 -0.729839
0.813 -0.741872
0.814 -0.754022
0.815 -0.766287
0.816 -0.778665
0.817 -0.791154
0.818 -0.803751
0.819 -0.816453
0.82 -0.829259
0.821 -0.842165
0.822 -0.855169
0.823 -0.868269
0.824 -0.881462
0.825 -0.894746
0.826 -0.908117
0.827 -0.921575
0.828 -0.935115
0.829 -0.948736
0.83 -0.962435
0.831 -0.976209
0.832 -0.990056
0.833 -1.00397
0.834 -1.01796
0.835 -1.03201
0.836 -1.04612
0.837 -1.0603
0.838 -1.07453
0.839 -1.08881
0.84 -1.10315
0.841 -1.11754
0.842 -1.13198
0.843 -1.14646
0.844 -1.16099
0.845 -1.17555
0.846 -1.19016
0.847 -1.2048
0.848 -1.21947
0.849 -1.23418
0.85 -1.24891
0.851 -1.26367
0.852 -1.27845
0.853 -1.29326
0.854 -1.30808
0.855 -1.32292
0.856 -1.33778
0.857 -1.35265
0.858 -1.36753
0.859 -1.38242
0.86 -1.39732
0.861 -1.41222
0.862 -1.42712
0.863 -1.44203
0.864 -1.45693
0.865 -1.47183
0.866 -1.48672
0.867 -1.50161
0.868 -1.51649
0.869 -1.53136
0.87 -1.54622
0.871 -1.56106
0.872 -1.57588
0.873 -1.59069
0.874 -1.60548
0.875 -1.62025
0.876 -1.63499
0.877 -1.64972
0.878 -1.66441
0.879 -1.67908
0.88 -1.69372
0.881 -1.70834
0.882 -1.72292
0.883 -1.73746
0.884 -1.75198
0.885 -1.76646
0.886 -1.7809
0.887 -1.79531
0.888 -1.80967
0.889 -1.824
0.89 -1.83829
0.891 -1.85253
0.892 -1.86673
0.893 -1.88089
0.894 -1.895
0.895 -1.90906
0.896 -1.92308
0.897 -1.93705
0.898 -1.95098
0.899 -1.96485
0.9 -1.97867
0.901 -1.99244
0.902 -2.00616
0.903 -2.01983
0.904 -2.03344
0.905 -2.047
0.906 -2.0605
0.907 -2.07395
0.908 -2.08735
0.909 -2.10068
0.91 -2.11396
0.911 -2.12719
0.912 -2.14035
0.913 -2.15346
0.914 -2.16651
0.915 -2.1795
0.916 -2.19242
0.917 -2.20529
0.918 -2.2181
0.919 -2.23085
0.92 -2.24354
0.921 -2.25617
0.922 -2.26873
0.923 -2.28124
0.924 -2.29368
0.925 -2.30606
0.926 -2.31838
0.927 -2.33063
0.928 -2.34282
0.929 -2.35496
0.93 -2.36702
0.931 -2.37903
0.932 -2.39097
0.933 -2.40285
0.934 -2.41467
0.935 -2.42642
0.936 -2.43811
0.937 -2.44974
0.938 -2.4613
0.939 -2.4728
0.94 -2.48424
0.941 -2.49562
0.942 -2.50693
0.943 -2.51818
0.944 -2.52937
0.945 -2.5405
0.946 -2.55156
0.947 -2.56256
0.948 -2.5735
0.949 -2.58438
0.95 -2.5952
0.951 -2.60595
0.952 -2.61664
0.953 -2.62728
0.954 -2.63785
0.955 -2.64836
0.956 -2.65881
0.957 -2.6692
0.958 -2.67953
0.959 -2.6898
0.96 -2.70001
0.961 -2.71016
0.962 -2.72025
0.963 -2.73028
0.964 -2.74026
0.965 -2.75017
0.966 -2.76003
0.967 -2.76983
0.968 -2.77958
0.969 -2.78926
0.97 -2.79889
0.971 -2.80846
0.972 -2.81798
0.973 -2.82744
0.974 -2.83685
0.975 -2.8462
0.976 -2.85549
0.977 -2.86473
0.978 -2.87392
0.979 -2.88305
0.98 -2.89213
0.981 -2.90116
0.982 -2.91013
0.983 -2.91905
0.984 -2.92792
0.985 -2.93674
0.986 -2.9455
0.987 -2.95422
0.988 -2.96288
0.989 -2.97149
0.99 -2.98006
0.991 -2.98857
0.992 -2.99703
0.993 -3.00545
0.994 -3.01381
0.995 -3.02213
0.996 -3.0304
0.997 -3.03862
0.998 -3.0468
0.999 -3.05493
1 -3.06301
1.001 -10
