0 -10
0.001 -5.43898
0.002 -5.4264
0.003 -5.41384
0.004 -5.40132
0.005 -5.38882
0.006 -5.37634
0.007 -5.3639
0.008 -5.35148
0.009 -5.33909
0.01 -5.32673
0.011 -5.3144
0.012 -5.30209
0.013 -5.28982
0.014 -5.27757
0.015 -5.26535
0.016 -5.25316
0.017 -5.241
0.018 -5.22887
0.019 -5.21677
0.02 -5.2047
0.021 -5.19265
0.022 -5.18064
0.023 -5.16865
0.024 -5.1567
0.025 -5.14477
0.026 -5.13288
0.027 -5.12101
0.028 -5.10917
0.029 -5.09737
0.03 -5.08559
0.031 -5.07384
0.032 -5.06212
0.033 -5.05044
0.034 -5.03878
0.035 -5.02715
0.036 -5.01555
0.037 -5.00399
0.038 -4.99245
0.039 -4.98094
0.04 -4.96947
0.041 -4.95802
0.042 -4.94661
0.043 -4.93522
0.044 -4.92386
0.045 -4.91254
0.046 -4.90124
0.047 -4.88998
0.048 -4.87875
0.049 -4.86754
0.05 -4.85637
0.051 -4.84523
0.052 -4.83411
0.053 -4.82303
0.054 -4.81198
0.055 -4.80096
0.056 -4.78997
0.057 -4.77901
0.058 -4.76808
0.059 -4.75718
0.06 -4.74631
0.061 -4.73547
0.062 -4.72466
0.063 -4.71388
0.064 -4.70314
0.065 -4.69242
0.066 -4.68173
0.067 -4.67108
0.068 -4.66045
0.069 -4.64986
0.07 -4.63929
0.071 -4.62876
0.072 -4.61826
0.073 -4.60778
0.074 -4.59734
0.075 -4.58693
0.076 -4.57655
0.077 -4.5662
0.078 -4.55587
0.079 -4.54559
0.08 -4.53533
0.081 -4.5251
0.082 -4.5149
0.083 -4.50473
0.084 -4.49459
0.085 -4.48449
0.086 -4.47441
0.087 -4.46437
0.088 -4.45435
0.089 -4.44437
0.09 -4.43441
0.091 -4.42449
0.092 -4.4146
0.093 -4.40473
0.094 -4.3949
0.095 -4.3851
0.096 -4.37533
0.097 -4.36559
0.098 -4.35588
0.099 -4.3462
0.1 -4.33655
0.101 -4.32694
0.102 -4.31735
0.103 -4.30779
0.104 -4.29827
0.105 -4.28877
0.106 -4.2793
0.107 -4.26987
0.108 -4.26046
0.109 -4.25109
0.11 -4.24175
0.111 -4.23243
0.112 -4.22315
0.113 -4.2139
0.114 -4.20468
0.115 -4.19548
0.116 -4.18632
0.117 -4.17719
0.118 -4.16809
0.119 -4.15902
0.12 -4.14997
0.121 -4.14096
0.122 -4.13198
0.123 -4.12303
0.124 -4.11411
0.125 -4.10522
0.126 -4.09635
0.127 -4.08752
0.128 -4.07872
0.129 -4.06995
0.13 -4.0612
0.131 -4.05249
0.132 -4.0438
0.133 -4.03515
0.134 -4.02652
0.135 -4.01793
0.136 -4.00936
0.137 -4.00082
0.138 -3.99231
0.139 -3.98383
0.14 -3.97538
0.141 -3.96695
0.142 -3.95856
0.143 -3.95019
0.144 -3.94185
0.145 -3.93354
0.146 -3.92526
0.147 -3.91701
0.148 -3.90878
0.149 -3.90058
0.15 -3.89241
0.151 -3.88427
0.152 -3.87615
0.153 -3.86806
0.154 -3.86
0.155 -3.85197
0.156 -3.84396
0.157 -3.83598
0.158 -3.82803
0.159 -3.8201
0.16 -3.8122
0.161 -3.80433
0.162 -3.79648
0.163 -3.78866
0.164 -3.78086
0.165 -3.77309
0.166 -3.76535
0.167 -3.75763
0.168 -3.74994
0.169 -3.74227
0.17 -3.73463
0.171 -3.72701
0.172 -3.71941
0.173 -3.71185
0.174 -3.7043
0.175 -3.69678
0.176 -3.68929
0.177 -3.68181
0.178 -3.67436
0.179 -3.66694
0.18 -3.65954
0.181 -3.65216
0.182 -3.64481
0.183 -3.63748
0.184 -3.63017
0.185 -3.62288
0.186 -3.61562
0.187 -3.60838
0.188 -3.60116
0.189 -3.59396
0.19 -3.58679
0.191 -3.57963
0.192 -3.5725
0.193 -3.56539
0.194 -3.5583
0.195 -3.55124
0.196 -3.54419
0.197 -3.53716
0.198 -3.53016
0.199 -3.52317
0.2 -3.51621
0.201 -3.50927
0.202 -3.50234
0.203 -3.49544
0.204 -3.48855
0.205 -3.48169
0.206 -3.47484
0.207 -3.46801
0.208 -3.4612
0.209 -3.45442
0.21 -3.44765
0.211 -3.44089
0.212 -3.43416
0.213 -3.42744
0.214 -3.42075
0.215 -3.41407
0.216 -3.40741
0.217 -3.40076
0.218 -3.39414
0.219 -3.38753
0.22 -3.38094
0.221 -3.37436
0.222 -3.3678
0.223 -3.36126
0.224 -3.35474
0.225 -3.34823
0.226 -3.34174
0.227 -3.33526
0.228 -3.3288
0.229 -3.32236
0.23 -3.31593
0.231 -3.30952
0.232 -3.30312
0.233 -3.29674
0.234 -3.29037
0.235 -3.28402
0.236 -3.27768
0.237 -3.27136
0.238 -3.26505
0.239 -3.25876
0.24 -3.25248
0.241 -3.24621
0.242 -3.23996
0.243 -3.23372
0.244 -3.2275
0.245 -3.22129
0.246 -3.21509
0.247 -3.20891
0.248 -3.20274
0.249 -3.19659
0.25 -3.19044
0.251 -3.18431
0.252 -3.17819
0.253 -3.17209
0.254 -3.166
0.255 -3.15992
0.256 -3.15385
0.257 -3.14779
0.258 -3.14175
0.259 -3.13572
0.26 -3.1297
0.261 -3.12369
0.262 -3.11769
0.263 -3.11171
0.264 -3.10573
0.265 -3.09977
0.266 -3.09382
0.267 -3.08788
0.268 -3.08195
0.269 -3.07603
0.27 -3.07012
0.271 -3.06423
0.272 -3.05834
0.273 -3.05246
0.274 -3.0466
0.275 -3.04074
0.276 -3.03489
0.277 -3.02906
0.278 -3.02323
0.279 -3.01741
0.28 -3.01161
0.281 -3.00581
0.282 -3.00002
0.283 -2.99424
0.284 -2.98847
0.285 -2.98271
0.286 -2.97696
0.287 -2.97121
0.288 -2.96548
0.289 -2.95975
0.29 -2.95404
0.291 -2.94833
0.292 -2.94263
0.293 -2.93694
0.294 -2.93125
0.295 -2.92558
0.296 -2.91991
0.297 -2.91425
0.298 -2.9086
0.299 -2.90295
0.3 -2.89732
0.301 -2.89169
0.302 -2.88607
0.303 -2.88045
0.304 -2.87484
0.305 -2.86924
0.306 -2.86365
0.307 -2.85807
0.308 -2.85249
0.309 -2.84691
0.31 -2.84135
0.311 -2.83579
0.312 -2.83024
0.313 -2.82469
0.314 -2.81915
0.315 -2.81361
0.316 -2.80809
0.317 -2.80257
0.318 -2.79705
0.319 -2.79154
0.32 -2.78603
0.321 -2.78054
0.322 -2.77504
0.323 -2.76956
0.324 -2.76407
0.325 -2.7586
0.326 -2.75312
0.327 -2.74766
0.328 -2.7422
0.329 -2.73674
0.33 -2.73129
0.331 -2.72584
0.332 -2.7204
0.333 -2.71496
0.334 -2.70953
0.335 -2.7041
0.336 -2.69867
0.337 -2.69325
0.338 -2.68783
0.339 -2.68242
0.34 -2.67701
0.341 -2.67161
0.342 -2.66621
0.343 -2.66081
0.344 -2.65542
0.345 -2.65003
0.346 -2.64464
0.347 -2.63926
0.348 -2.63388
0.349 -2.6285
0.35 -2.62313
0.351 -2.61776
0.352 -2.61239
0.353 -2.60702
0.354 -2.60166
0.355 -2.5963
0.356 -2.59094
0.357 -2.58559
0.358 -2.58024
0.359 -2.57488
0.36 -2.56954
0.361 -2.56419
0.362 -2.55885
0.363 -2.55351
0.364 -2.54817
0.365 -2.54283
0.366 -2.53749
0.367 -2.53216
0.368 -2.52682
0.369 -2.52149
0.37 -2.51616
0.371 -2.51083
0.372 -2.5055
0.373 -2.50017
0.374 -2.49485
0.375 -2.48952
0.376 -2.4842
0.377 -2.47887
0.378 -2.47355
0.379 -2.46823
0.38 -2.46291
0.381 -2.45759
0.382 -2.45226
0.383 -2.44694
0.384 -2.44162
0.385 -2.4363
0.386 -2.43098
0.387 -2.42566
0.388 -2.42034
0.389 -2.41502
0.39 -2.4097
0.391 -2.40437
0.392 -2.39905
0.393 -2.39373
0.394 -2.3884
0.395 -2.38308
0.396 -2.37775
0.397 -2.37243
0.398 -2.3671
0.399 -2.36177
0.4 -2.35644
0.401 -2.35111
0.402 -2.34578
0.403 -2.34044
0.404 -2.33511
0.405 -2.32977
0.406 -2.32443
0.407 -2.31909
0.408 -2.31375
0.409 -2.3084
0.41 -2.30306
0.411 -2.29771
0.412 -2.29236
0.413 -2.287
0.414 -2.28165
0.415 -2.27629
0.416 -2.27093
0.417 -2.26557
0.418 -2.2602
0.419 -2.25483
0.42 -2.24946
0.421 -2.24409
0.422 -2.23871
0.423 -2.23333
0.424 -2.22795
0.425 -2.22256
0.426 -2.21717
0.427 -2.21178
0.428 -2.20638
0.429 -2.20098
0.43 -2.19558
0.431 -2.19017
0.432 -2.18476
0.433 -2.17935
0.434 -2.17393
0.435 -2.1685
0.436 -2.16308
0.437 -2.15765
0.438 -2.15221
0.439 -2.14677
0.44 -2.14133
0.441 -2.13588
0.442 -2.13043
0.443 -2.12497
0.444 -2.11951
0.445 -2.11404
0.446 -2.10857
0.447 -2.10309
0.448 -2.09761
0.449 -2.09212
0.45 -2.08663
0.451 -2.08113
0.452 -2.07563
0.453 -2.07012
0.454 -2.06461
0.455 -2.05909
0.456 -2.05357
0.457 -2.04804
0.458 -2.0425
0.459 -2.03696
0.46 -2.03142
0.461 -2.02586
0.462 -2.0203
0.463 -2.01474
0.464 -2.00917
0.465 -2.00359
0.466 -1.99801
0.467 -1.99242
0.468 -1.98683
0.469 -1.98122
0.47 -1.97562
0.471 -1.97
0.472 -1.96438
0.473 -1.95875
0.474 -1.95312
0.475 -1.94748
0.476 -1.94183
0.477 -1.93617
0.478 -1.93051
0.479 -1.92484
0.48 -1.91917
0.481 -1.91348
0.482 -1.90779
0.483 -1.9021
0.484 -1.89639
0.485 -1.89068
0.486 -1.88496
0.487 -1.87924
0.488 -1.8735
0.489 -1.86776
0.49 -1.86201
0.491 -1.85626
0.492 -1.85049
0.493 -1.84472
0.494 -1.83894
0.495 -1.83316
0.496 -1.82736
0.497 -1.82156
0.498 -1.81575
0.499 -1.80993
0.5 -1.80411
0.501 -1.79827
0.502 -1.79243
0.503 -1.78658
0.504 -1.78072
0.505 -1.77486
0.506 -1.76898
0.507 -1.7631
0.508 -1.75721
0.509 -1.75131
0.51 -1.74541
0.511 -1.73949
0.512 -1.73357
0.513 -1.72764
0.514 -1.7217
0.515 -1.71575
0.516 -1.7098
0.517 -1.70383
0.518 -1.69786
0.519 -1.69188
0.52 -1.68589
0.521 -1.67989
0.522 -1.67389
0.523 -1.66787
0.524 -1.66185
0.525 -1.65582
0.526 -1.64978
0.527 -1.64373
0.528 -1.63768
0.529 -1.63162
0.53 -1.62554
0.531 -1.61946
0.532 -1.61338
0.533 -1.60728
0.534 -1.60117
0.535 -1.59506
0.536 -1.58894
0.537 -1.58281
0.538 -1.57667
0.539 -1.57053
0.54 -1.56437
0.541 -1.55821
0.542 -1.55204
0.543 -1.54587
0.544 -1.53968
0.545 -1.53349
0.546 -1.52729
0.547 -1.52108
0.548 -1.51486
0.549 -1.50864
0.55 -1.50241
0.551 -1.49617
0.552 -1.48992
0.553 -1.48367
0.554 -1.47741
0.555 -1.47114
0.556 -1.46487
0.557 -1.45858
0.558 -1.45229
0.559 -1.446
0.56 -1.43969
0.561 -1.43338
0.562 -1.42707
0.563 -1.42074
0.564 -1.41441
0.565 -1.40808
0.566 -1.40174
0.567 -1.39539
0.568 -1.38903
0.569 -1.38267
0.57 -1.37631
0.571 -1.36993
0.572 -1.36356
0.573 -1.35717
0.574 -1.35079
0.575 -1.34439
0.576 -1.33799
0.577 -1.33159
0.578 -1.32518
0.579 -1.31877
0.58 -1.31235
0.581 -1.30593
0.582 -1.29951
0.583 -1.29308
0.584 -1.28664
0.585 -1.2802
0.586 -1.27376
0.587 -1.26732
0.588 -1.26087
0.589 -1.25442
0.59 -1.24797
0.591 -1.24151
0.592 -1.23506
0.593 -1.2286
0.594 -1.22213
0.595 -1.21567
0.596 -1.20921
0.597 -1.20274
0.598 -1.19627
0.599 -1.1898
0.6 -1.18333
0.601 -1.17686
0.602 -1.17039
0.603 -1.16392
0.604 -1.15745
0.605 -1.15099
0.606 -1.14452
0.607 -1.13805
0.608 -1.13158
0.609 -1.12512
0.61 -1.11866
0.611 -1.1122
0.612 -1.10574
0.613 -1.09928
0.614 -1.09283
0.615 -1.08638
0.616 -1.07994
0.617 -1.0735
0.618 -1.06706
0.619 -1.06062
0.62 -1.0542
0.621 -1.04777
0.622 -1.04135
0.623 -1.03494
0.624 -1.02854
0.625 -1.02214
0.626 -1.01574
0.627 -1.00936
0.628 -1.00298
0.629 -0.996609
0.63 -0.990247
0.631 -0.983893
0.632 -0.977548
0.633 -0.971212
0.634 -0.964885
0.635 -0.958569
0.636 -0.952263
0.637 -0.945967
0.638 -0.939683
0.639 -0.93341
0.64 -0.92715
0.641 -0.920901
0.642 -0.914665
0.643 -0.908443
0.644 -0.902233
0.645 -0.896038
0.646 -0.889857
0.647 -0.883691
0.648 -0.87754
0.649 -0.871405
0.65 -0.865286
0.651 -0.859183
0.652 -0.853098
0.653 -0.84703
0.654 -0.840979
0.655 -0.834947
0.656 -0.828934
0.657 -0.82294
0.658 -0.816965
0.659 -0.811011
0.66 -0.805077
0.661 -0.799165
0.662 -0.793274
0.663 -0.787405
0.664 -0.781558
0.665 -0.775735
0.666 -0.769935
0.667 -0.764159
0.668 -0.758407
0.669 -0.752681
0.67 -0.74698
0.671 -0.741304
0.672 -0.735656
0.673 -0.730034
0.674 -0.72444
0.675 -0.718873
0.676 -0.713336
0.677 -0.707827
0.678 -0.702347
0.679 -0.696898
0.68 -0.691479
0.681 -0.686091
0.682 -0.680735
0.683 -0.675411
0.684 -0.67012
0.685 -0.664861
0.686 -0.659637
0.687 -0.654446
0.688 -0.64929
0.689 -0.64417
0.69 -0.639085
0.691 -0.634036
0.692 -0.629024
0.693 -0.62405
0.694 -0.619113
0.695 -0.614215
0.696 -0.609356
0.697 -0.604536
0.698 -0.599756
0.699 -0.595017
0.7 -0.590318
0.701 -0.585661
0.702 -0.581047
0.703 -0.576474
0.704 -0.571945
0.705 -0.56746
0.706 -0.563019
0.707 -0.558622
0.708 -0.55427
0.709 -0.549965
0.71 -0.545705
0.711 -0.541492
0.712 -0.537327
0.713 -0.533209
0.714 -0.52914
0.715 -0.525119
0.716 -0.521147
0.717 -0.517226
0.718 -0.513354
0.719 -0.509533
0.72 -0.505764
0.721 -0.502046
0.722 -0.498381
0.723 -0.494768
0.724 -0.491208
0.725 -0.487702
0.726 -0.48425
0.727 -0.480853
0.728 -0.47751
0.729 -0.474224
0.73 -0.470993
0.731 -0.467818
0.732 -0.464701
0.733 -0.461641
0.734 -0.458638
0.735 -0.455694
0.736 -0.452808
0.737 -0.449981
0.738 -0.447214
0.739 -0.444507
0.74 -0.44186
0.741 -0.439273
0.742 -0.436748
0.743 -0.434284
0.744 -0.431882
0.745 -0.429542
0.746 -0.427265
0.747 -0.425051
0.748 -0.4229
0.749 -0.420813
0.75 -0.41879
0.751 -0.416831
0.752 -0.414937
0.753 -0.413109
0.754 -0.411345
0.755 -0.409648
0.756 -0.408016
0.757 -0.406451
0.758 -0.404952
0.759 -0.40352
0.76 -0.402156
0.761 -0.400859
0.762 -0.39963
0.763 -0.398469
0.764 -0.397376
0.765 -0.396352
0.766 -0.395397
0.767 -0.39451
0.768 -0.393693
0.769 -0.392946
0.77 -0.392268
0.771 -0.39166
0.772 -0.391122
0.773 -0.390655
0.774 -0.390258
0.775 -0.389932
0.776 -0.389676
0.777 -0.389492
0.778 -0.389378
0.779 -0.389336
0.78 -0.389366
0.781 -0.389467
0.782 -0.38964
0.783 -0.389884
0.784 -0.3902
0.785 -0.390589
0.786 -0.391049
0.787 -0.391582
0.788 -0.392187
0.789 -0.392864
0.79 -0.393614
0.791 -0.394436
0.792 -0.39533
0.793 -0.396297
0.794 -0.397336
0.795 -0.398448
0.796 -0.399632
0.797 -0.400889
0.798 -0.402219
0.799 -0.40362
0.8 -0.405095
0.801 -0.406641
0.802 -0.408261
0.803 -0.409952
0.804 -0.411716
0.805 -0.413551
0.806 -0.415459
0.807 -0.417439
0.808 -0.419491
0.809 -0.421615
0.81 -0.42381
0.811 -0.426077
0.812 -0.428416
0.813 -0.430826
0.814 -0.433307
0.815 -0.435859
0.816 -0.438482
0.817 -0.441176
0.818 -0.44394
0.819 -0.446774
0.82 -0.449679
0.821 -0.452654
0.822 -0.455698
0.823 -0.458812
0.824 -0.461995
0.825 -0.465248
0.826 -0.468569
0.827 -0.471959
0.828 -0.475417
0.829 -0.478943
0.83 -0.482538
0.831 -0.486199
0.832 -0.489928
0.833 -0.493724
0.834 -0.497587
0.835 -0.501516
0.836 -0.505511
0.837 -0.509572
0.838 -0.513698
0.839 -0.51789
0.84 -0.522146
0.841 -0.526467
0.842 -0.530851
0.843 -0.5353
0.844 -0.539812
0.845 -0.544386
0.846 -0.549024
0.847 -0.553723
0.848 -0.558485
0.849 -0.563308
0.85 -0.568192
0.851 -0.573136
0.852 -0.578141
0.853 -0.583206
0.854 -0.58833
0.855 -0.593513
0.856 -0.598754
0.857 -0.604054
0.858 -0.609411
0.859 -0.614825
0.86 -0.620296
0.861 -0.625824
0.862 -0.631407
0.863 -0.637045
0.864 -0.642739
0.865 -0.648486
0.866 -0.654288
0.867 -0.660143
0.868 -0.666051
0.869 -0.672011
0.87 -0.678024
0.871 -0.684088
0.872 -0.690202
0.873 -0.696367
0.874 -0.702582
0.875 -0.708847
0.876 -0.71516
0.877 -0.721521
0.878 -0.727931
0.879 -0.734387
0.88 -0.740891
0.881 -0.74744
0.882 -0.754035
0.883 -0.760676
0.884 -0.76736
0.885 -0.774089
0.886 -0.780862
0.887 -0.787677
0.888 -0.794534
0.889 -0.801434
0.89 -0.808375
0.891 -0.815356
0.892 -0.822378
0.893 -0.829439
0.894 -0.836539
0.895 -0.843677
0.896 -0.850854
0.897 -0.858067
0.898 -0.865318
0.899 -0.872605
0.9 -0.879927
0.901 -0.887284
0.902 -0.894676
0.903 -0.902101
0.904 -0.90956
0.905 -0.917052
0.906 -0.924576
0.907 -0.932132
0.908 -0.939718
0.909 -0.947335
0.91 -0.954982
0.911 -0.962658
0.912 -0.970363
0.913 -0.978096
0.914 -0.985857
0.915 -0.993645
0.916 -1.00146
0.917 -1.0093
0.918 -1.01716
0.919 -1.02505
0.92 -1.03297
0.921 -1.04091
0.922 -1.04887
0.923 -1.05685
0.924 -1.06486
0.925 -1.07289
0.926 -1.08093
0.927 -1.089
0.928 -1.09709
0.929 -1.1052
0.93 -1.11332
0.931 -1.12147
0.932 -1.12963
0.933 -1.13781
0.934 -1.146
0.935 -1.15422
0.936 -1.16244
0.937 -1.17068
0.938 -1.17894
0.939 -1.18721
0.94 -1.19549
0.941 -1.20379
0.942 -1.2121
0.943 -1.22042
0.944 -1.22875
0.945 -1.2371
0.946 -1.24545
0.947 -1.25381
0.948 -1.26218
0.949 -1.27057
0.95 -1.27895
0.951 -1.28735
0.952 -1.29576
0.953 -1.30417
0.954 -1.31259
0.955 -1.32101
0.956 -1.32944
0.957 -1.33788
0.958 -1.34632
0.959 -1.35476
0.96 -1.36321
0.961 -1.37166
0.962 -1.38011
0.963 -1.38857
0.964 -1.39703
0.965 -1.40548
0.966 -1.41395
0.967 -1.42241
0.968 -1.43087
0.969 -1.43933
0.97 -1.44779
0.971 -1.45625
0.972 -1.46471
0.973 -1.47317
0.974 -1.48162
0.975 -1.49007
0.976 -1.49852
0.977 -1.50697
0.978 -1.51541
0.979 -1.52385
0.98 -1.53229
0.981 -1.54072
0.982 -1.54914
0.983 -1.55756
0.984 -1.56597
0.985 -1.57438
0.986 -1.58278
0.987 -1.59118
0.988 -1.59956
0.989 -1.60794
0.99 -1.61631
0.991 -1.62468
0.992 -1.63303
0.993 -1.64138
0.994 -1.64972
0.995 -1.65805
0.996 -1.66637
0.997 -1.67468
0.998 -1.68297
0.999 -1.69126
1 -1.69954
1.001 -10
