0 5
0.001 3.40632
0.002 3.40498
0.003 3.40366
0.004 3.40236
0.005 3.40108
0.006 3.39982
0.007 3.39857
0.008 3.39734
0.009 3.39613
0.01 3.39494
0.011 3.39377
0.012 3.39261
0.013 3.39148
0.014 3.39036
0.015 3.38926
0.016 3.38818
0.017 3.38712
0.018 3.38607
0.019 3.38505
0.02 3.38404
0.021 3.38306
0.022 3.38209
0.023 3.38114
0.024 3.3802
0.025 3.37929
0.026 3.37839
0.027 3.37752
0.028 3.37666
0.029 3.37582
0.03 3.375
0.031 3.37419
0.032 3.37341
0.033 3.37264
0.034 3.37189
0.035 3.37116
0.036 3.37045
0.037 3.36975
0.038 3.36908
0.039 3.36842
0.04 3.36778
0.041 3.36715
0.042 3.36655
0.043 3.36596
0.044 3.36539
0.045 3.36484
0.046 3.3643
0.047 3.36378
0.048 3.36328
0.049 3.36279
0.05 3.36233
0.051 3.36188
0.052 3.36144
0.053 3.36102
0.054 3.36062
0.055 3.36024
0.056 3.35987
0.057 3.35952
0.058 3.35918
0.059 3.35886
0.06 3.35856
0.061 3.35827
0.062 3.358
0.063 3.35774
0.064 3.35749
0.065 3.35727
0.066 3.35705
0.067 3.35686
0.068 3.35667
0.069 3.3565
0.07 3.35635
0.071 3.35621
0.072 3.35608
0.073 3.35597
0.074 3.35587
0.075 3.35579
0.076 3.35572
0.077 3.35566
0.078 3.35561
0.079 3.35558
0.08 3.35556
0.081 3.35555
0.082 3.35556
0.083 3.35558
0.084 3.35561
0.085 3.35565
0.086 3.3557
0.087 3.35577
0.088 3.35584
0.089 3.35593
0.09 3.35603
0.091 3.35614
0.092 3.35626
0.093 3.35639
0.094 3.35653
0.095 3.35668
0.096 3.35684
0.097 3.35702
0.098 3.3572
0.099 3.35739
0.1 3.35759
0.101 3.3578
0.102 3.35801
0.103 3.35824
0.104 3.35848
0.105 3.35872
0.106 3.35897
0.107 3.35923
0.108 3.3595
0.109 3.35977
0.11 3.36006
0.111 3.36035
0.112 3.36065
0.113 3.36095
0.114 3.36126
0.115 3.36158
0.116 3.36191
0.117 3.36224
0.118 3.36258
0.119 3.36292
0.12 3.36327
0.121 3.36363
0.122 3.36399
0.123 3.36435
0.124 3.36473
0.125 3.3651
0.126 3.36549
0.127 3.36587
0.128 3.36627
0.129 3.36666
0.13 3.36706
0.131 3.36747
0.132 3.36788
0.133 3.36829
0.134 3.36871
0.135 3.36913
0.136 3.36956
0.137 3.36999
0.138 3.37042
0.139 3.37085
0.14 3.37129
0.141 3.37173
0.142 3.37218
0.143 3.37263
0.144 3.37307
0.145 3.37353
0.146 3.37398
0.147 3.37444
0.148 3.3749
0.149 3.37536
0.15 3.37582
0.151 3.37629
0.152 3.37675
0.153 3.37722
0.154 3.37769
0.155 3.37816
0.156 3.37863
0.157 3.37911
0.158 3.37958
0.159 3.38006
0.16 3.38053
0.161 3.38101
0.162 3.38149
0.163 3.38197
0.164 3.38245
0.165 3.38293
0.166 3.38341
0.167 3.38389
0.168 3.38437
0.169 3.38485
0.17 3.38533
0.171 3.38581
0.172 3.38629
0.173 3.38678
0.174 3.38726
0.175 3.38774
0.176 3.38822
0.177 3.3887
0.178 3.38918
0.179 3.38966
0.18 3.39013
0.181 3.39061
0.182 3.39109
0.183 3.39156
0.184 3.39204
0.185 3.39251
0.186 3.39299
0.187 3.39346
0.188 3.39393
0.189 3.3944
0.19 3.39487
0.191 3.39534
0.192 3.3958
0.193 3.39627
0.194 3.39673
0.195 3.39719
0.196 3.39765
0.197 3.39811
0.198 3.39857
0.199 3.39903
0.2 3.39948
0.201 3.39993
0.202 3.40038
0.203 3.40083
0.204 3.40128
0.205 3.40173
0.206 3.40217
0.207 3.40261
0.208 3.40305
0.209 3.40349
0.21 3.40392
0.211 3.40436
0.212 3.40479
0.213 3.40522
0.214 3.40564
0.215 3.40607
0.216 3.40649
0.217 3.40691
0.218 3.40733
0.219 3.40774
0.22 3.40815
0.221 3.40857
0.222 3.40897
0.223 3.40938
0.224 3.40978
0.225 3.41018
0.226 3.41058
0.227 3.41098
0.228 3.41137
0.229 3.41176
0.23 3.41215
0.231 3.41253
0.232 3.41292
0.233 3.41329
0.234 3.41367
0.235 3.41405
0.236 3.41442
0.237 3.41479
0.238 3.41515
0.239 3.41551
0.24 3.41587
0.241 3.41623
0.242 3.41659
0.243 3.41694
0.244 3.41729
0.245 3.41763
0.246 3.41797
0.247 3.41831
0.248 3.41865
0.249 3.41898
0.25 3.41932
0.251 3.41964
0.252 3.41997
0.253 3.42029
0.254 3.42061
0.255 3.42092
0.256 3.42124
0.257 3.42154
0.258 3.42185
0.259 3.42215
0.26 3.42245
0.261 3.42275
0.262 3.42304
0.263 3.42333
0.264 3.42362
0.265 3.4239
0.266 3.42418
0.267 3.42446
0.268 3.42474
0.269 3.42501
0.27 3.42527
0.271 3.42554
0.272 3.4258
0.273 3.42606
0.274 3.42631
0.275 3.42656
0.276 3.42681
0.277 3.42705
0.278 3.4273
0.279 3.42753
0.28 3.42777
0.281 3.428
0.282 3.42823
0.283 3.42845
0.284 3.42867
0.285 3.42889
0.286 3.42911
0.287 3.42932
0.288 3.42953
0.289 3.42973
0.29 3.42993
0.291 3.43013
0.292 3.43032
0.293 3.43051
0.294 3.4307
0.295 3.43089
0.296 3.43107
0.297 3.43125
0.298 3.43142
0.299 3.43159
0.3 3.43176
0.301 3.43192
0.302 3.43208
0.303 3.43224
0.304 3.43239
0.305 3.43254
0.306 3.43269
0.307 3.43284
0.308 3.43298
0.309 3.43311
0.31 3.43325
0.311 3.43338
0.312 3.43351
0.313 3.43363
0.314 3.43375
0.315 3.43387
0.316 3.43398
0.317 3.43409
0.318 3.4342
0.319 3.4343
0.32 3.4344
0.321 3.4345
0.322 3.4346
0.323 3.43469
0.324 3.43477
0.325 3.43486
0.326 3.43494
0.327 3.43502
0.328 3.43509
0.329 3.43516
0.33 3.43523
0.331 3.4353
0.332 3.43536
0.333 3.43542
0.334 3.43547
0.335 3.43552
0.336 3.43557
0.337 3.43562
0.338 3.43566
0.339 3.4357
0.34 3.43574
0.341 3.43577
0.342 3.4358
0.343 3.43583
0.344 3.43585
0.345 3.43587
0.346 3.43589
0.347 3.4359
0.348 3.43592
0.349 3.43592
0.35 3.43593
0.351 3.43593
0.352 3.43593
0.353 3.43593
0.354 3.43592
0.355 3.43591
0.356 3.4359
0.357 3.43588
0.358 3.43586
0.359 3.43584
0.36 3.43582
0.361 3.43579
0.362 3.43576
0.363 3.43573
0.364 3.43569
0.365 3.43565
0.366 3.43561
0.367 3.43557
0.368 3.43552
0.369 3.43547
0.37 3.43542
0.371 3.43536
0.372 3.4353
0.373 3.43524
0.374 3.43518
0.375 3.43511
0.376 3.43504
0.377 3.43497
0.378 3.43489
0.379 3.43482
0.38 3.43474
0.381 3.43465
0.382 3.43457
0.383 3.43448
0.384 3.43439
0.385 3.4343
0.386 3.4342
0.387 3.4341
0.388 3.434
0.389 3.4339
0.39 3.43379
0.391 3.43369
0.392 3.43357
0.393 3.43346
0.394 3.43334
0.395 3.43323
0.396 3.43311
0.397 3.43298
0.398 3.43286
0.399 3.43273
0.4 3.4326
0.401 3.43247
0.402 3.43233
0.403 3.43219
0.404 3.43205
0.405 3.43191
0.406 3.43177
0.407 3.43162
0.408 3.43147
0.409 3.43132
0.41 3.43117
0.411 3.43101
0.412 3.43085
0.413 3.43069
0.414 3.43053
0.415 3.43037
0.416 3.4302
0.417 3.43003
0.418 3.42986
0.419 3.42968
0.42 3.42951
0.421 3.42933
0.422 3.42915
0.423 3.42897
0.424 3.42879
0.425 3.4286
0.426 3.42841
0.427 3.42822
0.428 3.42803
0.429 3.42784
0.43 3.42764
0.431 3.42744
0.432 3.42724
0.433 3.42704
0.434 3.42684
0.435 3.42663
0.436 3.42642
0.437 3.42621
0.438 3.426
0.439 3.42579
0.44 3.42557
0.441 3.42535
0.442 3.42513
0.443 3.42491
0.444 3.42469
0.445 3.42446
0.446 3.42424
0.447 3.42401
0.448 3.42378
0.449 3.42354
0.45 3.42331
0.451 3.42307
0.452 3.42284
0.453 3.4226
0.454 3.42235
0.455 3.42211
0.456 3.42187
0.457 3.42162
0.458 3.42137
0.459 3.42112
0.46 3.42087
0.461 3.42061
0.462 3.42036
0.463 3.4201
0.464 3.41984
0.465 3.41958
0.466 3.41932
0.467 3.41906
0.468 3.41879
0.469 3.41852
0.47 3.41825
0.471 3.41798
0.472 3.41771
0.473 3.41743
0.474 3.41716
0.475 3.41688
0.476 3.4166
0.477 3.41632
0.478 3.41604
0.479 3.41576
0.48 3.41547
0.481 3.41518
0.482 3.41489
0.483 3.4146
0.484 3.41431
0.485 3.41402
0.486 3.41372
0.487 3.41342
0.488 3.41312
0.489 3.41282
0.49 3.41252
0.491 3.41222
0.492 3.41191
0.493 3.41161
0.494 3.4113
0.495 3.41099
0.496 3.41068
0.497 3.41036
0.498 3.41005
0.499 3.40973
0.5 3.40941
0.501 3.40909
0.502 3.40877
0.503 3.40845
0.504 3.40813
0.505 3.4078
0.506 3.40747
0.507 3.40714
0.508 3.40681
0.509 3.40648
0.51 3.40614
0.511 3.40581
0.512 3.40547
0.513 3.40513
0.514 3.40479
0.515 3.40445
0.516 3.4041
0.517 3.40376
0.518 3.40341
0.519 3.40306
0.52 3.40271
0.521 3.40236
0.522 3.402
0.523 3.40165
0.524 3.40129
0.525 3.40093
0.526 3.40057
0.527 3.40021
0.528 3.39984
0.529 3.39948
0.53 3.39911
0.531 3.39874
0.532 3.39837
0.533 3.39799
0.534 3.39762
0.535 3.39724
0.536 3.39686
0.537 3.39648
0.538 3.3961
0.539 3.39572
0.54 3.39533
0.541 3.39494
0.542 3.39455
0.543 3.39416
0.544 3.39377
0.545 3.39337
0.546 3.39297
0.547 3.39257
0.548 3.39217
0.549 3.39177
0.55 3.39136
0.551 3.39095
0.552 3.39054
0.553 3.39013
0.554 3.38972
0.555 3.3893
0.556 3.38888
0.557 3.38846
0.558 3.38804
0.559 3.38761
0.56 3.38719
0.561 3.38676
0.562 3.38633
0.563 3.38589
0.564 3.38546
0.565 3.38502
0.566 3.38458
0.567 3.38413
0.568 3.38369
0.569 3.38324
0.57 3.38279
0.571 3.38234
0.572 3.38188
0.573 3.38142
0.574 3.38096
0.575 3.3805
0.576 3.38003
0.577 3.37956
0.578 3.37909
0.579 3.37862
0.58 3.37814
0.581 3.37766
0.582 3.37718
0.583 3.37669
0.584 3.37621
0.585 3.37572
0.586 3.37522
0.587 3.37472
0.588 3.37422
0.589 3.37372
0.59 3.37322
0.591 3.37271
0.592 3.37219
0.593 3.37168
0.594 3.37116
0.595 3.37064
0.596 3.37011
0.597 3.36958
0.598 3.36905
0.599 3.36851
0.6 3.36797
0.601 3.36743
0.602 3.36688
0.603 3.36633
0.604 3.36578
0.605 3.36522
0.606 3.36466
0.607 3.3641
0.608 3.36353
0.609 3.36295
0.61 3.36238
0.611 3.3618
0.612 3.36121
0.613 3.36062
0.614 3.36003
0.615 3.35943
0.616 3.35883
0.617 3.35822
0.618 3.35761
0.619 3.357
0.62 3.35638
0.621 3.35575
0.622 3.35513
0.623 3.35449
0.624 3.35385
0.625 3.35321
0.626 3.35256
0.627 3.35191
0.628 3.35125
0.629 3.35059
0.63 3.34992
0.631 3.34925
0.632 3.34857
0.633 3.34789
0.634 3.3472
0.635 3.34651
0.636 3.34581
0.637 3.3451
0.638 3.34439
0.639 3.34368
0.64 3.34296
0.641 3.34223
0.642 3.34149
0.643 3.34076
0.644 3.34001
0.645 3.33926
0.646 3.3385
0.647 3.33774
0.648 3.33697
0.649 3.33619
0.65 3.33541
0.651 3.33462
0.652 3.33383
0.653 3.33303
0.654 3.33222
0.655 3.3314
0.656 3.33058
0.657 3.32975
0.658 3.32892
0.659 3.32808
0.66 3.32723
0.661 3.32637
0.662 3.32551
0.663 3.32464
0.664 3.32376
0.665 3.32288
0.666 3.32198
0.667 3.32108
0.668 3.32018
0.669 3.31926
0.67 3.31834
0.671 3.31741
0.672 3.31647
0.673 3.31552
0.674 3.31457
0.675 3.31361
0.676 3.31264
0.677 3.31166
0.678 3.31067
0.679 3.30968
0.68 3.30867
0.681 3.30766
0.682 3.30664
0.683 3.30561
0.684 3.30458
0.685 3.30353
0.686 3.30248
0.687 3.30141
0.688 3.30034
0.689 3.29926
0.69 3.29817
0.691 3.29708
0.692 3.29597
0.693 3.29485
0.694 3.29373
0.695 3.29259
0.696 3.29145
0.697 3.2903
0.698 3.28914
0.699 3.28796
0.7 3.28678
0.701 3.28559
0.702 3.2844
0.703 3.28319
0.704 3.28197
0.705 3.28074
0.706 3.2795
0.707 3.27826
0.708 3.277
0.709 3.27573
0.71 3.27446
0.711 3.27317
0.712 3.27188
0.713 3.27057
0.714 3.26926
0.715 3.26794
0.716 3.2666
0.717 3.26526
0.718 3.2639
0.719 3.26254
0.72 3.26117
0.721 3.25978
0.722 3.25839
0.723 3.25699
0.724 3.25558
0.725 3.25415
0.726 3.25272
0.727 3.25128
0.728 3.24983
0.729 3.24837
0.73 3.2469
0.731 3.24542
0.732 3.24393
0.733 3.24242
0.734 3.24091
0.735 3.2394
0.736 3.23787
0.737 3.23633
0.738 3.23478
0.739 3.23322
0.74 3.23165
0.741 3.23008
0.742 3.22849
0.743 3.2269
0.744 3.22529
0.745 3.22368
0.746 3.22205
0.747 3.22042
0.748 3.21878
0.749 3.21713
0.75 3.21547
0.751 3.2138
0.752 3.21213
0.753 3.21044
0.754 3.20875
0.755 3.20705
0.756 3.20533
0.757 3.20361
0.758 3.20189
0.759 3.20015
0.76 3.19841
0.761 3.19666
0.762 3.1949
0.763 3.19313
0.764 3.19135
0.765 3.18957
0.766 3.18778
0.767 3.18598
0.768 3.18418
0.769 3.18236
0.77 3.18054
0.771 3.17872
0.772 3.17689
0.773 3.17505
0.774 3.1732
0.775 3.17135
0.776 3.16949
0.777 3.16762
0.778 3.16575
0.779 3.16388
0.78 3.162
0.781 3.16011
0.782 3.15821
0.783 3.15632
0.784 3.15441
0.785 3.1525
0.786 3.15059
0.787 3.14867
0.788 3.14675
0.789 3.14482
0.79 3.14289
0.791 3.14096
0.792 3.13902
0.793 3.13708
0.794 3.13513
0.795 3.13318
0.796 3.13123
0.797 3.12927
0.798 3.12732
0.799 3.12536
0.8 3.12339
0.801 3.12143
0.802 3.11946
0.803 3.11749
0.804 3.11552
0.805 3.11355
0.806 3.11157
0.807 3.1096
0.808 3.10762
0.809 3.10564
0.81 3.10367
0.811 3.10169
0.812 3.09971
0.813 3.09773
0.814 3.09575
0.815 3.09378
0.816 3.0918
0.817 3.08982
0.818 3.08785
0.819 3.08587
0.82 3.0839
0.821 3.08192
0.822 3.07995
0.823 3.07799
0.824 3.07602
0.825 3.07405
0.826 3.07209
0.827 3.07013
0.828 3.06818
0.829 3.06622
0.83 3.06427
0.831 3.06232
0.832 3.06038
0.833 3.05844
0.834 3.0565
0.835 3.05457
0.836 3.05264
0.837 3.05072
0.838 3.0488
0.839 3.04688
0.84 3.04497
0.841 3.04307
0.842 3.04117
0.843 3.03927
0.844 3.03738
0.845 3.0355
0.846 3.03362
0.847 3.03175
0.848 3.02988
0.849 3.02803
0.85 3.02617
0.851 3.02433
0.852 3.02249
0.853 3.02066
0.854 3.01883
0.855 3.01701
0.856 3.0152
0.857 3.0134
0.858 3.01161
0.859 3.00982
0.86 3.00804
0.861 3.00627
0.862 3.00451
0.863 3.00275
0.864 3.001
0.865 2.99927
0.866 2.99754
0.867 2.99582
0.868 2.99411
0.869 2.9924
0.87 2.99071
0.871 2.98903
0.872 2.98735
0.873 2.98569
0.874 2.98403
0.875 2.98239
0.876 2.98075
0.877 2.97913
0.878 2.97751
0.879 2.9759
0.88 2.97431
0.881 2.97272
0.882 2.97115
0.883 2.96958
0.884 2.96803
0.885 2.96648
0.886 2.96495
0.887 2.96343
0.888 2.96192
0.889 2.96042
0.89 2.95892
0.891 2.95745
0.892 2.95598
0.893 2.95452
0.894 2.95307
0.895 2.95164
0.896 2.95021
0.897 2.9488
0.898 2.9474
0.899 2.94601
0.9 2.94463
0.901 2.94326
0.902 2.94191
0.903 2.94056
0.904 2.93923
0.905 2.93791
0.906 2.9366
0.907 2.9353
0.908 2.93401
0.909 2.93274
0.91 2.93147
0.911 2.93022
0.912 2.92898
0.913 2.92775
0.914 2.92653
0.915 2.92532
0.916 2.92413
0.917 2.92295
0.918 2.92178
0.919 2.92062
0.92 2.91947
0.921 2.91833
0.922 2.91721
0.923 2.91609
0.924 2.91499
0.925 2.9139
0.926 2.91282
0.927 2.91175
0.928 2.9107
0.929 2.90965
0.93 2.90862
0.931 2.9076
0.932 2.90659
0.933 2.90559
0.934 2.9046
0.935 2.90362
0.936 2.90266
0.937 2.9017
0.938 2.90076
0.939 2.89983
0.94 2.8989
0.941 2.89799
0.942 2.8971
0.943 2.89621
0.944 2.89533
0.945 2.89446
0.946 2.89361
0.947 2.89276
0.948 2.89193
0.949 2.89111
0.95 2.89029
0.951 2.88949
0.952 2.8887
0.953 2.88792
0.954 2.88715
0.955 2.88639
0.956 2.88564
0.957 2.8849
0.958 2.88417
0.959 2.88345
0.96 2.88274
0.961 2.88204
0.962 2.88135
0.963 2.88067
0.964 2.88
0.965 2.87934
0.966 2.87869
0.967 2.87805
0.968 2.87742
0.969 2.8768
0.97 2.87618
0.971 2.87558
0.972 2.87499
0.973 2.8744
0.974 2.87383
0.975 2.87326
0.976 2.8727
0.977 2.87216
0.978 2.87162
0.979 2.87109
0.98 2.87056
0.981 2.87005
0.982 2.86955
0.983 2.86905
0.984 2.86857
0.985 2.86809
0.986 2.86762
0.987 2.86716
0.988 2.8667
0.989 2.86626
0.99 2.86582
0.991 2.86539
0.992 2.86497
0.993 2.86455
0.994 2.86415
0.995 2.86375
0.996 2.86336
0.997 2.86298
0.998 2.8626
0.999 2.86224
1 2.86188
1.001 5
