0 0
0.001 0.788359
0.002 0.792417
0.003 0.796462
0.004 0.800497
0.005 0.804521
0.006 0.808533
0.007 0.812535
0.008 0.816527
0.009 0.820507
0.01 0.824477
0.011 0.828437
0.012 0.832387
0.013 0.836327
0.014 0.840257
0.015 0.844177
0.016 0.848088
0.017 0.85199
0.018 0.855882
0.019 0.859765
0.02 0.863639
0.021 0.867505
0.022 0.871362
0.023 0.87521
0.024 0.87905
0.025 0.882882
0.026 0.886706
0.027 0.890523
0.028 0.894332
0.029 0.898133
0.03 0.901927
0.031 0.905714
0.032 0.909494
0.033 0.913268
0.034 0.917035
0.035 0.920795
0.036 0.924549
0.037 0.928298
0.038 0.93204
0.039 0.935777
0.04 0.939508
0.041 0.943234
0.042 0.946954
0.043 0.95067
0.044 0.95438
0.045 0.958086
0.046 0.961788
0.047 0.965485
0.048 0.969178
0.049 0.972867
0.05 0.976552
0.051 0.980233
0.052 0.983911
0.053 0.987586
0.054 0.991257
0.055 0.994925
0.056 0.99859
0.057 1.00225
0.058 1.00591
0.059 1.00957
0.06 1.01322
0.061 1.01688
0.062 1.02053
0.063 1.02418
0.064 1.02782
0.065 1.03147
0.066 1.03511
0.067 1.03875
0.068 1.0424
0.069 1.04604
0.07 1.04967
0.071 1.05331
0.072 1.05695
0.073 1.06058
0.074 1.06422
0.075 1.06786
0.076 1.07149
0.077 1.07513
0.078 1.07876
0.079 1.08239
0.08 1.08603
0.081 1.08966
0.082 1.0933
0.083 1.09693
0.084 1.10057
0.085 1.1042
0.086 1.10784
0.087 1.11148
0.088 1.11511
0.089 1.11875
0.09 1.12239
0.091 1.12603
0.092 1.12967
0.093 1.13331
0.094 1.13696
0.095 1.1406
0.096 1.14425
0.097 1.14789
0.098 1.15154
0.099 1.15519
0.1 1.15884
0.101 1.16249
0.102 1.16615
0.103 1.1698
0.104 1.17346
0.105 1.17712
0.106 1.18078
0.107 1.18444
0.108 1.18811
0.109 1.19177
0.11 1.19544
0.111 1.19911
0.112 1.20278
0.113 1.20645
0.114 1.21013
0.115 1.21381
0.116 1.21748
0.117 1.22117
0.118 1.22485
0.119 1.22854
0.12 1.23222
0.121 1.23591
0.122 1.23961
0.123 1.2433
0.124 1.247
0.125 1.2507
0.126 1.2544
0.127 1.2581
0.128 1.26181
0.129 1.26552
0.13 1.26923
0.131 1.27294
0.132 1.27665
0.133 1.28037
0.134 1.28409
0.135 1.28782
0.136 1.29154
0.137 1.29527
0.138 1.299
0.139 1.30273
0.14 1.30647
0.141 1.31021
0.142 1.31395
0.143 1.31769
0.144 1.32144
0.145 1.32519
0.146 1.32894
0.147 1.33269
0.148 1.33645
0.149 1.34021
0.15 1.34397
0.151 1.34774
0.152 1.35151
0.153 1.35528
0.154 1.35905
0.155 1.36283
0.156 1.36661
0.157 1.37039
0.158 1.37418
0.159 1.37797
0.16 1.38176
0.161 1.38555
0.162 1.38935
0.163 1.39315
0.164 1.39696
0.165 1.40077
0.166 1.40458
0.167 1.40839
0.168 1.41221
0.169 1.41603
0.17 1.41985
0.171 1.42368
0.172 1.42751
0.173 1.43135
0.174 1.43518
0.175 1.43902
0.176 1.44287
0.177 1.44672
0.178 1.45057
0.179 1.45442
0.18 1.45828
0.181 1.46214
0.182 1.46601
0.183 1.46988
0.184 1.47375
0.185 1.47763
0.186 1.48151
0.187 1.4854
0.188 1.48929
0.189 1.49318
0.19 1.49708
0.191 1.50098
0.192 1.50489
0.193 1.5088
0.194 1.51271
0.195 1.51663
0.196 1.52055
0.197 1.52448
0.198 1.52841
0.199 1.53234
0.2 1.53628
0.201 1.54022
0.202 1.54417
0.203 1.54813
0.204 1.55208
0.205 1.55604
0.206 1.56001
0.207 1.56398
0.208 1.56796
0.209 1.57194
0.21 1.57593
0.211 1.57992
0.212 1.58391
0.213 1.58791
0.214 1.59192
0.215 1.59593
0.216 1.59994
0.217 1.60396
0.218 1.60799
0.219 1.61202
0.22 1.61606
0.221 1.6201
0.222 1.62414
0.223 1.6282
0.224 1.63225
0.225 1.63632
0.226 1.64039
0.227 1.64446
0.228 1.64854
0.229 1.65262
0.23 1.65671
0.231 1.66081
0.232 1.66491
0.233 1.66902
0.234 1.67314
0.235 1.67726
0.236 1.68138
0.237 1.68551
0.238 1.68965
0.239 1.69379
0.24 1.69794
0.241 1.7021
0.242 1.70626
0.243 1.71043
0.244 1.71461
0.245 1.71879
0.246 1.72297
0.247 1.72717
0.248 1.73137
0.249 1.73557
0.25 1.73979
0.251 1.74401
0.252 1.74823
0.253 1.75247
0.254 1.75671
0.255 1.76095
0.256 1.76521
0.257 1.76947
0.258 1.77373
0.259 1.77801
0.26 1.78229
0.261 1.78658
0.262 1.79087
0.263 1.79517
0.264 1.79948
0.265 1.8038
0.266 1.80812
0.267 1.81245
0.268 1.81679
0.269 1.82113
0.27 1.82548
0.271 1.82984
0.272 1.83421
0.273 1.83859
0.274 1.84297
0.275 1.84736
0.276 1.85176
0.277 1.85616
0.278 1.86057
0.279 1.86499
0.28 1.86942
0.281 1.87386
0.282 1.8783
0.283 1.88275
0.284 1.88721
0.285 1.89168
0.286 1.89615
0.287 1.90064
0.288 1.90513
0.289 1.90963
0.29 1.91414
0.291 1.91865
0.292 1.92318
0.293 1.92771
0.294 1.93225
0.295 1.9368
0.296 1.94136
0.297 1.94592
0.298 1.9505
0.299 1.95508
0.3 1.95967
0.301 1.96427
0.302 1.96888
0.303 1.9735
0.304 1.97813
0.305 1.98276
0.306 1.98741
0.307 1.99206
0.308 1.99672
0.309 2.00139
0.31 2.00607
0.311 2.01076
0.312 2.01546
0.313 2.02017
0.314 2.02488
0.315 2.02961
0.316 2.03435
0.317 2.03909
0.318 2.04384
0.319 2.04861
0.32 2.05338
0.321 2.05816
0.322 2.06295
0.323 2.06775
0.324 2.07256
0.325 2.07739
0.326 2.08222
0.327 2.08706
0.328 2.09191
0.329 2.09677
0.33 2.10163
0.331 2.10651
0.332 2.1114
0.333 2.1163
0.334 2.12121
0.335 2.12613
0.336 2.13106
0.337 2.136
0.338 2.14096
0.339 2.14592
0.34 2.15089
0.341 2.15587
0.342 2.16086
0.343 2.16587
0.344 2.17088
0.345 2.1759
0.346 2.18094
0.347 2.18599
0.348 2.19104
0.349 2.19611
0.35 2.20119
0.351 2.20628
0.352 2.21138
0.353 2.21649
0.354 2.22162
0.355 2.22675
0.356 2.2319
0.357 2.23705
0.358 2.24222
0.359 2.2474
0.36 2.25259
0.361 2.2578
0.362 2.26301
0.363 2.26824
0.364 2.27348
0.365 2.27873
0.366 2.28399
0.367 2.28926
0.368 2.29455
0.369 2.29984
0.37 2.30516
0.371 2.31048
0.372 2.31581
0.373 2.32116
0.374 2.32652
0.375 2.33189
0.376 2.33727
0.377 2.34267
0.378 2.34808
0.379 2.3535
0.38 2.35894
0.381 2.36439
0.382 2.36985
0.383 2.37532
0.384 2.38081
0.385 2.38631
0.386 2.39182
0.387 2.39735
0.388 2.40289
0.389 2.40844
0.39 2.41401
0.391 2.41959
0.392 2.42519
0.393 2.4308
0.394 2.43642
0.395 2.44205
0.396 2.4477
0.397 2.45337
0.398 2.45905
0.399 2.46474
0.4 2.47045
0.401 2.47617
0.402 2.4819
0.403 2.48765
0.404 2.49342
0.405 2.4992
0.406 2.50499
0.407 2.5108
0.408 2.51662
0.409 2.52246
0.41 2.52832
0.411 2.53419
0.412 2.54007
0.413 2.54597
0.414 2.55189
0.415 2.55782
0.416 2.56377
0.417 2.56973
0.418 2.57571
0.419 2.5817
0.42 2.58772
0.421 2.59374
0.422 2.59979
0.423 2.60584
0.424 2.61192
0.425 2.61801
0.426 2.62412
0.427 2.63025
0.428 2.63639
0.429 2.64255
0.43 2.64873
0.431 2.65492
0.432 2.66113
0.433 2.66736
0.434 2.6736
0.435 2.67987
0.436 2.68615
0.437 2.69244
0.438 2.69876
0.439 2.70509
0.44 2.71145
0.441 2.71782
0.442 2.7242
0.443 2.73061
0.444 2.73704
0.445 2.74348
0.446 2.74994
0.447 2.75642
0.448 2.76292
0.449 2.76944
0.45 2.77598
0.451 2.78254
0.452 2.78911
0.453 2.79571
0.454 2.80232
0.455 2.80896
0.456 2.81561
0.457 2.82229
0.458 2.82898
0.459 2.8357
0.46 2.84243
0.461 2.84919
0.462 2.85596
0.463 2.86276
0.464 2.86957
0.465 2.87641
0.466 2.88327
0.467 2.89015
0.468 2.89705
0.469 2.90397
0.47 2.91091
0.471 2.91788
0.472 2.92487
0.473 2.93187
0.474 2.9389
0.475 2.94595
0.476 2.95303
0.477 2.96012
0.478 2.96724
0.479 2.97438
0.48 2.98155
0.481 2.98873
0.482 2.99594
0.483 3.00317
0.484 3.01043
0.485 3.01771
0.486 3.02501
0.487 3.03233
0.488 3.03968
0.489 3.04705
0.49 3.05445
0.491 3.06187
0.492 3.06931
0.493 3.07678
0.494 3.08427
0.495 3.09179
0.496 3.09933
0.497 3.1069
0.498 3.11449
0.499 3.1221
0.5 3.12974
0.501 3.13741
0.502 3.1451
0.503 3.15282
0.504 3.16056
0.505 3.16833
0.506 3.17612
0.507 3.18394
0.508 3.19178
0.509 3.19966
0.51 3.20755
0.511 3.21548
0.512 3.22343
0.513 3.2314
0.514 3.23941
0.515 3.24744
0.516 3.2555
0.517 3.26358
0.518 3.27169
0.519 3.27983
0.52 3.288
0.521 3.29619
0.522 3.30441
0.523 3.31266
0.524 3.32094
0.525 3.32924
0.526 3.33758
0.527 3.34594
0.528 3.35433
0.529 3.36275
0.53 3.37119
0.531 3.37967
0.532 3.38817
0.533 3.3967
0.534 3.40527
0.535 3.41386
0.536 3.42248
0.537 3.43113
0.538 3.4398
0.539 3.44851
0.54 3.45725
0.541 3.46602
0.542 3.47481
0.543 3.48364
0.544 3.4925
0.545 3.50138
0.546 3.5103
0.547 3.51925
0.548 3.52823
0.549 3.53723
0.55 3.54627
0.551 3.55534
0.552 3.56444
0.553 3.57357
0.554 3.58273
0.555 3.59192
0.556 3.60114
0.557 3.6104
0.558 3.61968
0.559 3.629
0.56 3.63834
0.561 3.64772
0.562 3.65713
0.563 3.66657
0.564 3.67604
0.565 3.68555
0.566 3.69508
0.567 3.70465
0.568 3.71425
0.569 3.72388
0.57 3.73354
0.571 3.74323
0.572 3.75296
0.573 3.76272
0.574 3.7725
0.575 3.78233
0.576 3.79218
0.577 3.80206
0.578 3.81198
0.579 3.82193
0.58 3.83191
0.581 3.84192
0.582 3.85197
0.583 3.86204
0.584 3.87215
0.585 3.88229
0.586 3.89247
0.587 3.90267
0.588 3.91291
0.589 3.92318
0.59 3.93348
0.591 3.94381
0.592 3.95418
0.593 3.96458
0.594 3.975
0.595 3.98547
0.596 3.99596
0.597 4.00648
0.598 4.01704
0.599 4.02763
0.6 4.03825
0.601 4.0489
0.602 4.05958
0.603 4.0703
0.604 4.08104
0.605 4.09182
0.606 4.10263
0.607 4.11347
0.608 4.12434
0.609 4.13525
0.61 4.14618
0.611 4.15715
0.612 4.16814
0.613 4.17917
0.614 4.19023
0.615 4.20131
0.616 4.21243
0.617 4.22358
0.618 4.23476
0.619 4.24597
0.62 4.25721
0.621 4.26847
0.622 4.27977
0.623 4.2911
0.624 4.30246
0.625 4.31385
0.626 4.32526
0.627 4.33671
0.628 4.34818
0.629 4.35968
0.63 4.37121
0.631 4.38277
0.632 4.39436
0.633 4.40597
0.634 4.41762
0.635 4.42929
0.636 4.44099
0.637 4.45271
0.638 4.46446
0.639 4.47624
0.64 4.48805
0.641 4.49988
0.642 4.51174
0.643 4.52362
0.644 4.53553
0.645 4.54747
0.646 4.55943
0.647 4.57141
0.648 4.58342
0.649 4.59545
0.65 4.60751
0.651 4.6196
0.652 4.6317
0.653 4.64383
0.654 4.65598
0.655 4.66816
0.656 4.68035
0.657 4.69257
0.658 4.70482
0.659 4.71708
0.66 4.72936
0.661 4.74167
0.662 4.754
0.663 4.76634
0.664 4.77871
0.665 4.79109
0.666 4.8035
0.667 4.81593
0.668 4.82837
0.669 4.84083
0.67 4.85331
0.671 4.86581
0.672 4.87832
0.673 4.89085
0.674 4.9034
0.675 4.91597
0.676 4.92855
0.677 4.94114
0.678 4.95375
0.679 4.96638
0.68 4.97902
0.681 4.99167
0.682 5.00434
0.683 5.01702
0.684 5.02972
0.685 5.04242
0.686 5.05514
0.687 5.06787
0.688 5.08061
0.689 5.09336
0.69 5.10612
0.691 5.11889
0.692 5.13167
0.693 5.14446
0.694 5.15725
0.695 5.17006
0.696 5.18287
0.697 5.19569
0.698 5.20852
0.699 5.22135
0.7 5.23419
0.701 5.24703
0.702 5.25988
0.703 5.27273
0.704 5.28559
0.705 5.29845
0.706 5.31131
0.707 5.32418
0.708 5.33704
0.709 5.34991
0.71 5.36278
0.711 5.37565
0.712 5.38852
0.713 5.40139
0.714 5.41426
0.715 5.42713
0.716 5.44
0.717 5.45286
0.718 5.46572
0.719 5.47857
0.72 5.49143
0.721 5.50427
0.722 5.51712
0.723 5.52996
0.724 5.54279
0.725 5.55561
0.726 5.56843
0.727 5.58124
0.728 5.59404
0.729 5.60683
0.73 5.61962
0.731 5.63239
0.732 5.64516
0.733 5.65791
0.734 5.67065
0.735 5.68338
0.736 5.6961
0.737 5.70881
0.738 5.7215
0.739 5.73418
0.74 5.74684
0.741 5.75949
0.742 5.77212
0.743 5.78474
0.744 5.79734
0.745 5.80993
0.746 5.82249
0.747 5.83504
0.748 5.84757
0.749 5.86008
0.75 5.87257
0.751 5.88504
0.752 5.89749
0.753 5.90992
0.754 5.92232
0.755 5.93471
0.756 5.94707
0.757 5.9594
0.758 5.97172
0.759 5.98401
0.76 5.99627
0.761 6.00851
0.762 6.02072
0.763 6.03291
0.764 6.04506
0.765 6.05719
0.766 6.0693
0.767 6.08137
0.768 6.09342
0.769 6.10543
0.77 6.11742
0.771 6.12937
0.772 6.14129
0.773 6.15318
0.774 6.16504
0.775 6.17687
0.776 6.18866
0.777 6.20042
0.778 6.21215
0.779 6.22384
0.78 6.23549
0.781 6.24711
0.782 6.25869
0.783 6.27024
0.784 6.28175
0.785 6.29322
0.786 6.30465
0.787 6.31605
0.788 6.3274
0.789 6.33872
0.79 6.35
0.791 6.36123
0.792 6.37243
0.793 6.38358
0.794 6.39469
0.795 6.40576
0.796 6.41679
0.797 6.42777
0.798 6.43871
0.799 6.44961
0.8 6.46046
0.801 6.47127
0.802 6.48203
0.803 6.49275
0.804 6.50342
0.805 6.51404
0.806 6.52462
0.807 6.53515
0.808 6.54563
0.809 6.55607
0.81 6.56645
0.811 6.57679
0.812 6.58708
0.813 6.59732
0.814 6.6075
0.815 6.61764
0.816 6.62773
0.817 6.63777
0.818 6.64776
0.819 6.65769
0.82 6.66757
0.821 6.6774
0.822 6.68718
0.823 6.69691
0.824 6.70658
0.825 6.7162
0.826 6.72577
0.827 6.73528
0.828 6.74473
0.829 6.75414
0.83 6.76349
0.831 6.77278
0.832 6.78202
0.833 6.7912
0.834 6.80033
0.835 6.8094
0.836 6.81841
0.837 6.82737
0.838 6.83628
0.839 6.84512
0.84 6.85391
0.841 6.86264
0.842 6.87132
0.843 6.87993
0.844 6.88849
0.845 6.89699
0.846 6.90544
0.847 6.91382
0.848 6.92215
0.849 6.93042
0.85 6.93863
0.851 6.94678
0.852 6.95487
0.853 6.9629
0.854 6.97088
0.855 6.9788
0.856 6.98665
0.857 6.99445
0.858 7.00219
0.859 7.00987
0.86 7.01749
0.861 7.02505
0.862 7.03255
0.863 7.03999
0.864 7.04737
0.865 7.05469
0.866 7.06196
0.867 7.06916
0.868 7.07631
0.869 7.08339
0.87 7.09041
0.871 7.09738
0.872 7.10429
0.873 7.11113
0.874 7.11792
0.875 7.12465
0.876 7.13132
0.877 7.13792
0.878 7.14448
0.879 7.15097
0.88 7.1574
0.881 7.16377
0.882 7.17009
0.883 7.17634
0.884 7.18254
0.885 7.18868
0.886 7.19476
0.887 7.20078
0.888 7.20674
0.889 7.21265
0.89 7.2185
0.891 7.22429
0.892 7.23002
0.893 7.2357
0.894 7.24132
0.895 7.24688
0.896 7.25238
0.897 7.25783
0.898 7.26322
0.899 7.26856
0.9 7.27383
0.901 7.27906
0.902 7.28422
0.903 7.28934
0.904 7.29439
0.905 7.29939
0.906 7.30434
0.907 7.30923
0.908 7.31407
0.909 7.31885
0.91 7.32358
0.911 7.32826
0.912 7.33288
0.913 7.33745
0.914 7.34196
0.915 7.34643
0.916 7.35084
0.917 7.3552
0.918 7.3595
0.919 7.36376
0.92 7.36796
0.921 7.37212
0.922 7.37622
0.923 7.38027
0.924 7.38427
0.925 7.38822
0.926 7.39213
0.927 7.39598
0.928 7.39978
0.929 7.40354
0.93 7.40724
0.931 7.4109
0.932 7.41451
0.933 7.41807
0.934 7.42159
0.935 7.42506
0.936 7.42848
0.937 7.43185
0.938 7.43518
0.939 7.43847
0.94 7.44171
0.941 7.4449
0.942 7.44805
0.943 7.45115
0.944 7.45421
0.945 7.45723
0.946 7.4602
0.947 7.46313
0.948 7.46602
0.949 7.46887
0.95 7.47167
0.951 7.47443
0.952 7.47715
0.953 7.47983
0.954 7.48247
0.955 7.48506
0.956 7.48762
0.957 7.49014
0.958 7.49262
0.959 7.49505
0.96 7.49745
0.961 7.49981
0.962 7.50214
0.963 7.50442
0.964 7.50667
0.965 7.50888
0.966 7.51105
0.967 7.51319
0.968 7.51529
0.969 7.51736
0.97 7.51939
0.971 7.52138
0.972 7.52334
0.973 7.52526
0.974 7.52715
0.975 7.52901
0.976 7.53083
0.977 7.53262
0.978 7.53438
0.979 7.5361
0.98 7.53779
0.981 7.53945
0.982 7.54108
0.983 7.54268
0.984 7.54424
0.985 7.54578
0.986 7.54728
0.987 7.54875
0.988 7.5502
0.989 7.55161
0.99 7.553
0.991 7.55435
0.992 7.55568
0.993 7.55698
0.994 7.55825
0.995 7.55949
0.996 7.5607
0.997 7.56189
0.998 7.56305
0.999 7.56419
1 7.5653
1.001 0
