0 5
0.001 3.35371
0.002 3.35134
0.003 3.34898
0.004 3.34663
0.005 3.34428
0.006 3.34194
0.007 3.33961
0.008 3.33729
0.009 3.33497
0.01 3.33267
0.011 3.33036
0.012 3.32807
0.013 3.32579
0.014 3.32351
0.015 3.32125
0.016 3.31899
0.017 3.31674
0.018 3.3145
0.019 3.31227
0.02 3.31005
0.021 3.30783
0.022 3.30563
0.023 3.30344
0.024 3.30126
0.025 3.29909
0.026 3.29692
0.027 3.29477
0.028 3.29263
0.029 3.2905
0.03 3.28839
0.031 3.28628
0.032 3.28418
0.033 3.2821
0.034 3.28003
0.035 3.27797
0.036 3.27592
0.037 3.27388
0.038 3.27186
0.039 3.26985
0.04 3.26785
0.041 3.26586
0.042 3.26389
0.043 3.26193
0.044 3.25998
0.045 3.25805
0.046 3.25613
0.047 3.25423
0.048 3.25234
0.049 3.25046
0.05 3.2486
0.051 3.24675
0.052 3.24491
0.053 3.24309
0.054 3.24129
0.055 3.2395
0.056 3.23772
0.057 3.23596
0.058 3.23422
0.059 3.23249
0.06 3.23078
0.061 3.22908
0.062 3.2274
0.063 3.22573
0.064 3.22408
0.065 3.22245
0.066 3.22083
0.067 3.21923
0.068 3.21765
0.069 3.21608
0.07 3.21453
0.071 3.213
0.072 3.21148
0.073 3.20998
0.074 3.2085
0.075 3.20704
0.076 3.20559
0.077 3.20416
0.078 3.20275
0.079 3.20136
0.08 3.19998
0.081 3.19862
0.082 3.19728
0.083 3.19596
0.084 3.19465
0.085 3.19337
0.086 3.1921
0.087 3.19085
0.088 3.18962
0.089 3.1884
0.09 3.18721
0.091 3.18603
0.092 3.18488
0.093 3.18374
0.094 3.18262
0.095 3.18152
0.096 3.18044
0.097 3.17937
0.098 3.17833
0.099 3.1773
0.1 3.17629
0.101 3.17531
0.102 3.17434
0.103 3.17339
0.104 3.17245
0.105 3.17154
0.106 3.17065
0.107 3.16977
0.108 3.16892
0.109 3.16808
0.11 3.16726
0.111 3.16646
0.112 3.16568
0.113 3.16492
0.114 3.16418
0.115 3.16346
0.116 3.16275
0.117 3.16207
0.118 3.1614
0.119 3.16075
0.12 3.16012
0.121 3.15951
0.122 3.15892
0.123 3.15834
0.124 3.15779
0.125 3.15725
0.126 3.15673
0.127 3.15623
0.128 3.15575
0.129 3.15528
0.13 3.15484
0.131 3.15441
0.132 3.154
0.133 3.15361
0.134 3.15323
0.135 3.15288
0.136 3.15254
0.137 3.15221
0.138 3.15191
0.139 3.15162
0.14 3.15135
0.141 3.1511
0.142 3.15086
0.143 3.15065
0.144 3.15044
0.145 3.15026
0.146 3.15009
0.147 3.14994
0.148 3.1498
0.149 3.14968
0.15 3.14958
0.151 3.14949
0.152 3.14942
0.153 3.14937
0.154 3.14933
0.155 3.1493
0.156 3.14929
0.157 3.1493
0.158 3.14932
0.159 3.14936
0.16 3.14941
0.161 3.14948
0.162 3.14956
0.163 3.14965
0.164 3.14976
0.165 3.14989
0.166 3.15003
0.167 3.15018
0.168 3.15034
0.169 3.15052
0.17 3.15072
0.171 3.15092
0.172 3.15114
0.173 3.15137
0.174 3.15162
0.175 3.15188
0.176 3.15215
0.177 3.15243
0.178 3.15273
0.179 3.15304
0.18 3.15336
0.181 3.15369
0.182 3.15404
0.183 3.15439
0.184 3.15476
0.185 3.15514
0.186 3.15553
0.187 3.15593
0.188 3.15634
0.189 3.15676
0.19 3.1572
0.191 3.15764
0.192 3.15809
0.193 3.15856
0.194 3.15903
0.195 3.15952
0.196 3.16001
0.197 3.16052
0.198 3.16103
0.199 3.16155
0.2 3.16208
0.201 3.16262
0.202 3.16317
0.203 3.16373
0.204 3.1643
0.205 3.16488
0.206 3.16546
0.207 3.16605
0.208 3.16665
0.209 3.16726
0.21 3.16788
0.211 3.1685
0.212 3.16914
0.213 3.16978
0.214 3.17042
0.215 3.17108
0.216 3.17174
0.217 3.17241
0.218 3.17308
0.219 3.17376
0.22 3.17445
0.221 3.17515
0.222 3.17585
0.223 3.17656
0.224 3.17727
0.225 3.17799
0.226 3.17872
0.227 3.17945
0.228 3.18018
0.229 3.18093
0.23 3.18168
0.231 3.18243
0.232 3.18319
0.233 3.18395
0.234 3.18472
0.235 3.18549
0.236 3.18627
0.237 3.18706
0.238 3.18785
0.239 3.18864
0.24 3.18943
0.241 3.19024
0.242 3.19104
0.243 3.19185
0.244 3.19267
0.245 3.19348
0.246 3.1943
0.247 3.19513
0.248 3.19596
0.249 3.19679
0.25 3.19763
0.251 3.19847
0.252 3.19931
0.253 3.20015
0.254 3.201
0.255 3.20185
0.256 3.20271
0.257 3.20357
0.258 3.20443
0.259 3.20529
0.26 3.20615
0.261 3.20702
0.262 3.20789
0.263 3.20877
0.264 3.20964
0.265 3.21052
0.266 3.2114
0.267 3.21228
0.268 3.21316
0.269 3.21405
0.27 3.21493
0.271 3.21582
0.272 3.21671
0.273 3.21761
0.274 3.2185
0.275 3.21939
0.276 3.22029
0.277 3.22119
0.278 3.22209
0.279 3.22299
0.28 3.22389
0.281 3.22479
0.282 3.22569
0.283 3.2266
0.284 3.2275
0.285 3.22841
0.286 3.22931
0.287 3.23022
0.288 3.23113
0.289 3.23204
0.29 3.23295
0.291 3.23385
0.292 3.23476
0.293 3.23567
0.294 3.23658
0.295 3.23749
0.296 3.2384
0.297 3.23931
0.298 3.24022
0.299 3.24113
0.3 3.24204
0.301 3.24295
0.302 3.24386
0.303 3.24477
0.304 3.24568
0.305 3.24659
0.306 3.24749
0.307 3.2484
0.308 3.24931
0.309 3.25021
0.31 3.25112
0.311 3.25202
0.312 3.25293
0.313 3.25383
0.314 3.25473
0.315 3.25563
0.316 3.25653
0.317 3.25743
0.318 3.25833
0.319 3.25923
0.32 3.26012
0.321 3.26102
0.322 3.26191
0.323 3.2628
0.324 3.26369
0.325 3.26458
0.326 3.26547
0.327 3.26635
0.328 3.26724
0.329 3.26812
0.33 3.269
0.331 3.26988
0.332 3.27076
0.333 3.27164
0.334 3.27251
0.335 3.27338
0.336 3.27425
0.337 3.27512
0.338 3.27599
0.339 3.27686
0.34 3.27772
0.341 3.27858
0.342 3.27944
0.343 3.28029
0.344 3.28115
0.345 3.282
0.346 3.28285
0.347 3.2837
0.348 3.28454
0.349 3.28539
0.35 3.28623
0.351 3.28706
0.352 3.2879
0.353 3.28873
0.354 3.28956
0.355 3.29039
0.356 3.29122
0.357 3.29204
0.358 3.29286
0.359 3.29368
0.36 3.29449
0.361 3.29531
0.362 3.29612
0.363 3.29692
0.364 3.29773
0.365 3.29853
0.366 3.29933
0.367 3.30012
0.368 3.30091
0.369 3.3017
0.37 3.30249
0.371 3.30327
0.372 3.30406
0.373 3.30483
0.374 3.30561
0.375 3.30638
0.376 3.30715
0.377 3.30791
0.378 3.30868
0.379 3.30944
0.38 3.31019
0.381 3.31095
0.382 3.3117
0.383 3.31244
0.384 3.31319
0.385 3.31393
0.386 3.31467
0.387 3.3154
0.388 3.31613
0.389 3.31686
0.39 3.31758
0.391 3.3183
0.392 3.31902
0.393 3.31974
0.394 3.32045
0.395 3.32115
0.396 3.32186
0.397 3.32256
0.398 3.32326
0.399 3.32395
0.4 3.32464
0.401 3.32533
0.402 3.32602
0.403 3.3267
0.404 3.32737
0.405 3.32805
0.406 3.32872
0.407 3.32939
0.408 3.33005
0.409 3.33071
0.41 3.33137
0.411 3.33202
0.412 3.33267
0.413 3.33332
0.414 3.33396
0.415 3.3346
0.416 3.33524
0.417 3.33587
0.418 3.3365
0.419 3.33713
0.42 3.33775
0.421 3.33837
0.422 3.33898
0.423 3.3396
0.424 3.3402
0.425 3.34081
0.426 3.34141
0.427 3.34201
0.428 3.34261
0.429 3.3432
0.43 3.34379
0.431 3.34437
0.432 3.34495
0.433 3.34553
0.434 3.3461
0.435 3.34668
0.436 3.34724
0.437 3.34781
0.438 3.34837
0.439 3.34893
0.44 3.34948
0.441 3.35003
0.442 3.35058
0.443 3.35112
0.444 3.35166
0.445 3.3522
0.446 3.35274
0.447 3.35327
0.448 3.35379
0.449 3.35432
0.45 3.35484
0.451 3.35536
0.452 3.35587
0.453 3.35638
0.454 3.35689
0.455 3.35739
0.456 3.35789
0.457 3.35839
0.458 3.35889
0.459 3.35938
0.46 3.35987
0.461 3.36035
0.462 3.36083
0.463 3.36131
0.464 3.36179
0.465 3.36226
0.466 3.36273
0.467 3.36319
0.468 3.36365
0.469 3.36411
0.47 3.36457
0.471 3.36502
0.472 3.36547
0.473 3.36592
0.474 3.36636
0.475 3.3668
0.476 3.36724
0.477 3.36768
0.478 3.36811
0.479 3.36854
0.48 3.36896
0.481 3.36938
0.482 3.3698
0.483 3.37022
0.484 3.37063
0.485 3.37104
0.486 3.37145
0.487 3.37185
0.488 3.37225
0.489 3.37265
0.49 3.37304
0.491 3.37344
0.492 3.37383
0.493 3.37421
0.494 3.37459
0.495 3.37497
0.496 3.37535
0.497 3.37573
0.498 3.3761
0.499 3.37647
0.5 3.37683
0.501 3.37719
0.502 3.37755
0.503 3.37791
0.504 3.37826
0.505 3.37861
0.506 3.37896
0.507 3.37931
0.508 3.37965
0.509 3.37999
0.51 3.38032
0.511 3.38066
0.512 3.38099
0.513 3.38132
0.514 3.38164
0.515 3.38196
0.516 3.38228
0.517 3.3826
0.518 3.38291
0.519 3.38322
0.52 3.38353
0.521 3.38383
0.522 3.38414
0.523 3.38443
0.524 3.38473
0.525 3.38502
0.526 3.38531
0.527 3.3856
0.528 3.38588
0.529 3.38617
0.53 3.38644
0.531 3.38672
0.532 3.38699
0.533 3.38726
0.534 3.38753
0.535 3.38779
0.536 3.38805
0.537 3.38831
0.538 3.38856
0.539 3.38882
0.54 3.38906
0.541 3.38931
0.542 3.38955
0.543 3.38979
0.544 3.39003
0.545 3.39026
0.546 3.39049
0.547 3.39072
0.548 3.39094
0.549 3.39116
0.55 3.39138
0.551 3.39159
0.552 3.3918
0.553 3.39201
0.554 3.39221
0.555 3.39241
0.556 3.39261
0.557 3.3928
0.558 3.39299
0.559 3.39318
0.56 3.39336
0.561 3.39354
0.562 3.39372
0.563 3.39389
0.564 3.39406
0.565 3.39422
0.566 3.39438
0.567 3.39454
0.568 3.39469
0.569 3.39484
0.57 3.39499
0.571 3.39513
0.572 3.39527
0.573 3.3954
0.574 3.39553
0.575 3.39565
0.576 3.39577
0.577 3.39589
0.578 3.396
0.579 3.39611
0.58 3.39621
0.581 3.39631
0.582 3.3964
0.583 3.39649
0.584 3.39658
0.585 3.39666
0.586 3.39673
0.587 3.3968
0.588 3.39686
0.589 3.39692
0.59 3.39697
0.591 3.39702
0.592 3.39706
0.593 3.3971
0.594 3.39713
0.595 3.39716
0.596 3.39718
0.597 3.39719
0.598 3.3972
0.599 3.3972
0.6 3.39719
0.601 3.39718
0.602 3.39717
0.603 3.39714
0.604 3.39711
0.605 3.39707
0.606 3.39703
0.607 3.39697
0.608 3.39692
0.609 3.39685
0.61 3.39677
0.611 3.39669
0.612 3.3966
0.613 3.39651
0.614 3.3964
0.615 3.39629
0.616 3.39616
0.617 3.39603
0.618 3.39589
0.619 3.39575
0.62 3.39559
0.621 3.39542
0.622 3.39525
0.623 3.39506
0.624 3.39487
0.625 3.39466
0.626 3.39445
0.627 3.39422
0.628 3.39399
0.629 3.39374
0.63 3.39349
0.631 3.39322
0.632 3.39294
0.633 3.39265
0.634 3.39235
0.635 3.39204
0.636 3.39171
0.637 3.39138
0.638 3.39103
0.639 3.39067
0.64 3.39029
0.641 3.38991
0.642 3.3895
0.643 3.38909
0.644 3.38866
0.645 3.38822
0.646 3.38777
0.647 3.3873
0.648 3.38682
0.649 3.38632
0.65 3.38581
0.651 3.38528
0.652 3.38474
0.653 3.38418
0.654 3.3836
0.655 3.38301
0.656 3.38241
0.657 3.38178
0.658 3.38114
0.659 3.38049
0.66 3.37981
0.661 3.37912
0.662 3.37841
0.663 3.37769
0.664 3.37694
0.665 3.37618
0.666 3.3754
0.667 3.3746
0.668 3.37378
0.669 3.37295
0.67 3.37209
0.671 3.37122
0.672 3.37032
0.673 3.36941
0.674 3.36847
0.675 3.36752
0.676 3.36654
0.677 3.36554
0.678 3.36453
0.679 3.36349
0.68 3.36243
0.681 3.36135
0.682 3.36025
0.683 3.35913
0.684 3.35798
0.685 3.35681
0.686 3.35563
0.687 3.35442
0.688 3.35318
0.689 3.35193
0.69 3.35065
0.691 3.34935
0.692 3.34803
0.693 3.34668
0.694 3.34531
0.695 3.34392
0.696 3.34251
0.697 3.34107
0.698 3.33961
0.699 3.33813
0.7 3.33662
0.701 3.33509
0.702 3.33354
0.703 3.33196
0.704 3.33037
0.705 3.32875
0.706 3.3271
0.707 3.32543
0.708 3.32374
0.709 3.32203
0.71 3.3203
0.711 3.31854
0.712 3.31676
0.713 3.31496
0.714 3.31313
0.715 3.31129
0.716 3.30942
0.717 3.30753
0.718 3.30562
0.719 3.30369
0.72 3.30173
0.721 3.29976
0.722 3.29776
0.723 3.29575
0.724 3.29371
0.725 3.29166
0.726 3.28958
0.727 3.28749
0.728 3.28538
0.729 3.28325
0.73 3.2811
0.731 3.27893
0.732 3.27674
0.733 3.27454
0.734 3.27232
0.735 3.27009
0.736 3.26783
0.737 3.26557
0.738 3.26328
0.739 3.26099
0.74 3.25867
0.741 3.25635
0.742 3.25401
0.743 3.25166
0.744 3.24929
0.745 3.24692
0.746 3.24453
0.747 3.24213
0.748 3.23972
0.749 3.2373
0.75 3.23487
0.751 3.23243
0.752 3.22998
0.753 3.22753
0.754 3.22506
0.755 3.22259
0.756 3.22012
0.757 3.21763
0.758 3.21515
0.759 3.21266
0.76 3.21016
0.761 3.20766
0.762 3.20516
0.763 3.20265
0.764 3.20014
0.765 3.19763
0.766 3.19512
0.767 3.19261
0.768 3.1901
0.769 3.18759
0.77 3.18509
0.771 3.18258
0.772 3.18008
0.773 3.17758
0.774 3.17508
0.775 3.17259
0.776 3.1701
0.777 3.16761
0.778 3.16514
0.779 3.16266
0.78 3.1602
0.781 3.15774
0.782 3.15529
0.783 3.15285
0.784 3.15041
0.785 3.14799
0.786 3.14557
0.787 3.14316
0.788 3.14077
0.789 3.13838
0.79 3.13601
0.791 3.13365
0.792 3.1313
0.793 3.12896
0.794 3.12663
0.795 3.12432
0.796 3.12202
0.797 3.11974
0.798 3.11747
0.799 3.11521
0.8 3.11297
0.801 3.11075
0.802 3.10854
0.803 3.10634
0.804 3.10416
0.805 3.102
0.806 3.09985
0.807 3.09773
0.808 3.09561
0.809 3.09352
0.81 3.09144
0.811 3.08938
0.812 3.08734
0.813 3.08532
0.814 3.08331
0.815 3.08133
0.816 3.07936
0.817 3.07741
0.818 3.07548
0.819 3.07357
0.82 3.07168
0.821 3.0698
0.822 3.06795
0.823 3.06611
0.824 3.0643
0.825 3.0625
0.826 3.06073
0.827 3.05897
0.828 3.05724
0.829 3.05552
0.83 3.05382
0.831 3.05215
0.832 3.05049
0.833 3.04885
0.834 3.04723
0.835 3.04564
0.836 3.04406
0.837 3.0425
0.838 3.04096
0.839 3.03944
0.84 3.03794
0.841 3.03646
0.842 3.035
0.843 3.03356
0.844 3.03214
0.845 3.03073
0.846 3.02935
0.847 3.02799
0.848 3.02664
0.849 3.02531
0.85 3.02401
0.851 3.02272
0.852 3.02145
0.853 3.02019
0.854 3.01896
0.855 3.01774
0.856 3.01655
0.857 3.01537
0.858 3.0142
0.859 3.01306
0.86 3.01193
0.861 3.01082
0.862 3.00973
0.863 3.00866
0.864 3.0076
0.865 3.00656
0.866 3.00553
0.867 3.00453
0.868 3.00354
0.869 3.00256
0.87 3.0016
0.871 3.00066
0.872 2.99973
0.873 2.99882
0.874 2.99792
0.875 2.99704
0.876 2.99617
0.877 2.99532
0.878 2.99449
0.879 2.99367
0.88 2.99286
0.881 2.99207
0.882 2.99129
0.883 2.99052
0.884 2.98977
0.885 2.98903
0.886 2.98831
0.887 2.9876
0.888 2.9869
0.889 2.98622
0.89 2.98554
0.891 2.98489
0.892 2.98424
0.893 2.9836
0.894 2.98298
0.895 2.98237
0.896 2.98177
0.897 2.98119
0.898 2.98061
0.899 2.98005
0.9 2.9795
0.901 2.97896
0.902 2.97843
0.903 2.97791
0.904 2.9774
0.905 2.9769
0.906 2.97641
0.907 2.97594
0.908 2.97547
0.909 2.97501
0.91 2.97456
0.911 2.97412
0.912 2.9737
0.913 2.97328
0.914 2.97287
0.915 2.97247
0.916 2.97207
0.917 2.97169
0.918 2.97132
0.919 2.97095
0.92 2.97059
0.921 2.97024
0.922 2.9699
0.923 2.96957
0.924 2.96925
0.925 2.96893
0.926 2.96862
0.927 2.96832
0.928 2.96802
0.929 2.96774
0.93 2.96746
0.931 2.96719
0.932 2.96692
0.933 2.96666
0.934 2.96641
0.935 2.96617
0.936 2.96593
0.937 2.9657
0.938 2.96547
0.939 2.96525
0.94 2.96504
0.941 2.96483
0.942 2.96463
0.943 2.96444
0.944 2.96425
0.945 2.96406
0.946 2.96389
0.947 2.96372
0.948 2.96355
0.949 2.96339
0.95 2.96323
0.951 2.96308
0.952 2.96294
0.953 2.9628
0.954 2.96266
0.955 2.96253
0.956 2.9624
0.957 2.96228
0.958 2.96217
0.959 2.96205
0.96 2.96195
0.961 2.96184
0.962 2.96175
0.963 2.96165
0.964 2.96156
0.965 2.96148
0.966 2.9614
0.967 2.96132
0.968 2.96124
0.969 2.96117
0.97 2.96111
0.971 2.96105
0.972 2.96099
0.973 2.96093
0.974 2.96088
0.975 2.96083
0.976 2.96079
0.977 2.96075
0.978 2.96071
0.979 2.96068
0.98 2.96065
0.981 2.96062
0.982 2.96059
0.983 2.96057
0.984 2.96056
0.985 2.96054
0.986 2.96053
0.987 2.96052
0.988 2.96051
0.989 2.96051
0.99 2.96051
0.991 2.96051
0.992 2.96051
0.993 2.96052
0.994 2.96053
0.995 2.96054
0.996 2.96056
0.997 2.96057
0.998 2.96059
0.999 2.96062
1 2.96064
1.001 5
