0 0
0.001 0.3614
0.002 0.366834
0.003 0.372267
0.004 0.377698
0.005 0.383128
0.006 0.388555
0.007 0.393981
0.008 0.399404
0.009 0.404825
0.01 0.410244
0.011 0.41566
0.012 0.421073
0.013 0.426483
0.014 0.43189
0.015 0.437294
0.016 0.442694
0.017 0.448091
0.018 0.453484
0.019 0.458874
0.02 0.464259
0.021 0.46964
0.022 0.475017
0.023 0.48039
0.024 0.485758
0.025 0.491121
0.026 0.49648
0.027 0.501833
0.028 0.507182
0.029 0.512525
0.03 0.517863
0.031 0.523195
0.032 0.528522
0.033 0.533843
0.034 0.539158
0.035 0.544467
0.036 0.54977
0.037 0.555066
0.038 0.560357
0.039 0.56564
0.04 0.570917
0.041 0.576188
0.042 0.581451
0.043 0.586708
0.044 0.591957
0.045 0.5972
0.046 0.602435
0.047 0.607662
0.048 0.612883
0.049 0.618095
0.05 0.6233
0.051 0.628497
0.052 0.633687
0.053 0.638868
0.054 0.644042
0.055 0.649207
0.056 0.654364
0.057 0.659513
0.058 0.664654
0.059 0.669786
0.06 0.674909
0.061 0.680025
0.062 0.685131
0.063 0.690229
0.064 0.695318
0.065 0.700399
0.066 0.705471
0.067 0.710533
0.068 0.715587
0.069 0.720632
0.07 0.725668
0.071 0.730695
0.072 0.735713
0.073 0.740722
0.074 0.745721
0.075 0.750712
0.076 0.755693
0.077 0.760665
0.078 0.765628
0.079 0.770582
0.08 0.775527
0.081 0.780462
0.082 0.785388
0.083 0.790305
0.084 0.795212
0.085 0.800111
0.086 0.805
0.087 0.809879
0.088 0.81475
0.089 0.819612
0.09 0.824464
0.091 0.829307
0.092 0.834141
0.093 0.838966
0.094 0.843781
0.095 0.848588
0.096 0.853386
0.097 0.858174
0.098 0.862954
0.099 0.867725
0.1 0.872487
0.101 0.87724
0.102 0.881984
0.103 0.88672
0.104 0.891447
0.105 0.896165
0.106 0.900875
0.107 0.905576
0.108 0.910269
0.109 0.914954
0.11 0.91963
0.111 0.924297
0.112 0.928957
0.113 0.933609
0.114 0.938252
0.115 0.942888
0.116 0.947515
0.117 0.952135
0.118 0.956747
0.119 0.961351
0.12 0.965948
0.121 0.970537
0.122 0.975119
0.123 0.979694
0.124 0.984261
0.125 0.988821
0.126 0.993374
0.127 0.99792
0.128 1.00246
0.129 1.00699
0.13 1.01152
0.131 1.01604
0.132 1.02055
0.133 1.02506
0.134 1.02956
0.135 1.03405
0.136 1.03854
0.137 1.04302
0.138 1.04749
0.139 1.05196
0.14 1.05643
0.141 1.06089
0.142 1.06534
0.143 1.06979
0.144 1.07423
0.145 1.07867
0.146 1.0831
0.147 1.08752
0.148 1.09195
0.149 1.09636
0.15 1.10078
0.151 1.10518
0.152 1.10959
0.153 1.11399
0.154 1.11838
0.155 1.12277
0.156 1.12716
0.157 1.13154
0.158 1.13592
0.159 1.1403
0.16 1.14467
0.161 1.14904
0.162 1.1534
0.163 1.15777
0.164 1.16212
0.165 1.16648
0.166 1.17083
0.167 1.17518
0.168 1.17953
0.169 1.18387
0.17 1.18822
0.171 1.19256
0.172 1.19689
0.173 1.20123
0.174 1.20556
0.175 1.20989
0.176 1.21422
0.177 1.21855
0.178 1.22288
0.179 1.2272
0.18 1.23152
0.181 1.23584
0.182 1.24017
0.183 1.24448
0.184 1.2488
0.185 1.25312
0.186 1.25744
0.187 1.26175
0.188 1.26607
0.189 1.27038
0.19 1.2747
0.191 1.27901
0.192 1.28333
0.193 1.28764
0.194 1.29196
0.195 1.29627
0.196 1.30059
0.197 1.3049
0.198 1.30922
0.199 1.31353
0.2 1.31785
0.201 1.32217
0.202 1.32649
0.203 1.33081
0.204 1.33513
0.205 1.33945
0.206 1.34377
0.207 1.3481
0.208 1.35242
0.209 1.35675
0.21 1.36108
0.211 1.36541
0.212 1.36974
0.213 1.37408
0.214 1.37841
0.215 1.38275
0.216 1.3871
0.217 1.39144
0.218 1.39579
0.219 1.40013
0.22 1.40449
0.221 1.40884
0.222 1.4132
0.223 1.41756
0.224 1.42192
0.225 1.42629
0.226 1.43066
0.227 1.43503
0.228 1.43941
0.229 1.44379
0.23 1.44817
0.231 1.45256
0.232 1.45695
0.233 1.46135
0.234 1.46574
0.235 1.47015
0.236 1.47456
0.237 1.47897
0.238 1.48338
0.239 1.4878
0.24 1.49223
0.241 1.49666
0.242 1.50109
0.243 1.50553
0.244 1.50998
0.245 1.51443
0.246 1.51888
0.247 1.52334
0.248 1.5278
0.249 1.53227
0.25 1.53675
0.251 1.54123
0.252 1.54572
0.253 1.55021
0.254 1.55471
0.255 1.55921
0.256 1.56372
0.257 1.56824
0.258 1.57276
0.259 1.57728
0.26 1.58182
0.261 1.58636
0.262 1.59091
0.263 1.59546
0.264 1.60002
0.265 1.60459
0.266 1.60916
0.267 1.61374
0.268 1.61833
0.269 1.62292
0.27 1.62752
0.271 1.63213
0.272 1.63674
0.273 1.64137
0.274 1.646
0.275 1.65063
0.276 1.65528
0.277 1.65993
0.278 1.66459
0.279 1.66926
0.28 1.67393
0.281 1.67861
0.282 1.6833
0.283 1.688
0.284 1.69271
0.285 1.69742
0.286 1.70215
0.287 1.70688
0.288 1.71162
0.289 1.71636
0.29 1.72112
0.291 1.72588
0.292 1.73066
0.293 1.73544
0.294 1.74023
0.295 1.74503
0.296 1.74984
0.297 1.75465
0.298 1.75948
0.299 1.76431
0.3 1.76915
0.301 1.77401
0.302 1.77887
0.303 1.78374
0.304 1.78862
0.305 1.79351
0.306 1.79841
0.307 1.80331
0.308 1.80823
0.309 1.81316
0.31 1.81809
0.311 1.82304
0.312 1.82799
0.313 1.83296
0.314 1.83793
0.315 1.84292
0.316 1.84791
0.317 1.85292
0.318 1.85793
0.319 1.86295
0.32 1.86799
0.321 1.87303
0.322 1.87809
0.323 1.88315
0.324 1.88823
0.325 1.89331
0.326 1.89841
0.327 1.90351
0.328 1.90863
0.329 1.91376
0.33 1.91889
0.331 1.92404
0.332 1.9292
0.333 1.93437
0.334 1.93955
0.335 1.94474
0.336 1.94994
0.337 1.95515
0.338 1.96037
0.339 1.96561
0.34 1.97085
0.341 1.97611
0.342 1.98138
0.343 1.98665
0.344 1.99194
0.345 1.99724
0.346 2.00256
0.347 2.00788
0.348 2.01321
0.349 2.01856
0.35 2.02392
0.351 2.02928
0.352 2.03467
0.353 2.04006
0.354 2.04546
0.355 2.05088
0.356 2.0563
0.357 2.06174
0.358 2.06719
0.359 2.07266
0.36 2.07813
0.361 2.08362
0.362 2.08912
0.363 2.09463
0.364 2.10015
0.365 2.10569
0.366 2.11124
0.367 2.1168
0.368 2.12237
0.369 2.12795
0.37 2.13355
0.371 2.13916
0.372 2.14478
0.373 2.15042
0.374 2.15607
0.375 2.16173
0.376 2.16741
0.377 2.17309
0.378 2.17879
0.379 2.18451
0.38 2.19024
0.381 2.19598
0.382 2.20173
0.383 2.2075
0.384 2.21328
0.385 2.21907
0.386 2.22488
0.387 2.2307
0.388 2.23654
0.389 2.24239
0.39 2.24825
0.391 2.25413
0.392 2.26002
0.393 2.26593
0.394 2.27185
0.395 2.27779
0.396 2.28374
0.397 2.2897
0.398 2.29568
0.399 2.30168
0.4 2.30768
0.401 2.31371
0.402 2.31975
0.403 2.3258
0.404 2.33187
0.405 2.33796
0.406 2.34406
0.407 2.35018
0.408 2.35631
0.409 2.36246
0.41 2.36862
0.411 2.37481
0.412 2.381
0.413 2.38722
0.414 2.39345
0.415 2.39969
0.416 2.40596
0.417 2.41224
0.418 2.41854
0.419 2.42485
0.42 2.43118
0.421 2.43753
0.422 2.4439
0.423 2.45029
0.424 2.45669
0.425 2.46311
0.426 2.46955
0.427 2.47601
0.428 2.48248
0.429 2.48898
0.43 2.49549
0.431 2.50203
0.432 2.50858
0.433 2.51515
0.434 2.52174
0.435 2.52835
0.436 2.53498
0.437 2.54163
0.438 2.5483
0.439 2.55499
0.44 2.5617
0.441 2.56843
0.442 2.57519
0.443 2.58196
0.444 2.58875
0.445 2.59557
0.446 2.60241
0.447 2.60927
0.448 2.61615
0.449 2.62305
0.45 2.62998
0.451 2.63693
0.452 2.6439
0.453 2.6509
0.454 2.65791
0.455 2.66496
0.456 2.67202
0.457 2.67911
0.458 2.68622
0.459 2.69336
0.46 2.70052
0.461 2.70771
0.462 2.71492
0.463 2.72216
0.464 2.72942
0.465 2.73671
0.466 2.74403
0.467 2.75137
0.468 2.75874
0.469 2.76613
0.47 2.77355
0.471 2.781
0.472 2.78848
0.473 2.79598
0.474 2.80351
0.475 2.81107
0.476 2.81866
0.477 2.82628
0.478 2.83393
0.479 2.8416
0.48 2.84931
0.481 2.85705
0.482 2.86481
0.483 2.87261
0.484 2.88044
0.485 2.8883
0.486 2.89619
0.487 2.90411
0.488 2.91206
0.489 2.92005
0.49 2.92807
0.491 2.93612
0.492 2.9442
0.493 2.95232
0.494 2.96048
0.495 2.96866
0.496 2.97688
0.497 2.98514
0.498 2.99343
0.499 3.00176
0.5 3.01012
0.501 3.01852
0.502 3.02695
0.503 3.03543
0.504 3.04394
0.505 3.05248
0.506 3.06107
0.507 3.06969
0.508 3.07835
0.509 3.08705
0.51 3.09579
0.511 3.10457
0.512 3.11339
0.513 3.12225
0.514 3.13115
0.515 3.14009
0.516 3.14907
0.517 3.1581
0.518 3.16716
0.519 3.17627
0.52 3.18542
0.521 3.19462
0.522 3.20386
0.523 3.21314
0.524 3.22247
0.525 3.23184
0.526 3.24126
0.527 3.25072
0.528 3.26023
0.529 3.26979
0.53 3.27939
0.531 3.28904
0.532 3.29874
0.533 3.30848
0.534 3.31828
0.535 3.32812
0.536 3.33801
0.537 3.34795
0.538 3.35794
0.539 3.36798
0.54 3.37808
0.541 3.38822
0.542 3.39842
0.543 3.40866
0.544 3.41896
0.545 3.42932
0.546 3.43972
0.547 3.45018
0.548 3.46069
0.549 3.47126
0.55 3.48188
0.551 3.49256
0.552 3.5033
0.553 3.51409
0.554 3.52493
0.555 3.53584
0.556 3.5468
0.557 3.55781
0.558 3.56889
0.559 3.58002
0.56 3.59122
0.561 3.60247
0.562 3.61378
0.563 3.62516
0.564 3.63659
0.565 3.64808
0.566 3.65964
0.567 3.67126
0.568 3.68294
0.569 3.69468
0.57 3.70648
0.571 3.71835
0.572 3.73028
0.573 3.74228
0.574 3.75434
0.575 3.76646
0.576 3.77865
0.577 3.7909
0.578 3.80322
0.579 3.81561
0.58 3.82806
0.581 3.84058
0.582 3.85317
0.583 3.86582
0.584 3.87854
0.585 3.89133
0.586 3.90419
0.587 3.91711
0.588 3.93011
0.589 3.94317
0.59 3.9563
0.591 3.96951
0.592 3.98278
0.593 3.99612
0.594 4.00953
0.595 4.02302
0.596 4.03657
0.597 4.0502
0.598 4.0639
0.599 4.07766
0.6 4.0915
0.601 4.10541
0.602 4.1194
0.603 4.13345
0.604 4.14758
0.605 4.16178
0.606 4.17605
0.607 4.1904
0.608 4.20482
0.609 4.21931
0.61 4.23387
0.611 4.24851
0.612 4.26322
0.613 4.278
0.614 4.29285
0.615 4.30778
0.616 4.32278
0.617 4.33785
0.618 4.353
0.619 4.36822
0.62 4.38351
0.621 4.39887
0.622 4.41431
0.623 4.42981
0.624 4.44539
0.625 4.46104
0.626 4.47677
0.627 4.49256
0.628 4.50843
0.629 4.52436
0.63 4.54037
0.631 4.55645
0.632 4.57259
0.633 4.58881
0.634 4.60509
0.635 4.62145
0.636 4.63787
0.637 4.65436
0.638 4.67092
0.639 4.68754
0.64 4.70424
0.641 4.72099
0.642 4.73782
0.643 4.7547
0.644 4.77166
0.645 4.78867
0.646 4.80575
0.647 4.82289
0.648 4.84009
0.649 4.85736
0.65 4.87468
0.651 4.89206
0.652 4.90951
0.653 4.92701
0.654 4.94456
0.655 4.96217
0.656 4.97984
0.657 4.99756
0.658 5.01534
0.659 5.03316
0.66 5.05104
0.661 5.06897
0.662 5.08695
0.663 5.10497
0.664 5.12305
0.665 5.14117
0.666 5.15933
0.667 5.17753
0.668 5.19578
0.669 5.21407
0.67 5.2324
0.671 5.25077
0.672 5.26918
0.673 5.28762
0.674 5.30609
0.675 5.3246
0.676 5.34314
0.677 5.36171
0.678 5.38031
0.679 5.39894
0.68 5.41759
0.681 5.43626
0.682 5.45496
0.683 5.47368
0.684 5.49242
0.685 5.51118
0.686 5.52995
0.687 5.54874
0.688 5.56754
0.689 5.58635
0.69 5.60517
0.691 5.624
0.692 5.64284
0.693 5.66168
0.694 5.68052
0.695 5.69936
0.696 5.7182
0.697 5.73704
0.698 5.75587
0.699 5.7747
0.7 5.79351
0.701 5.81232
0.702 5.83112
0.703 5.84989
0.704 5.86866
0.705 5.8874
0.706 5.90613
0.707 5.92483
0.708 5.94351
0.709 5.96216
0.71 5.98079
0.711 5.99938
0.712 6.01795
0.713 6.03647
0.714 6.05497
0.715 6.07342
0.716 6.09184
0.717 6.11021
0.718 6.12854
0.719 6.14682
0.72 6.16506
0.721 6.18324
0.722 6.20138
0.723 6.21945
0.724 6.23748
0.725 6.25545
0.726 6.27335
0.727 6.2912
0.728 6.30898
0.729 6.32669
0.73 6.34434
0.731 6.36192
0.732 6.37943
0.733 6.39686
0.734 6.41422
0.735 6.43151
0.736 6.44871
0.737 6.46584
0.738 6.48288
0.739 6.49984
0.74 6.51671
0.741 6.53349
0.742 6.55019
0.743 6.56679
0.744 6.5833
0.745 6.59972
0.746 6.61604
0.747 6.63227
0.748 6.6484
0.749 6.66442
0.75 6.68034
0.751 6.69616
0.752 6.71188
0.753 6.72749
0.754 6.74299
0.755 6.75838
0.756 6.77366
0.757 6.78883
0.758 6.80388
0.759 6.81882
0.76 6.83365
0.761 6.84836
0.762 6.86295
0.763 6.87742
0.764 6.89177
0.765 6.906
0.766 6.92011
0.767 6.9341
0.768 6.94796
0.769 6.9617
0.77 6.97531
0.771 6.98879
0.772 7.00215
0.773 7.01538
0.774 7.02848
0.775 7.04145
0.776 7.05429
0.777 7.067
0.778 7.07957
0.779 7.09202
0.78 7.10434
0.781 7.11652
0.782 7.12857
0.783 7.14048
0.784 7.15227
0.785 7.16391
0.786 7.17543
0.787 7.18681
0.788 7.19805
0.789 7.20916
0.79 7.22014
0.791 7.23098
0.792 7.24168
0.793 7.25226
0.794 7.26269
0.795 7.27299
0.796 7.28316
0.797 7.29319
0.798 7.30309
0.799 7.31286
0.8 7.32249
0.801 7.33199
0.802 7.34136
0.803 7.35059
0.804 7.35969
0.805 7.36866
0.806 7.3775
0.807 7.3862
0.808 7.39478
0.809 7.40323
0.81 7.41155
0.811 7.41974
0.812 7.4278
0.813 7.43574
0.814 7.44354
0.815 7.45123
0.816 7.45879
0.817 7.46622
0.818 7.47353
0.819 7.48072
0.82 7.48778
0.821 7.49473
0.822 7.50155
0.823 7.50826
0.824 7.51485
0.825 7.52132
0.826 7.52767
0.827 7.53391
0.828 7.54003
0.829 7.54605
0.83 7.55194
0.831 7.55773
0.832 7.56341
0.833 7.56897
0.834 7.57443
0.835 7.57978
0.836 7.58503
0.837 7.59017
0.838 7.5952
0.839 7.60014
0.84 7.60497
0.841 7.6097
0.842 7.61433
0.843 7.61886
0.844 7.6233
0.845 7.62764
0.846 7.63188
0.847 7.63603
0.848 7.64009
0.849 7.64405
0.85 7.64793
0.851 7.65172
0.852 7.65541
0.853 7.65902
0.854 7.66255
0.855 7.66599
0.856 7.66934
0.857 7.67261
0.858 7.67581
0.859 7.67892
0.86 7.68195
0.861 7.6849
0.862 7.68778
0.863 7.69058
0.864 7.69331
0.865 7.69596
0.866 7.69854
0.867 7.70105
0.868 7.70349
0.869 7.70586
0.87 7.70816
0.871 7.71039
0.872 7.71256
0.873 7.71466
0.874 7.7167
0.875 7.71868
0.876 7.72059
0.877 7.72244
0.878 7.72423
0.879 7.72597
0.88 7.72764
0.881 7.72926
0.882 7.73082
0.883 7.73233
0.884 7.73378
0.885 7.73518
0.886 7.73653
0.887 7.73782
0.888 7.73907
0.889 7.74026
0.89 7.74141
0.891 7.74251
0.892 7.74356
0.893 7.74457
0.894 7.74553
0.895 7.74644
0.896 7.74731
0.897 7.74814
0.898 7.74893
0.899 7.74968
0.9 7.75038
0.901 7.75105
0.902 7.75168
0.903 7.75226
0.904 7.75281
0.905 7.75333
0.906 7.75381
0.907 7.75425
0.908 7.75466
0.909 7.75503
0.91 7.75538
0.911 7.75568
0.912 7.75596
0.913 7.75621
0.914 7.75642
0.915 7.75661
0.916 7.75676
0.917 7.75689
0.918 7.75699
0.919 7.75706
0.92 7.7571
0.921 7.75712
0.922 7.75711
0.923 7.75708
0.924 7.75702
0.925 7.75693
0.926 7.75683
0.927 7.7567
0.928 7.75654
0.929 7.75637
0.93 7.75617
0.931 7.75595
0.932 7.75571
0.933 7.75545
0.934 7.75518
0.935 7.75488
0.936 7.75456
0.937 7.75422
0.938 7.75387
0.939 7.7535
0.94 7.75311
0.941 7.7527
0.942 7.75228
0.943 7.75184
0.944 7.75138
0.945 7.75091
0.946 7.75043
0.947 7.74993
0.948 7.74941
0.949 7.74888
0.95 7.74834
0.951 7.74779
0.952 7.74722
0.953 7.74664
0.954 7.74604
0.955 7.74544
0.956 7.74482
0.957 7.74419
0.958 7.74355
0.959 7.7429
0.96 7.74224
0.961 7.74157
0.962 7.74089
0.963 7.74019
0.964 7.73949
0.965 7.73878
0.966 7.73806
0.967 7.73733
0.968 7.7366
0.969 7.73585
0.97 7.7351
0.971 7.73433
0.972 7.73357
0.973 7.73279
0.974 7.732
0.975 7.73121
0.976 7.73042
0.977 7.72961
0.978 7.7288
0.979 7.72798
0.98 7.72716
0.981 7.72633
0.982 7.72549
0.983 7.72465
0.984 7.7238
0.985 7.72295
0.986 7.7221
0.987 7.72123
0.988 7.72037
0.989 7.7195
0.99 7.71862
0.991 7.71774
0.992 7.71685
0.993 7.71597
0.994 7.71507
0.995 7.71418
0.996 7.71328
0.997 7.71237
0.998 7.71146
0.999 7.71055
1 7.70964
1.001 0
