0 -10
0.001 -5.8036
0.002 -5.79193
0.003 -5.78026
0.004 -5.76859
0.005 -5.75693
0.006 -5.74526
0.007 -5.7336
0.008 -5.72194
0.009 -5.71028
0.01 -5.69863
0.011 -5.68698
0.012 -5.67534
0.013 -5.66369
0.014 -5.65206
0.015 -5.64042
0.016 -5.62879
0.017 -5.61717
0.018 -5.60555
0.019 -5.59394
0.02 -5.58233
0.021 -5.57073
0.022 -5.55914
0.023 -5.54755
0.024 -5.53597
0.025 -5.5244
0.026 -5.51284
0.027 -5.50128
0.028 -5.48973
0.029 -5.47819
0.03 -5.46666
0.031 -5.45514
0.032 -5.44363
0.033 -5.43213
0.034 -5.42063
0.035 -5.40915
0.036 -5.39768
0.037 -5.38622
0.038 -5.37477
0.039 -5.36333
0.04 -5.3519
0.041 -5.34049
0.042 -5.32908
0.043 -5.31769
0.044 -5.30631
0.045 -5.29495
0.046 -5.28359
0.047 -5.27225
0.048 -5.26093
0.049 -5.24962
0.05 -5.23832
0.051 -5.22703
0.052 -5.21576
0.053 -5.20451
0.054 -5.19327
0.055 -5.18204
0.056 -5.17083
0.057 -5.15964
0.058 -5.14846
0.059 -5.13729
0.06 -5.12615
0.061 -5.11501
0.062 -5.1039
0.063 -5.0928
0.064 -5.08172
0.065 -5.07066
0.066 -5.05961
0.067 -5.04858
0.068 -5.03757
0.069 -5.02657
0.07 -5.0156
0.071 -5.00464
0.072 -4.9937
0.073 -4.98277
0.074 -4.97187
0.075 -4.96098
0.076 -4.95012
0.077 -4.93927
0.078 -4.92844
0.079 -4.91763
0.08 -4.90684
0.081 -4.89607
0.082 -4.88531
0.083 -4.87458
0.084 -4.86387
0.085 -4.85317
0.086 -4.8425
0.087 -4.83184
0.088 -4.82121
0.089 -4.8106
0.09 -4.8
0.091 -4.78943
0.092 -4.77887
0.093 -4.76834
0.094 -4.75782
0.095 -4.74733
0.096 -4.73686
0.097 -4.7264
0.098 -4.71597
0.099 -4.70556
0.1 -4.69517
0.101 -4.6848
0.102 -4.67445
0.103 -4.66412
0.104 -4.65381
0.105 -4.64353
0.106 -4.63326
0.107 -4.62301
0.108 -4.61279
0.109 -4.60258
0.11 -4.5924
0.111 -4.58224
0.112 -4.5721
0.113 -4.56197
0.114 -4.55187
0.115 -4.54179
0.116 -4.53174
0.117 -4.5217
0.118 -4.51168
0.119 -4.50169
0.12 -4.49171
0.121 -4.48176
0.122 -4.47182
0.123 -4.46191
0.124 -4.45202
0.125 -4.44214
0.126 -4.43229
0.127 -4.42246
0.128 -4.41265
0.129 -4.40287
0.13 -4.3931
0.131 -4.38335
0.132 -4.37362
0.133 -4.36391
0.134 -4.35423
0.135 -4.34456
0.136 -4.33492
0.137 -4.32529
0.138 -4.31569
0.139 -4.3061
0.14 -4.29654
0.141 -4.28699
0.142 -4.27747
0.143 -4.26797
0.144 -4.25848
0.145 -4.24902
0.146 -4.23958
0.147 -4.23015
0.148 -4.22075
0.149 -4.21137
0.15 -4.202
0.151 -4.19266
0.152 -4.18333
0.153 -4.17403
0.154 -4.16475
0.155 -4.15548
0.156 -4.14624
0.157 -4.13701
0.158 -4.1278
0.159 -4.11862
0.16 -4.10945
0.161 -4.1003
0.162 -4.09117
0.163 -4.08206
0.164 -4.07297
0.165 -4.0639
0.166 -4.05485
0.167 -4.04582
0.168 -4.03681
0.169 -4.02781
0.17 -4.01884
0.171 -4.00988
0.172 -4.00094
0.173 -3.99203
0.174 -3.98313
0.175 -3.97425
0.176 -3.96538
0.177 -3.95654
0.178 -3.94771
0.179 -3.93891
0.18 -3.93012
0.181 -3.92135
0.182 -3.9126
0.183 -3.90387
0.184 -3.89515
0.185 -3.88646
0.186 -3.87778
0.187 -3.86912
0.188 -3.86048
0.189 -3.85186
0.19 -3.84325
0.191 -3.83467
0.192 -3.8261
0.193 -3.81754
0.194 -3.80901
0.195 -3.8005
0.196 -3.792
0.197 -3.78352
0.198 -3.77506
0.199 -3.76661
0.2 -3.75818
0.201 -3.74977
0.202 -3.74138
0.203 -3.73301
0.204 -3.72465
0.205 -3.71631
0.206 -3.70798
0.207 -3.69968
0.208 -3.69139
0.209 -3.68312
0.21 -3.67486
0.211 -3.66662
0.212 -3.6584
0.213 -3.6502
0.214 -3.64201
0.215 -3.63384
0.216 -3.62568
0.217 -3.61754
0.218 -3.60942
0.219 -3.60132
0.22 -3.59323
0.221 -3.58516
0.222 -3.5771
0.223 -3.56906
0.224 -3.56104
0.225 -3.55303
0.226 -3.54504
0.227 -3.53706
0.228 -3.5291
0.229 -3.52116
0.23 -3.51323
0.231 -3.50532
0.232 -3.49742
0.233 -3.48954
0.234 -3.48167
0.235 -3.47382
0.236 -3.46599
0.237 -3.45817
0.238 -3.45036
0.239 -3.44257
0.24 -3.4348
0.241 -3.42704
0.242 -3.4193
0.243 -3.41157
0.244 -3.40386
0.245 -3.39616
0.246 -3.38847
0.247 -3.3808
0.248 -3.37315
0.249 -3.36551
0.25 -3.35788
0.251 -3.35027
0.252 -3.34268
0.253 -3.33509
0.254 -3.32753
0.255 -3.31997
0.256 -3.31243
0.257 -3.30491
0.258 -3.2974
0.259 -3.2899
0.26 -3.28242
0.261 -3.27495
0.262 -3.26749
0.263 -3.26005
0.264 -3.25262
0.265 -3.24521
0.266 -3.23781
0.267 -3.23042
0.268 -3.22305
0.269 -3.21569
0.27 -3.20834
0.271 -3.20101
0.272 -3.19369
0.273 -3.18638
0.274 -3.17909
0.275 -3.17181
0.276 -3.16454
0.277 -3.15729
0.278 -3.15005
0.279 -3.14282
0.28 -3.13561
0.281 -3.12841
0.282 -3.12122
0.283 -3.11404
0.284 -3.10688
0.285 -3.09973
0.286 -3.09259
0.287 -3.08547
0.288 -3.07835
0.289 -3.07125
0.29 -3.06417
0.291 -3.05709
0.292 -3.05003
0.293 -3.04298
0.294 -3.03594
0.295 -3.02892
0.296 -3.0219
0.297 -3.0149
0.298 -3.00792
0.299 -3.00094
0.3 -2.99397
0.301 -2.98702
0.302 -2.98008
0.303 -2.97315
0.304 -2.96624
0.305 -2.95933
0.306 -2.95244
0.307 -2.94556
0.308 -2.93869
0.309 -2.93184
0.31 -2.92499
0.311 -2.91816
0.312 -2.91134
0.313 -2.90453
0.314 -2.89773
0.315 -2.89094
0.316 -2.88417
0.317 -2.8774
0.318 -2.87065
0.319 -2.86391
0.32 -2.85718
0.321 -2.85047
0.322 -2.84376
0.323 -2.83706
0.324 -2.83038
0.325 -2.82371
0.326 -2.81705
0.327 -2.8104
0.328 -2.80376
0.329 -2.79713
0.33 -2.79051
0.331 -2.78391
0.332 -2.77731
0.333 -2.77073
0.334 -2.76416
0.335 -2.7576
0.336 -2.75105
0.337 -2.74451
0.338 -2.73798
0.339 -2.73146
0.34 -2.72495
0.341 -2.71845
0.342 -2.71197
0.343 -2.70549
0.344 -2.69902
0.345 -2.69257
0.346 -2.68612
0.347 -2.67969
0.348 -2.67327
0.349 -2.66685
0.35 -2.66045
0.351 -2.65406
0.352 -2.64767
0.353 -2.6413
0.354 -2.63494
0.355 -2.62858
0.356 -2.62224
0.357 -2.61591
0.358 -2.60958
0.359 -2.60327
0.36 -2.59697
0.361 -2.59067
0.362 -2.58439
0.363 -2.57811
0.364 -2.57185
0.365 -2.56559
0.366 -2.55934
0.367 -2.55311
0.368 -2.54688
0.369 -2.54066
0.37 -2.53445
0.371 -2.52825
0.372 -2.52206
0.373 -2.51587
0.374 -2.5097
0.375 -2.50353
0.376 -2.49738
0.377 -2.49123
0.378 -2.48509
0.379 -2.47896
0.38 -2.47283
0.381 -2.46672
0.382 -2.46061
0.383 -2.45451
0.384 -2.44842
0.385 -2.44234
0.386 -2.43627
0.387 -2.4302
0.388 -2.42414
0.389 -2.41809
0.39 -2.41204
0.391 -2.40601
0.392 -2.39998
0.393 -2.39396
0.394 -2.38794
0.395 -2.38193
0.396 -2.37593
0.397 -2.36994
0.398 -2.36395
0.399 -2.35797
0.4 -2.352
0.401 -2.34603
0.402 -2.34007
0.403 -2.33411
0.404 -2.32816
0.405 -2.32222
0.406 -2.31628
0.407 -2.31035
0.408 -2.30443
0.409 -2.29851
0.41 -2.29259
0.411 -2.28668
0.412 -2.28078
0.413 -2.27488
0.414 -2.26899
0.415 -2.2631
0.416 -2.25721
0.417 -2.25133
0.418 -2.24546
0.419 -2.23959
0.42 -2.23372
0.421 -2.22786
0.422 -2.222
0.423 -2.21614
0.424 -2.21029
0.425 -2.20444
0.426 -2.1986
0.427 -2.19276
0.428 -2.18692
0.429 -2.18109
0.43 -2.17525
0.431 -2.16942
0.432 -2.1636
0.433 -2.15777
0.434 -2.15195
0.435 -2.14613
0.436 -2.14032
0.437 -2.1345
0.438 -2.12869
0.439 -2.12287
0.44 -2.11706
0.441 -2.11125
0.442 -2.10545
0.443 -2.09964
0.444 -2.09383
0.445 -2.08803
0.446 -2.08222
0.447 -2.07642
0.448 -2.07061
0.449 -2.06481
0.45 -2.059
0.451 -2.0532
0.452 -2.04739
0.453 -2.04159
0.454 -2.03578
0.455 -2.02998
0.456 -2.02417
0.457 -2.01836
0.458 -2.01255
0.459 -2.00674
0.46 -2.00092
0.461 -1.99511
0.462 -1.98929
0.463 -1.98347
0.464 -1.97765
0.465 -1.97182
0.466 -1.966
0.467 -1.96017
0.468 -1.95433
0.469 -1.9485
0.47 -1.94266
0.471 -1.93682
0.472 -1.93097
0.473 -1.92512
0.474 -1.91927
0.475 -1.91341
0.476 -1.90754
0.477 -1.90168
0.478 -1.89581
0.479 -1.88993
0.48 -1.88405
0.481 -1.87816
0.482 -1.87227
0.483 -1.86637
0.484 -1.86047
0.485 -1.85456
0.486 -1.84864
0.487 -1.84272
0.488 -1.83679
0.489 -1.83086
0.49 -1.82491
0.491 -1.81897
0.492 -1.81301
0.493 -1.80705
0.494 -1.80108
0.495 -1.7951
0.496 -1.78911
0.497 -1.78312
0.498 -1.77712
0.499 -1.77111
0.5 -1.76509
0.501 -1.75906
0.502 -1.75302
0.503 -1.74698
0.504 -1.74092
0.505 -1.73486
0.506 -1.72879
0.507 -1.72271
0.508 -1.71661
0.509 -1.71051
0.51 -1.7044
0.511 -1.69827
0.512 -1.69214
0.513 -1.686
0.514 -1.67984
0.515 -1.67367
0.516 -1.6675
0.517 -1.66131
0.518 -1.65511
0.519 -1.6489
0.52 -1.64267
0.521 -1.63644
0.522 -1.63019
0.523 -1.62393
0.524 -1.61766
0.525 -1.61137
0.526 -1.60507
0.527 -1.59876
0.528 -1.59244
0.529 -1.5861
0.53 -1.57975
0.531 -1.57339
0.532 -1.56702
0.533 -1.56062
0.534 -1.55422
0.535 -1.5478
0.536 -1.54137
0.537 -1.53492
0.538 -1.52846
0.539 -1.52199
0.54 -1.5155
0.541 -1.50899
0.542 -1.50247
0.543 -1.49594
0.544 -1.48939
0.545 -1.48283
0.546 -1.47625
0.547 -1.46965
0.548 -1.46304
0.549 -1.45642
0.55 -1.44978
0.551 -1.44312
0.552 -1.43645
0.553 -1.42976
0.554 -1.42306
0.555 -1.41634
0.556 -1.4096
0.557 -1.40285
0.558 -1.39608
0.559 -1.3893
0.56 -1.38249
0.561 -1.37568
0.562 -1.36885
0.563 -1.362
0.564 -1.35513
0.565 -1.34825
0.566 -1.34135
0.567 -1.33444
0.568 -1.32751
0.569 -1.32056
0.57 -1.3136
0.571 -1.30662
0.572 -1.29962
0.573 -1.29261
0.574 -1.28558
0.575 -1.27854
0.576 -1.27148
0.577 -1.2644
0.578 -1.25731
0.579 -1.2502
0.58 -1.24308
0.581 -1.23594
0.582 -1.22879
0.583 -1.22162
0.584 -1.21443
0.585 -1.20723
0.586 -1.20002
0.587 -1.19279
0.588 -1.18554
0.589 -1.17828
0.59 -1.17101
0.591 -1.16372
0.592 -1.15642
0.593 -1.14911
0.594 -1.14178
0.595 -1.13444
0.596 -1.12708
0.597 -1.11971
0.598 -1.11234
0.599 -1.10494
0.6 -1.09754
0.601 -1.09013
0.602 -1.0827
0.603 -1.07526
0.604 -1.06782
0.605 -1.06036
0.606 -1.05289
0.607 -1.04541
0.608 -1.03793
0.609 -1.03043
0.61 -1.02293
0.611 -1.01542
0.612 -1.0079
0.613 -1.00038
0.614 -0.992851
0.615 -0.985316
0.616 -0.977775
0.617 -0.97023
0.618 -0.96268
0.619 -0.955127
0.62 -0.947572
0.621 -0.940014
0.622 -0.932454
0.623 -0.924893
0.624 -0.917332
0.625 -0.909771
0.626 -0.902211
0.627 -0.894653
0.628 -0.887098
0.629 -0.879545
0.63 -0.871997
0.631 -0.864453
0.632 -0.856915
0.633 -0.849383
0.634 -0.841859
0.635 -0.834342
0.636 -0.826835
0.637 -0.819337
0.638 -0.81185
0.639 -0.804375
0.64 -0.796913
0.641 -0.789464
0.642 -0.782029
0.643 -0.774611
0.644 -0.767209
0.645 -0.759824
0.646 -0.752459
0.647 -0.745113
0.648 -0.737788
0.649 -0.730485
0.65 -0.723206
0.651 -0.715951
0.652 -0.708721
0.653 -0.701518
0.654 -0.694343
0.655 -0.687198
0.656 -0.680083
0.657 -0.672999
0.658 -0.665949
0.659 -0.658932
0.66 -0.651952
0.661 -0.645008
0.662 -0.638103
0.663 -0.631237
0.664 -0.624413
0.665 -0.617631
0.666 -0.610892
0.667 -0.6042
0.668 -0.597553
0.669 -0.590956
0.67 -0.584407
0.671 -0.57791
0.672 -0.571466
0.673 -0.565076
0.674 -0.558741
0.675 -0.552464
0.676 -0.546246
0.677 -0.540088
0.678 -0.533992
0.679 -0.527959
0.68 -0.521991
0.681 -0.51609
0.682 -0.510258
0.683 -0.504495
0.684 -0.498804
0.685 -0.493185
0.686 -0.487642
0.687 -0.482175
0.688 -0.476785
0.689 -0.471476
0.69 -0.466247
0.691 -0.461102
0.692 -0.456041
0.693 -0.451066
0.694 -0.446179
0.695 -0.441381
0.696 -0.436674
0.697 -0.43206
0.698 -0.42754
0.699 -0.423116
0.7 -0.418789
0.701 -0.414562
0.702 -0.410435
0.703 -0.40641
0.704 -0.40249
0.705 -0.398674
0.706 -0.394966
0.707 -0.391366
0.708 -0.387876
0.709 -0.384498
0.71 -0.381233
0.711 -0.378082
0.712 -0.375047
0.713 -0.37213
0.714 -0.369331
0.715 -0.366653
0.716 -0.364097
0.717 -0.361663
0.718 -0.359354
0.719 -0.357171
0.72 -0.355115
0.721 -0.353187
0.722 -0.351389
0.723 -0.349721
0.724 -0.348186
0.725 -0.346784
0.726 -0.345516
0.727 -0.344384
0.728 -0.343388
0.729 -0.34253
0.73 -0.341811
0.731 -0.341231
0.732 -0.340792
0.733 -0.340495
0.734 -0.340341
0.735 -0.340329
0.736 -0.340462
0.737 -0.34074
0.738 -0.341164
0.739 -0.341735
0.74 -0.342453
0.741 -0.343318
0.742 -0.344332
0.743 -0.345496
0.744 -0.346809
0.745 -0.348272
0.746 -0.349886
0.747 -0.351651
0.748 -0.353567
0.749 -0.355636
0.75 -0.357856
0.751 -0.360229
0.752 -0.362755
0.753 -0.365433
0.754 -0.368264
0.755 -0.371249
0.756 -0.374386
0.757 -0.377677
0.758 -0.381121
0.759 -0.384718
0.76 -0.388468
0.761 -0.39237
0.762 -0.396426
0.763 -0.400633
0.764 -0.404993
0.765 -0.409505
0.766 -0.414168
0.767 -0.418982
0.768 -0.423947
0.769 -0.429061
0.77 -0.434326
0.771 -0.439739
0.772 -0.445301
0.773 -0.451011
0.774 -0.456867
0.775 -0.46287
0.776 -0.469019
0.777 -0.475312
0.778 -0.481749
0.779 -0.488329
0.78 -0.495052
0.781 -0.501915
0.782 -0.508919
0.783 -0.516062
0.784 -0.523342
0.785 -0.53076
0.786 -0.538313
0.787 -0.546001
0.788 -0.553822
0.789 -0.561776
0.79 -0.56986
0.791 -0.578074
0.792 -0.586416
0.793 -0.594885
0.794 -0.603479
0.795 -0.612197
0.796 -0.621038
0.797 -0.629999
0.798 -0.63908
0.799 -0.648279
0.8 -0.657595
0.801 -0.667025
0.802 -0.676568
0.803 -0.686223
0.804 -0.695988
0.805 -0.70586
0.806 -0.715839
0.807 -0.725923
0.808 -0.73611
0.809 -0.746398
0.81 -0.756786
0.811 -0.76727
0.812 -0.777851
0.813 -0.788526
0.814 -0.799293
0.815 -0.81015
0.816 -0.821095
0.817 -0.832127
0.818 -0.843244
0.819 -0.854443
0.82 -0.865723
0.821 -0.877082
0.822 -0.888518
0.823 -0.900029
0.824 -0.911613
0.825 -0.923268
0.826 -0.934992
0.827 -0.946784
0.828 -0.958641
0.829 -0.970562
0.83 -0.982544
0.831 -0.994585
0.832 -1.00668
0.833 -1.01884
0.834 -1.03105
0.835 -1.04331
0.836 -1.05562
0.837 -1.06798
0.838 -1.08038
0.839 -1.09283
0.84 -1.10532
0.841 -1.11785
0.842 -1.13042
0.843 -1.14303
0.844 -1.15567
0.845 -1.16834
0.846 -1.18105
0.847 -1.19378
0.848 -1.20654
0.849 -1.21933
0.85 -1.23214
0.851 -1.24498
0.852 -1.25783
0.853 -1.27071
0.854 -1.2836
0.855 -1.2965
0.856 -1.30942
0.857 -1.32236
0.858 -1.3353
0.859 -1.34825
0.86 -1.36121
0.861 -1.37417
0.862 -1.38714
0.863 -1.40011
0.864 -1.41308
0.865 -1.42606
0.866 -1.43903
0.867 -1.45199
0.868 -1.46496
0.869 -1.47791
0.87 -1.49086
0.871 -1.5038
0.872 -1.51673
0.873 -1.52965
0.874 -1.54255
0.875 -1.55545
0.876 -1.56832
0.877 -1.58118
0.878 -1.59403
0.879 -1.60685
0.88 -1.61965
0.881 -1.63243
0.882 -1.64519
0.883 -1.65793
0.884 -1.67064
0.885 -1.68333
0.886 -1.69599
0.887 -1.70863
0.888 -1.72123
0.889 -1.73381
0.89 -1.74635
0.891 -1.75887
0.892 -1.77135
0.893 -1.7838
0.894 -1.79622
0.895 -1.8086
0.896 -1.82095
0.897 -1.83326
0.898 -1.84554
0.899 -1.85777
0.9 -1.86997
0.901 -1.88214
0.902 -1.89426
0.903 -1.90634
0.904 -1.91838
0.905 -1.93038
0.906 -1.94234
0.907 -1.95425
0.908 -1.96613
0.909 -1.97796
0.91 -1.98974
0.911 -2.00148
0.912 -2.01318
0.913 -2.02483
0.914 -2.03644
0.915 -2.048
0.916 -2.05951
0.917 -2.07098
0.918 -2.0824
0.919 -2.09377
0.92 -2.10509
0.921 -2.11637
0.922 -2.1276
0.923 -2.13878
0.924 -2.14991
0.925 -2.16099
0.926 -2.17202
0.927 -2.183
0.928 -2.19393
0.929 -2.20482
0.93 -2.21565
0.931 -2.22643
0.932 -2.23717
0.933 -2.24785
0.934 -2.25848
0.935 -2.26906
0.936 -2.27959
0.937 -2.29007
0.938 -2.3005
0.939 -2.31087
0.94 -2.3212
0.941 -2.33147
0.942 -2.3417
0.943 -2.35187
0.944 -2.36199
0.945 -2.37206
0.946 -2.38208
0.947 -2.39205
0.948 -2.40197
0.949 -2.41183
0.95 -2.42165
0.951 -2.43141
0.952 -2.44113
0.953 -2.45079
0.954 -2.4604
0.955 -2.46996
0.956 -2.47947
0.957 -2.48893
0.958 -2.49835
0.959 -2.50771
0.96 -2.51702
0.961 -2.52628
0.962 -2.53549
0.963 -2.54465
0.964 -2.55376
0.965 -2.56282
0.966 -2.57184
0.967 -2.5808
0.968 -2.58972
0.969 -2.59859
0.97 -2.60741
0.971 -2.61618
0.972 -2.6249
0.973 -2.63357
0.974 -2.6422
0.975 -2.65078
0.976 -2.65931
0.977 -2.6678
0.978 -2.67624
0.979 -2.68463
0.98 -2.69297
0.981 -2.70127
0.982 -2.70953
0.983 -2.71773
0.984 -2.7259
0.985 -2.73401
0.986 -2.74209
0.987 -2.75011
0.988 -2.7581
0.989 -2.76603
0.99 -2.77393
0.991 -2.78178
0.992 -2.78958
0.993 -2.79735
0.994 -2.80507
0.995 -2.81275
0.996 -2.82038
0.997 -2.82797
0.998 -2.83552
0.999 -2.84303
1 -2.8505
1.001 -10
