0 5
0.001 3.30217
0.002 3.30001
0.003 3.29785
0.004 3.29571
0.005 3.29357
0.006 3.29144
0.007 3.28932
0.008 3.28721
0.009 3.2851
0.01 3.28301
0.011 3.28092
0.012 3.27884
0.013 3.27677
0.014 3.27472
0.015 3.27267
0.016 3.27063
0.017 3.26859
0.018 3.26657
0.019 3.26456
0.02 3.26256
0.021 3.26057
0.022 3.25859
0.023 3.25662
0.024 3.25466
0.025 3.25272
0.026 3.25078
0.027 3.24885
0.028 3.24694
0.029 3.24504
0.03 3.24315
0.031 3.24127
0.032 3.2394
0.033 3.23754
0.034 3.2357
0.035 3.23387
0.036 3.23205
0.037 3.23024
0.038 3.22845
0.039 3.22667
0.04 3.2249
0.041 3.22314
0.042 3.2214
0.043 3.21967
0.044 3.21795
0.045 3.21625
0.046 3.21456
0.047 3.21289
0.048 3.21123
0.049 3.20958
0.05 3.20795
0.051 3.20633
0.052 3.20473
0.053 3.20314
0.054 3.20156
0.055 3.2
0.056 3.19846
0.057 3.19692
0.058 3.19541
0.059 3.19391
0.06 3.19242
0.061 3.19095
0.062 3.1895
0.063 3.18806
0.064 3.18663
0.065 3.18522
0.066 3.18383
0.067 3.18246
0.068 3.18109
0.069 3.17975
0.07 3.17842
0.071 3.17711
0.072 3.17581
0.073 3.17453
0.074 3.17326
0.075 3.17202
0.076 3.17078
0.077 3.16957
0.078 3.16837
0.079 3.16719
0.08 3.16602
0.081 3.16487
0.082 3.16374
0.083 3.16262
0.084 3.16153
0.085 3.16044
0.086 3.15938
0.087 3.15833
0.088 3.1573
0.089 3.15628
0.09 3.15528
0.091 3.1543
0.092 3.15334
0.093 3.15239
0.094 3.15146
0.095 3.15055
0.096 3.14965
0.097 3.14877
0.098 3.14791
0.099 3.14706
0.1 3.14624
0.101 3.14542
0.102 3.14463
0.103 3.14385
0.104 3.14309
0.105 3.14234
0.106 3.14162
0.107 3.14091
0.108 3.14021
0.109 3.13953
0.11 3.13887
0.111 3.13823
0.112 3.1376
0.113 3.13699
0.114 3.13639
0.115 3.13582
0.116 3.13525
0.117 3.13471
0.118 3.13418
0.119 3.13367
0.12 3.13317
0.121 3.13269
0.122 3.13222
0.123 3.13177
0.124 3.13134
0.125 3.13092
0.126 3.13052
0.127 3.13013
0.128 3.12976
0.129 3.1294
0.13 3.12906
0.131 3.12874
0.132 3.12843
0.133 3.12813
0.134 3.12785
0.135 3.12759
0.136 3.12734
0.137 3.1271
0.138 3.12688
0.139 3.12667
0.14 3.12648
0.141 3.1263
0.142 3.12614
0.143 3.12599
0.144 3.12585
0.145 3.12573
0.146 3.12562
0.147 3.12553
0.148 3.12545
0.149 3.12538
0.15 3.12533
0.151 3.12528
0.152 3.12526
0.153 3.12524
0.154 3.12524
0.155 3.12525
0.156 3.12527
0.157 3.1253
0.158 3.12535
0.159 3.12541
0.16 3.12548
0.161 3.12556
0.162 3.12566
0.163 3.12577
0.164 3.12588
0.165 3.12601
0.166 3.12616
0.167 3.12631
0.168 3.12647
0.169 3.12665
0.17 3.12683
0.171 3.12703
0.172 3.12723
0.173 3.12745
0.174 3.12768
0.175 3.12791
0.176 3.12816
0.177 3.12842
0.178 3.12869
0.179 3.12896
0.18 3.12925
0.181 3.12955
0.182 3.12985
0.183 3.13017
0.184 3.13049
0.185 3.13082
0.186 3.13116
0.187 3.13152
0.188 3.13187
0.189 3.13224
0.19 3.13262
0.191 3.133
0.192 3.13339
0.193 3.1338
0.194 3.1342
0.195 3.13462
0.196 3.13504
0.197 3.13548
0.198 3.13591
0.199 3.13636
0.2 3.13682
0.201 3.13728
0.202 3.13774
0.203 3.13822
0.204 3.1387
0.205 3.13919
0.206 3.13969
0.207 3.14019
0.208 3.1407
0.209 3.14121
0.21 3.14173
0.211 3.14226
0.212 3.14279
0.213 3.14333
0.214 3.14388
0.215 3.14443
0.216 3.14498
0.217 3.14555
0.218 3.14611
0.219 3.14669
0.22 3.14727
0.221 3.14785
0.222 3.14844
0.223 3.14903
0.224 3.14963
0.225 3.15024
0.226 3.15084
0.227 3.15146
0.228 3.15208
0.229 3.1527
0.23 3.15333
0.231 3.15396
0.232 3.15459
0.233 3.15523
0.234 3.15588
0.235 3.15653
0.236 3.15718
0.237 3.15783
0.238 3.1585
0.239 3.15916
0.24 3.15983
0.241 3.1605
0.242 3.16117
0.243 3.16185
0.244 3.16254
0.245 3.16322
0.246 3.16391
0.247 3.1646
0.248 3.1653
0.249 3.166
0.25 3.1667
0.251 3.1674
0.252 3.16811
0.253 3.16882
0.254 3.16953
0.255 3.17025
0.256 3.17097
0.257 3.17169
0.258 3.17242
0.259 3.17314
0.26 3.17387
0.261 3.1746
0.262 3.17534
0.263 3.17607
0.264 3.17681
0.265 3.17755
0.266 3.1783
0.267 3.17904
0.268 3.17979
0.269 3.18054
0.27 3.18129
0.271 3.18204
0.272 3.1828
0.273 3.18355
0.274 3.18431
0.275 3.18507
0.276 3.18583
0.277 3.1866
0.278 3.18736
0.279 3.18813
0.28 3.1889
0.281 3.18966
0.282 3.19043
0.283 3.19121
0.284 3.19198
0.285 3.19275
0.286 3.19353
0.287 3.19431
0.288 3.19508
0.289 3.19586
0.29 3.19664
0.291 3.19742
0.292 3.1982
0.293 3.19899
0.294 3.19977
0.295 3.20055
0.296 3.20134
0.297 3.20212
0.298 3.20291
0.299 3.2037
0.3 3.20448
0.301 3.20527
0.302 3.20606
0.303 3.20685
0.304 3.20764
0.305 3.20843
0.306 3.20922
0.307 3.21001
0.308 3.2108
0.309 3.21159
0.31 3.21238
0.311 3.21317
0.312 3.21396
0.313 3.21475
0.314 3.21554
0.315 3.21633
0.316 3.21712
0.317 3.21791
0.318 3.2187
0.319 3.21949
0.32 3.22028
0.321 3.22107
0.322 3.22186
0.323 3.22265
0.324 3.22344
0.325 3.22423
0.326 3.22501
0.327 3.2258
0.328 3.22659
0.329 3.22737
0.33 3.22816
0.331 3.22894
0.332 3.22973
0.333 3.23051
0.334 3.23129
0.335 3.23207
0.336 3.23286
0.337 3.23364
0.338 3.23441
0.339 3.23519
0.34 3.23597
0.341 3.23675
0.342 3.23752
0.343 3.2383
0.344 3.23907
0.345 3.23984
0.346 3.24061
0.347 3.24138
0.348 3.24215
0.349 3.24292
0.35 3.24369
0.351 3.24445
0.352 3.24521
0.353 3.24598
0.354 3.24674
0.355 3.2475
0.356 3.24826
0.357 3.24901
0.358 3.24977
0.359 3.25052
0.36 3.25127
0.361 3.25202
0.362 3.25277
0.363 3.25352
0.364 3.25427
0.365 3.25501
0.366 3.25575
0.367 3.25649
0.368 3.25723
0.369 3.25797
0.37 3.2587
0.371 3.25944
0.372 3.26017
0.373 3.2609
0.374 3.26163
0.375 3.26235
0.376 3.26308
0.377 3.2638
0.378 3.26452
0.379 3.26524
0.38 3.26596
0.381 3.26667
0.382 3.26738
0.383 3.26809
0.384 3.2688
0.385 3.26951
0.386 3.27021
0.387 3.27091
0.388 3.27161
0.389 3.27231
0.39 3.27301
0.391 3.2737
0.392 3.27439
0.393 3.27508
0.394 3.27577
0.395 3.27645
0.396 3.27713
0.397 3.27781
0.398 3.27849
0.399 3.27917
0.4 3.27984
0.401 3.28051
0.402 3.28118
0.403 3.28184
0.404 3.28251
0.405 3.28317
0.406 3.28383
0.407 3.28449
0.408 3.28514
0.409 3.28579
0.41 3.28644
0.411 3.28709
0.412 3.28773
0.413 3.28838
0.414 3.28902
0.415 3.28965
0.416 3.29029
0.417 3.29092
0.418 3.29155
0.419 3.29218
0.42 3.2928
0.421 3.29343
0.422 3.29405
0.423 3.29466
0.424 3.29528
0.425 3.29589
0.426 3.2965
0.427 3.29711
0.428 3.29772
0.429 3.29832
0.43 3.29892
0.431 3.29952
0.432 3.30011
0.433 3.30071
0.434 3.3013
0.435 3.30188
0.436 3.30247
0.437 3.30305
0.438 3.30363
0.439 3.30421
0.44 3.30479
0.441 3.30536
0.442 3.30593
0.443 3.3065
0.444 3.30706
0.445 3.30763
0.446 3.30819
0.447 3.30875
0.448 3.3093
0.449 3.30986
0.45 3.31041
0.451 3.31095
0.452 3.3115
0.453 3.31204
0.454 3.31259
0.455 3.31312
0.456 3.31366
0.457 3.31419
0.458 3.31472
0.459 3.31525
0.46 3.31578
0.461 3.3163
0.462 3.31683
0.463 3.31734
0.464 3.31786
0.465 3.31838
0.466 3.31889
0.467 3.3194
0.468 3.3199
0.469 3.32041
0.47 3.32091
0.471 3.32141
0.472 3.32191
0.473 3.3224
0.474 3.3229
0.475 3.32339
0.476 3.32388
0.477 3.32436
0.478 3.32485
0.479 3.32533
0.48 3.32581
0.481 3.32628
0.482 3.32676
0.483 3.32723
0.484 3.3277
0.485 3.32817
0.486 3.32863
0.487 3.3291
0.488 3.32956
0.489 3.33002
0.49 3.33047
0.491 3.33093
0.492 3.33138
0.493 3.33183
0.494 3.33228
0.495 3.33272
0.496 3.33317
0.497 3.33361
0.498 3.33405
0.499 3.33449
0.5 3.33492
0.501 3.33535
0.502 3.33578
0.503 3.33621
0.504 3.33664
0.505 3.33706
0.506 3.33749
0.507 3.33791
0.508 3.33832
0.509 3.33874
0.51 3.33915
0.511 3.33957
0.512 3.33998
0.513 3.34038
0.514 3.34079
0.515 3.34119
0.516 3.3416
0.517 3.342
0.518 3.34239
0.519 3.34279
0.52 3.34318
0.521 3.34357
0.522 3.34396
0.523 3.34435
0.524 3.34474
0.525 3.34512
0.526 3.3455
0.527 3.34588
0.528 3.34626
0.529 3.34664
0.53 3.34701
0.531 3.34738
0.532 3.34775
0.533 3.34812
0.534 3.34849
0.535 3.34885
0.536 3.34922
0.537 3.34958
0.538 3.34994
0.539 3.35029
0.54 3.35065
0.541 3.351
0.542 3.35135
0.543 3.3517
0.544 3.35205
0.545 3.3524
0.546 3.35274
0.547 3.35308
0.548 3.35342
0.549 3.35376
0.55 3.3541
0.551 3.35443
0.552 3.35477
0.553 3.3551
0.554 3.35543
0.555 3.35575
0.556 3.35608
0.557 3.3564
0.558 3.35672
0.559 3.35704
0.56 3.35736
0.561 3.35768
0.562 3.35799
0.563 3.3583
0.564 3.35861
0.565 3.35892
0.566 3.35923
0.567 3.35953
0.568 3.35984
0.569 3.36014
0.57 3.36044
0.571 3.36073
0.572 3.36103
0.573 3.36132
0.574 3.36161
0.575 3.3619
0.576 3.36219
0.577 3.36248
0.578 3.36276
0.579 3.36304
0.58 3.36332
0.581 3.3636
0.582 3.36387
0.583 3.36415
0.584 3.36442
0.585 3.36469
0.586 3.36496
0.587 3.36522
0.588 3.36549
0.589 3.36575
0.59 3.36601
0.591 3.36626
0.592 3.36652
0.593 3.36677
0.594 3.36702
0.595 3.36727
0.596 3.36751
0.597 3.36776
0.598 3.368
0.599 3.36824
0.6 3.36847
0.601 3.36871
0.602 3.36894
0.603 3.36917
0.604 3.36939
0.605 3.36962
0.606 3.36984
0.607 3.37006
0.608 3.37028
0.609 3.37049
0.61 3.3707
0.611 3.37091
0.612 3.37112
0.613 3.37132
0.614 3.37152
0.615 3.37172
0.616 3.37191
0.617 3.37211
0.618 3.37229
0.619 3.37248
0.62 3.37266
0.621 3.37284
0.622 3.37302
0.623 3.37319
0.624 3.37336
0.625 3.37353
0.626 3.37369
0.627 3.37386
0.628 3.37401
0.629 3.37417
0.63 3.37432
0.631 3.37446
0.632 3.3746
0.633 3.37474
0.634 3.37488
0.635 3.37501
0.636 3.37514
0.637 3.37526
0.638 3.37538
0.639 3.37549
0.64 3.37561
0.641 3.37571
0.642 3.37582
0.643 3.37591
0.644 3.37601
0.645 3.3761
0.646 3.37618
0.647 3.37626
0.648 3.37634
0.649 3.37641
0.65 3.37647
0.651 3.37653
0.652 3.37659
0.653 3.37663
0.654 3.37668
0.655 3.37672
0.656 3.37675
0.657 3.37678
0.658 3.3768
0.659 3.37682
0.66 3.37683
0.661 3.37683
0.662 3.37683
0.663 3.37682
0.664 3.37681
0.665 3.37679
0.666 3.37676
0.667 3.37673
0.668 3.37669
0.669 3.37664
0.67 3.37659
0.671 3.37653
0.672 3.37646
0.673 3.37638
0.674 3.3763
0.675 3.37621
0.676 3.37611
0.677 3.37601
0.678 3.37589
0.679 3.37577
0.68 3.37564
0.681 3.37551
0.682 3.37536
0.683 3.3752
0.684 3.37504
0.685 3.37487
0.686 3.37469
0.687 3.3745
0.688 3.3743
0.689 3.37409
0.69 3.37387
0.691 3.37365
0.692 3.37341
0.693 3.37316
0.694 3.37291
0.695 3.37264
0.696 3.37237
0.697 3.37208
0.698 3.37178
0.699 3.37147
0.7 3.37116
0.701 3.37083
0.702 3.37049
0.703 3.37014
0.704 3.36977
0.705 3.3694
0.706 3.36902
0.707 3.36862
0.708 3.36821
0.709 3.36779
0.71 3.36736
0.711 3.36692
0.712 3.36646
0.713 3.366
0.714 3.36552
0.715 3.36502
0.716 3.36452
0.717 3.364
0.718 3.36347
0.719 3.36293
0.72 3.36237
0.721 3.3618
0.722 3.36122
0.723 3.36063
0.724 3.36002
0.725 3.3594
0.726 3.35876
0.727 3.35811
0.728 3.35745
0.729 3.35678
0.73 3.35609
0.731 3.35538
0.732 3.35467
0.733 3.35394
0.734 3.35319
0.735 3.35243
0.736 3.35166
0.737 3.35088
0.738 3.35008
0.739 3.34926
0.74 3.34843
0.741 3.34759
0.742 3.34673
0.743 3.34586
0.744 3.34498
0.745 3.34408
0.746 3.34317
0.747 3.34224
0.748 3.3413
0.749 3.34035
0.75 3.33938
0.751 3.3384
0.752 3.3374
0.753 3.33639
0.754 3.33537
0.755 3.33433
0.756 3.33328
0.757 3.33222
0.758 3.33114
0.759 3.33005
0.76 3.32895
0.761 3.32783
0.762 3.3267
0.763 3.32556
0.764 3.32441
0.765 3.32324
0.766 3.32206
0.767 3.32087
0.768 3.31966
0.769 3.31845
0.77 3.31722
0.771 3.31598
0.772 3.31473
0.773 3.31347
0.774 3.3122
0.775 3.31091
0.776 3.30962
0.777 3.30831
0.778 3.307
0.779 3.30567
0.78 3.30434
0.781 3.303
0.782 3.30164
0.783 3.30028
0.784 3.29891
0.785 3.29753
0.786 3.29614
0.787 3.29475
0.788 3.29334
0.789 3.29193
0.79 3.29051
0.791 3.28909
0.792 3.28765
0.793 3.28622
0.794 3.28477
0.795 3.28332
0.796 3.28187
0.797 3.28041
0.798 3.27894
0.799 3.27747
0.8 3.27599
0.801 3.27452
0.802 3.27303
0.803 3.27155
0.804 3.27006
0.805 3.26857
0.806 3.26707
0.807 3.26558
0.808 3.26408
0.809 3.26258
0.81 3.26108
0.811 3.25958
0.812 3.25808
0.813 3.25658
0.814 3.25508
0.815 3.25357
0.816 3.25207
0.817 3.25057
0.818 3.24908
0.819 3.24758
0.82 3.24609
0.821 3.24459
0.822 3.2431
0.823 3.24162
0.824 3.24013
0.825 3.23866
0.826 3.23718
0.827 3.23571
0.828 3.23424
0.829 3.23278
0.83 3.23132
0.831 3.22987
0.832 3.22842
0.833 3.22698
0.834 3.22554
0.835 3.22411
0.836 3.22269
0.837 3.22128
0.838 3.21987
0.839 3.21847
0.84 3.21707
0.841 3.21568
0.842 3.21431
0.843 3.21294
0.844 3.21157
0.845 3.21022
0.846 3.20888
0.847 3.20754
0.848 3.20622
0.849 3.2049
0.85 3.20359
0.851 3.2023
0.852 3.20101
0.853 3.19973
0.854 3.19846
0.855 3.19721
0.856 3.19596
0.857 3.19473
0.858 3.1935
0.859 3.19229
0.86 3.19109
0.861 3.18989
0.862 3.18871
0.863 3.18754
0.864 3.18639
0.865 3.18524
0.866 3.18411
0.867 3.18299
0.868 3.18188
0.869 3.18078
0.87 3.17969
0.871 3.17862
0.872 3.17755
0.873 3.1765
0.874 3.17547
0.875 3.17444
0.876 3.17343
0.877 3.17243
0.878 3.17144
0.879 3.17046
0.88 3.1695
0.881 3.16854
0.882 3.1676
0.883 3.16668
0.884 3.16576
0.885 3.16486
0.886 3.16397
0.887 3.16309
0.888 3.16223
0.889 3.16137
0.89 3.16053
0.891 3.1597
0.892 3.15889
0.893 3.15808
0.894 3.15729
0.895 3.15651
0.896 3.15574
0.897 3.15498
0.898 3.15424
0.899 3.15351
0.9 3.15279
0.901 3.15208
0.902 3.15138
0.903 3.15069
0.904 3.15002
0.905 3.14935
0.906 3.1487
0.907 3.14806
0.908 3.14743
0.909 3.14681
0.91 3.14621
0.911 3.14561
0.912 3.14502
0.913 3.14445
0.914 3.14388
0.915 3.14333
0.916 3.14279
0.917 3.14225
0.918 3.14173
0.919 3.14122
0.92 3.14072
0.921 3.14022
0.922 3.13974
0.923 3.13927
0.924 3.1388
0.925 3.13835
0.926 3.13791
0.927 3.13747
0.928 3.13705
0.929 3.13663
0.93 3.13622
0.931 3.13582
0.932 3.13544
0.933 3.13505
0.934 3.13468
0.935 3.13432
0.936 3.13396
0.937 3.13362
0.938 3.13328
0.939 3.13295
0.94 3.13263
0.941 3.13231
0.942 3.13201
0.943 3.13171
0.944 3.13142
0.945 3.13113
0.946 3.13085
0.947 3.13059
0.948 3.13032
0.949 3.13007
0.95 3.12982
0.951 3.12958
0.952 3.12935
0.953 3.12912
0.954 3.1289
0.955 3.12869
0.956 3.12848
0.957 3.12828
0.958 3.12808
0.959 3.12789
0.96 3.12771
0.961 3.12753
0.962 3.12736
0.963 3.1272
0.964 3.12704
0.965 3.12688
0.966 3.12673
0.967 3.12659
0.968 3.12645
0.969 3.12632
0.97 3.1262
0.971 3.12607
0.972 3.12596
0.973 3.12584
0.974 3.12574
0.975 3.12564
0.976 3.12554
0.977 3.12544
0.978 3.12536
0.979 3.12527
0.98 3.12519
0.981 3.12512
0.982 3.12505
0.983 3.12498
0.984 3.12492
0.985 3.12486
0.986 3.12481
0.987 3.12476
0.988 3.12471
0.989 3.12467
0.99 3.12463
0.991 3.12459
0.992 3.12456
0.993 3.12453
0.994 3.12451
0.995 3.12449
0.996 3.12447
0.997 3.12445
0.998 3.12444
0.999 3.12444
1 3.12443
1.001 5
