0 0
0.001 0.644641
0.002 0.64968
0.003 0.654716
0.004 0.65975
0.005 0.664782
0.006 0.669811
0.007 0.674838
0.008 0.679862
0.009 0.684883
0.01 0.689901
0.011 0.694916
0.012 0.699928
0.013 0.704936
0.014 0.709941
0.015 0.714943
0.016 0.71994
0.017 0.724934
0.018 0.729924
0.019 0.73491
0.02 0.739891
0.021 0.744869
0.022 0.749841
0.023 0.75481
0.024 0.759773
0.025 0.764732
0.026 0.769686
0.027 0.774635
0.028 0.779578
0.029 0.784517
0.03 0.78945
0.031 0.794377
0.032 0.799299
0.033 0.804215
0.034 0.809126
0.035 0.814031
0.036 0.818929
0.037 0.823822
0.038 0.828708
0.039 0.833588
0.04 0.838461
0.041 0.843328
0.042 0.848189
0.043 0.853042
0.044 0.857889
0.045 0.86273
0.046 0.867563
0.047 0.872389
0.048 0.877208
0.049 0.88202
0.05 0.886824
0.051 0.891622
0.052 0.896411
0.053 0.901194
0.054 0.905968
0.055 0.910736
0.056 0.915495
0.057 0.920247
0.058 0.92499
0.059 0.929726
0.06 0.934454
0.061 0.939174
0.062 0.943886
0.063 0.94859
0.064 0.953286
0.065 0.957974
0.066 0.962653
0.067 0.967324
0.068 0.971987
0.069 0.976641
0.07 0.981287
0.071 0.985925
0.072 0.990554
0.073 0.995175
0.074 0.999787
0.075 1.00439
0.076 1.00899
0.077 1.01357
0.078 1.01815
0.079 1.02272
0.08 1.02728
0.081 1.03183
0.082 1.03638
0.083 1.04091
0.084 1.04544
0.085 1.04995
0.086 1.05446
0.087 1.05896
0.088 1.06346
0.089 1.06794
0.09 1.07241
0.091 1.07688
0.092 1.08134
0.093 1.08578
0.094 1.09022
0.095 1.09466
0.096 1.09908
0.097 1.10349
0.098 1.1079
0.099 1.1123
0.1 1.11669
0.101 1.12107
0.102 1.12544
0.103 1.12981
0.104 1.13416
0.105 1.13851
0.106 1.14285
0.107 1.14718
0.108 1.1515
0.109 1.15582
0.11 1.16013
0.111 1.16442
0.112 1.16872
0.113 1.173
0.114 1.17727
0.115 1.18154
0.116 1.1858
0.117 1.19005
0.118 1.1943
0.119 1.19854
0.12 1.20276
0.121 1.20699
0.122 1.2112
0.123 1.21541
0.124 1.21961
0.125 1.2238
0.126 1.22799
0.127 1.23216
0.128 1.23634
0.129 1.2405
0.13 1.24466
0.131 1.24881
0.132 1.25295
0.133 1.25709
0.134 1.26122
0.135 1.26534
0.136 1.26946
0.137 1.27357
0.138 1.27768
0.139 1.28178
0.14 1.28587
0.141 1.28995
0.142 1.29403
0.143 1.29811
0.144 1.30218
0.145 1.30624
0.146 1.3103
0.147 1.31435
0.148 1.31839
0.149 1.32243
0.15 1.32647
0.151 1.33049
0.152 1.33452
0.153 1.33854
0.154 1.34255
0.155 1.34656
0.156 1.35056
0.157 1.35456
0.158 1.35856
0.159 1.36254
0.16 1.36653
0.161 1.37051
0.162 1.37448
0.163 1.37846
0.164 1.38242
0.165 1.38639
0.166 1.39034
0.167 1.3943
0.168 1.39825
0.169 1.4022
0.17 1.40614
0.171 1.41008
0.172 1.41401
0.173 1.41795
0.174 1.42187
0.175 1.4258
0.176 1.42972
0.177 1.43364
0.178 1.43756
0.179 1.44147
0.18 1.44538
0.181 1.44929
0.182 1.45319
0.183 1.45709
0.184 1.46099
0.185 1.46489
0.186 1.46878
0.187 1.47267
0.188 1.47656
0.189 1.48045
0.19 1.48434
0.191 1.48822
0.192 1.4921
0.193 1.49598
0.194 1.49986
0.195 1.50374
0.196 1.50761
0.197 1.51149
0.198 1.51536
0.199 1.51923
0.2 1.5231
0.201 1.52697
0.202 1.53084
0.203 1.53471
0.204 1.53857
0.205 1.54244
0.206 1.5463
0.207 1.55017
0.208 1.55403
0.209 1.5579
0.21 1.56176
0.211 1.56562
0.212 1.56949
0.213 1.57335
0.214 1.57722
0.215 1.58108
0.216 1.58494
0.217 1.58881
0.218 1.59267
0.219 1.59654
0.22 1.60041
0.221 1.60427
0.222 1.60814
0.223 1.61201
0.224 1.61588
0.225 1.61975
0.226 1.62362
0.227 1.6275
0.228 1.63137
0.229 1.63525
0.23 1.63913
0.231 1.64301
0.232 1.64689
0.233 1.65077
0.234 1.65466
0.235 1.65854
0.236 1.66243
0.237 1.66632
0.238 1.67022
0.239 1.67411
0.24 1.67801
0.241 1.68191
0.242 1.68582
0.243 1.68972
0.244 1.69363
0.245 1.69754
0.246 1.70146
0.247 1.70537
0.248 1.7093
0.249 1.71322
0.25 1.71715
0.251 1.72108
0.252 1.72501
0.253 1.72895
0.254 1.73289
0.255 1.73684
0.256 1.74078
0.257 1.74474
0.258 1.74869
0.259 1.75265
0.26 1.75662
0.261 1.76059
0.262 1.76456
0.263 1.76854
0.264 1.77252
0.265 1.7765
0.266 1.78049
0.267 1.78449
0.268 1.78849
0.269 1.79249
0.27 1.7965
0.271 1.80052
0.272 1.80454
0.273 1.80856
0.274 1.81259
0.275 1.81662
0.276 1.82066
0.277 1.82471
0.278 1.82876
0.279 1.83281
0.28 1.83687
0.281 1.84094
0.282 1.84501
0.283 1.84909
0.284 1.85317
0.285 1.85726
0.286 1.86136
0.287 1.86546
0.288 1.86957
0.289 1.87368
0.29 1.8778
0.291 1.88193
0.292 1.88606
0.293 1.89019
0.294 1.89434
0.295 1.89849
0.296 1.90265
0.297 1.90681
0.298 1.91098
0.299 1.91516
0.3 1.91934
0.301 1.92353
0.302 1.92773
0.303 1.93193
0.304 1.93614
0.305 1.94036
0.306 1.94458
0.307 1.94881
0.308 1.95305
0.309 1.95729
0.31 1.96155
0.311 1.96581
0.312 1.97007
0.313 1.97435
0.314 1.97863
0.315 1.98291
0.316 1.98721
0.317 1.99151
0.318 1.99582
0.319 2.00014
0.32 2.00447
0.321 2.0088
0.322 2.01314
0.323 2.01749
0.324 2.02184
0.325 2.02621
0.326 2.03058
0.327 2.03496
0.328 2.03934
0.329 2.04374
0.33 2.04814
0.331 2.05255
0.332 2.05697
0.333 2.06139
0.334 2.06583
0.335 2.07027
0.336 2.07472
0.337 2.07918
0.338 2.08364
0.339 2.08812
0.34 2.0926
0.341 2.09709
0.342 2.10159
0.343 2.10609
0.344 2.11061
0.345 2.11513
0.346 2.11966
0.347 2.1242
0.348 2.12875
0.349 2.13331
0.35 2.13788
0.351 2.14245
0.352 2.14703
0.353 2.15162
0.354 2.15622
0.355 2.16083
0.356 2.16545
0.357 2.17007
0.358 2.17471
0.359 2.17935
0.36 2.184
0.361 2.18866
0.362 2.19333
0.363 2.19801
0.364 2.20269
0.365 2.20739
0.366 2.21209
0.367 2.21681
0.368 2.22153
0.369 2.22626
0.37 2.231
0.371 2.23575
0.372 2.24051
0.373 2.24528
0.374 2.25005
0.375 2.25484
0.376 2.25963
0.377 2.26444
0.378 2.26925
0.379 2.27408
0.38 2.27891
0.381 2.28375
0.382 2.2886
0.383 2.29346
0.384 2.29833
0.385 2.30321
0.386 2.3081
0.387 2.313
0.388 2.31791
0.389 2.32283
0.39 2.32776
0.391 2.3327
0.392 2.33765
0.393 2.3426
0.394 2.34757
0.395 2.35255
0.396 2.35754
0.397 2.36254
0.398 2.36755
0.399 2.37257
0.4 2.37759
0.401 2.38263
0.402 2.38768
0.403 2.39274
0.404 2.39782
0.405 2.4029
0.406 2.40799
0.407 2.41309
0.408 2.4182
0.409 2.42333
0.41 2.42846
0.411 2.43361
0.412 2.43877
0.413 2.44393
0.414 2.44911
0.415 2.4543
0.416 2.4595
0.417 2.46472
0.418 2.46994
0.419 2.47518
0.42 2.48042
0.421 2.48568
0.422 2.49095
0.423 2.49624
0.424 2.50153
0.425 2.50684
0.426 2.51215
0.427 2.51748
0.428 2.52283
0.429 2.52818
0.43 2.53355
0.431 2.53893
0.432 2.54432
0.433 2.54973
0.434 2.55514
0.435 2.56057
0.436 2.56602
0.437 2.57147
0.438 2.57694
0.439 2.58242
0.44 2.58792
0.441 2.59343
0.442 2.59895
0.443 2.60449
0.444 2.61004
0.445 2.6156
0.446 2.62118
0.447 2.62677
0.448 2.63238
0.449 2.638
0.45 2.64363
0.451 2.64928
0.452 2.65495
0.453 2.66063
0.454 2.66632
0.455 2.67203
0.456 2.67775
0.457 2.68349
0.458 2.68925
0.459 2.69502
0.46 2.7008
0.461 2.70661
0.462 2.71242
0.463 2.71826
0.464 2.72411
0.465 2.72997
0.466 2.73586
0.467 2.74176
0.468 2.74767
0.469 2.75361
0.47 2.75956
0.471 2.76552
0.472 2.77151
0.473 2.77751
0.474 2.78353
0.475 2.78957
0.476 2.79563
0.477 2.8017
0.478 2.80779
0.479 2.81391
0.48 2.82004
0.481 2.82618
0.482 2.83235
0.483 2.83854
0.484 2.84475
0.485 2.85097
0.486 2.85722
0.487 2.86348
0.488 2.86977
0.489 2.87607
0.49 2.8824
0.491 2.88875
0.492 2.89512
0.493 2.9015
0.494 2.90791
0.495 2.91435
0.496 2.9208
0.497 2.92727
0.498 2.93377
0.499 2.94029
0.5 2.94683
0.501 2.95339
0.502 2.95998
0.503 2.96659
0.504 2.97322
0.505 2.97988
0.506 2.98656
0.507 2.99326
0.508 2.99999
0.509 3.00674
0.51 3.01352
0.511 3.02032
0.512 3.02715
0.513 3.034
0.514 3.04087
0.515 3.04778
0.516 3.0547
0.517 3.06166
0.518 3.06864
0.519 3.07564
0.52 3.08268
0.521 3.08974
0.522 3.09683
0.523 3.10394
0.524 3.11108
0.525 3.11825
0.526 3.12545
0.527 3.13268
0.528 3.13994
0.529 3.14722
0.53 3.15454
0.531 3.16188
0.532 3.16925
0.533 3.17666
0.534 3.18409
0.535 3.19155
0.536 3.19905
0.537 3.20657
0.538 3.21413
0.539 3.22172
0.54 3.22934
0.541 3.23699
0.542 3.24467
0.543 3.25239
0.544 3.26014
0.545 3.26792
0.546 3.27574
0.547 3.28359
0.548 3.29147
0.549 3.29939
0.55 3.30734
0.551 3.31533
0.552 3.32335
0.553 3.33141
0.554 3.3395
0.555 3.34763
0.556 3.3558
0.557 3.364
0.558 3.37224
0.559 3.38051
0.56 3.38882
0.561 3.39717
0.562 3.40556
0.563 3.41399
0.564 3.42245
0.565 3.43096
0.566 3.4395
0.567 3.44808
0.568 3.4567
0.569 3.46536
0.57 3.47406
0.571 3.4828
0.572 3.49159
0.573 3.50041
0.574 3.50927
0.575 3.51818
0.576 3.52713
0.577 3.53612
0.578 3.54515
0.579 3.55423
0.58 3.56335
0.581 3.57251
0.582 3.58171
0.583 3.59096
0.584 3.60026
0.585 3.6096
0.586 3.61898
0.587 3.62841
0.588 3.63788
0.589 3.6474
0.59 3.65697
0.591 3.66658
0.592 3.67623
0.593 3.68594
0.594 3.69569
0.595 3.70549
0.596 3.71533
0.597 3.72523
0.598 3.73517
0.599 3.74516
0.6 3.7552
0.601 3.76529
0.602 3.77543
0.603 3.78561
0.604 3.79585
0.605 3.80613
0.606 3.81647
0.607 3.82686
0.608 3.83729
0.609 3.84778
0.61 3.85832
0.611 3.86891
0.612 3.87955
0.613 3.89025
0.614 3.90099
0.615 3.91179
0.616 3.92264
0.617 3.93354
0.618 3.9445
0.619 3.95551
0.62 3.96657
0.621 3.97768
0.622 3.98885
0.623 4.00007
0.624 4.01135
0.625 4.02268
0.626 4.03407
0.627 4.0455
0.628 4.057
0.629 4.06855
0.63 4.08015
0.631 4.09181
0.632 4.10352
0.633 4.11529
0.634 4.12711
0.635 4.13899
0.636 4.15092
0.637 4.16291
0.638 4.17496
0.639 4.18706
0.64 4.19921
0.641 4.21142
0.642 4.22369
0.643 4.23602
0.644 4.2484
0.645 4.26083
0.646 4.27332
0.647 4.28587
0.648 4.29847
0.649 4.31113
0.65 4.32384
0.651 4.33661
0.652 4.34944
0.653 4.36232
0.654 4.37526
0.655 4.38825
0.656 4.40129
0.657 4.4144
0.658 4.42755
0.659 4.44077
0.66 4.45403
0.661 4.46735
0.662 4.48073
0.663 4.49416
0.664 4.50764
0.665 4.52118
0.666 4.53477
0.667 4.54842
0.668 4.56211
0.669 4.57586
0.67 4.58967
0.671 4.60352
0.672 4.61743
0.673 4.63139
0.674 4.6454
0.675 4.65946
0.676 4.67357
0.677 4.68773
0.678 4.70194
0.679 4.7162
0.68 4.73051
0.681 4.74486
0.682 4.75927
0.683 4.77372
0.684 4.78822
0.685 4.80276
0.686 4.81735
0.687 4.83199
0.688 4.84667
0.689 4.8614
0.69 4.87616
0.691 4.89098
0.692 4.90583
0.693 4.92072
0.694 4.93566
0.695 4.95064
0.696 4.96565
0.697 4.98071
0.698 4.9958
0.699 5.01093
0.7 5.0261
0.701 5.0413
0.702 5.05654
0.703 5.07181
0.704 5.08712
0.705 5.10246
0.706 5.11783
0.707 5.13323
0.708 5.14866
0.709 5.16412
0.71 5.17961
0.711 5.19512
0.712 5.21066
0.713 5.22623
0.714 5.24182
0.715 5.25744
0.716 5.27307
0.717 5.28873
0.718 5.30441
0.719 5.3201
0.72 5.33582
0.721 5.35155
0.722 5.3673
0.723 5.38306
0.724 5.39883
0.725 5.41462
0.726 5.43042
0.727 5.44623
0.728 5.46205
0.729 5.47787
0.73 5.49371
0.731 5.50954
0.732 5.52538
0.733 5.54123
0.734 5.55707
0.735 5.57292
0.736 5.58877
0.737 5.60461
0.738 5.62045
0.739 5.63628
0.74 5.65211
0.741 5.66793
0.742 5.68374
0.743 5.69954
0.744 5.71533
0.745 5.73111
0.746 5.74687
0.747 5.76262
0.748 5.77835
0.749 5.79406
0.75 5.80976
0.751 5.82543
0.752 5.84108
0.753 5.85671
0.754 5.87231
0.755 5.88788
0.756 5.90343
0.757 5.91894
0.758 5.93443
0.759 5.94989
0.76 5.96531
0.761 5.9807
0.762 5.99605
0.763 6.01136
0.764 6.02663
0.765 6.04187
0.766 6.05706
0.767 6.07221
0.768 6.08732
0.769 6.10238
0.77 6.11739
0.771 6.13236
0.772 6.14727
0.773 6.16214
0.774 6.17695
0.775 6.19171
0.776 6.20641
0.777 6.22106
0.778 6.23565
0.779 6.25018
0.78 6.26465
0.781 6.27906
0.782 6.29341
0.783 6.3077
0.784 6.32192
0.785 6.33607
0.786 6.35016
0.787 6.36418
0.788 6.37813
0.789 6.392
0.79 6.40581
0.791 6.41955
0.792 6.43321
0.793 6.44679
0.794 6.4603
0.795 6.47373
0.796 6.48708
0.797 6.50036
0.798 6.51355
0.799 6.52667
0.8 6.5397
0.801 6.55265
0.802 6.56551
0.803 6.57829
0.804 6.59098
0.805 6.60359
0.806 6.61611
0.807 6.62854
0.808 6.64088
0.809 6.65314
0.81 6.6653
0.811 6.67737
0.812 6.68935
0.813 6.70124
0.814 6.71303
0.815 6.72473
0.816 6.73634
0.817 6.74785
0.818 6.75926
0.819 6.77058
0.82 6.7818
0.821 6.79293
0.822 6.80396
0.823 6.81489
0.824 6.82572
0.825 6.83645
0.826 6.84708
0.827 6.85762
0.828 6.86805
0.829 6.87838
0.83 6.88861
0.831 6.89875
0.832 6.90878
0.833 6.91871
0.834 6.92853
0.835 6.93826
0.836 6.94789
0.837 6.95741
0.838 6.96683
0.839 6.97615
0.84 6.98537
0.841 6.99448
0.842 7.00349
0.843 7.01241
0.844 7.02121
0.845 7.02992
0.846 7.03853
0.847 7.04703
0.848 7.05543
0.849 7.06374
0.85 7.07194
0.851 7.08003
0.852 7.08803
0.853 7.09593
0.854 7.10373
0.855 7.11142
0.856 7.11902
0.857 7.12652
0.858 7.13392
0.859 7.14122
0.86 7.14842
0.861 7.15552
0.862 7.16253
0.863 7.16944
0.864 7.17625
0.865 7.18297
0.866 7.18959
0.867 7.19611
0.868 7.20254
0.869 7.20888
0.87 7.21512
0.871 7.22127
0.872 7.22733
0.873 7.23329
0.874 7.23916
0.875 7.24495
0.876 7.25064
0.877 7.25624
0.878 7.26175
0.879 7.26718
0.88 7.27251
0.881 7.27776
0.882 7.28292
0.883 7.288
0.884 7.29299
0.885 7.2979
0.886 7.30273
0.887 7.30747
0.888 7.31212
0.889 7.3167
0.89 7.3212
0.891 7.32561
0.892 7.32995
0.893 7.33421
0.894 7.33839
0.895 7.34249
0.896 7.34652
0.897 7.35047
0.898 7.35434
0.899 7.35815
0.9 7.36188
0.901 7.36553
0.902 7.36912
0.903 7.37263
0.904 7.37607
0.905 7.37945
0.906 7.38275
0.907 7.38599
0.908 7.38916
0.909 7.39226
0.91 7.3953
0.911 7.39827
0.912 7.40118
0.913 7.40403
0.914 7.40681
0.915 7.40953
0.916 7.41219
0.917 7.4148
0.918 7.41734
0.919 7.41982
0.92 7.42224
0.921 7.42461
0.922 7.42692
0.923 7.42918
0.924 7.43138
0.925 7.43353
0.926 7.43562
0.927 7.43766
0.928 7.43965
0.929 7.44159
0.93 7.44348
0.931 7.44531
0.932 7.4471
0.933 7.44884
0.934 7.45053
0.935 7.45218
0.936 7.45378
0.937 7.45533
0.938 7.45684
0.939 7.4583
0.94 7.45972
0.941 7.4611
0.942 7.46244
0.943 7.46373
0.944 7.46499
0.945 7.4662
0.946 7.46737
0.947 7.4685
0.948 7.4696
0.949 7.47066
0.95 7.47168
0.951 7.47266
0.952 7.47361
0.953 7.47452
0.954 7.4754
0.955 7.47624
0.956 7.47705
0.957 7.47783
0.958 7.47857
0.959 7.47928
0.96 7.47996
0.961 7.48061
0.962 7.48123
0.963 7.48182
0.964 7.48238
0.965 7.48291
0.966 7.48341
0.967 7.48388
0.968 7.48433
0.969 7.48475
0.97 7.48514
0.971 7.48551
0.972 7.48585
0.973 7.48616
0.974 7.48646
0.975 7.48672
0.976 7.48697
0.977 7.48719
0.978 7.48738
0.979 7.48756
0.98 7.48771
0.981 7.48784
0.982 7.48795
0.983 7.48804
0.984 7.48811
0.985 7.48816
0.986 7.48819
0.987 7.4882
0.988 7.48819
0.989 7.48816
0.99 7.48811
0.991 7.48805
0.992 7.48796
0.993 7.48786
0.994 7.48775
0.995 7.48762
0.996 7.48747
0.997 7.4873
0.998 7.48712
0.999 7.48693
1 7.48671
1.001 0
