0 -10
0.001 -5.33781
0.002 -5.32678
0.003 -5.31574
0.004 -5.30471
0.005 -5.29369
0.006 -5.28267
0.007 -5.27165
0.008 -5.26064
0.009 -5.24964
0.01 -5.23864
0.011 -5.22764
0.012 -5.21666
0.013 -5.20568
0.014 -5.1947
0.015 -5.18374
0.016 -5.17278
0.017 -5.16183
0.018 -5.15089
0.019 -5.13996
0.02 -5.12903
0.021 -5.11812
0.022 -5.10721
0.023 -5.09631
0.024 -5.08543
0.025 -5.07455
0.026 -5.06368
0.027 -5.05283
0.028 -5.04198
0.029 -5.03115
0.03 -5.02033
0.031 -5.00952
0.032 -4.99872
0.033 -4.98794
0.034 -4.97717
0.035 -4.96641
0.036 -4.95566
0.037 -4.94493
0.038 -4.93421
0.039 -4.92351
0.04 -4.91282
0.041 -4.90214
0.042 -4.89148
0.043 -4.88083
0.044 -4.8702
0.045 -4.85959
0.046 -4.84899
0.047 -4.83841
0.048 -4.82784
0.049 -4.81729
0.05 -4.80676
0.051 -4.79624
0.052 -4.78574
0.053 -4.77526
0.054 -4.7648
0.055 -4.75435
0.056 -4.74392
0.057 -4.73352
0.058 -4.72312
0.059 -4.71275
0.06 -4.7024
0.061 -4.69207
0.062 -4.68175
0.063 -4.67146
0.064 -4.66119
0.065 -4.65093
0.066 -4.6407
0.067 -4.63048
0.068 -4.62029
0.069 -4.61012
0.07 -4.59997
0.071 -4.58984
0.072 -4.57973
0.073 -4.56964
0.074 -4.55957
0.075 -4.54953
0.076 -4.5395
0.077 -4.5295
0.078 -4.51952
0.079 -4.50957
0.08 -4.49963
0.081 -4.48972
0.082 -4.47983
0.083 -4.46996
0.084 -4.46012
0.085 -4.4503
0.086 -4.4405
0.087 -4.43073
0.088 -4.42098
0.089 -4.41125
0.09 -4.40154
0.091 -4.39186
0.092 -4.3822
0.093 -4.37257
0.094 -4.36296
0.095 -4.35337
0.096 -4.34381
0.097 -4.33427
0.098 -4.32476
0.099 -4.31527
0.1 -4.3058
0.101 -4.29636
0.102 -4.28694
0.103 -4.27755
0.104 -4.26818
0.105 -4.25883
0.106 -4.24951
0.107 -4.24021
0.108 -4.23094
0.109 -4.22169
0.11 -4.21247
0.111 -4.20327
0.112 -4.1941
0.113 -4.18495
0.114 -4.17582
0.115 -4.16672
0.116 -4.15764
0.117 -4.14859
0.118 -4.13956
0.119 -4.13056
0.12 -4.12158
0.121 -4.11262
0.122 -4.10369
0.123 -4.09479
0.124 -4.08591
0.125 -4.07705
0.126 -4.06822
0.127 -4.05941
0.128 -4.05062
0.129 -4.04186
0.13 -4.03313
0.131 -4.02442
0.132 -4.01573
0.133 -4.00706
0.134 -3.99842
0.135 -3.98981
0.136 -3.98122
0.137 -3.97265
0.138 -3.9641
0.139 -3.95558
0.14 -3.94709
0.141 -3.93861
0.142 -3.93016
0.143 -3.92174
0.144 -3.91333
0.145 -3.90495
0.146 -3.8966
0.147 -3.88826
0.148 -3.87995
0.149 -3.87167
0.15 -3.8634
0.151 -3.85516
0.152 -3.84695
0.153 -3.83875
0.154 -3.83058
0.155 -3.82243
0.156 -3.8143
0.157 -3.8062
0.158 -3.79811
0.159 -3.79005
0.16 -3.78202
0.161 -3.774
0.162 -3.76601
0.163 -3.75803
0.164 -3.75008
0.165 -3.74215
0.166 -3.73425
0.167 -3.72636
0.168 -3.7185
0.169 -3.71066
0.17 -3.70283
0.171 -3.69503
0.172 -3.68725
0.173 -3.6795
0.174 -3.67176
0.175 -3.66404
0.176 -3.65635
0.177 -3.64867
0.178 -3.64102
0.179 -3.63338
0.18 -3.62577
0.181 -3.61817
0.182 -3.6106
0.183 -3.60304
0.184 -3.59551
0.185 -3.58799
0.186 -3.58049
0.187 -3.57302
0.188 -3.56556
0.189 -3.55812
0.19 -3.5507
0.191 -3.5433
0.192 -3.53592
0.193 -3.52856
0.194 -3.52121
0.195 -3.51389
0.196 -3.50658
0.197 -3.49929
0.198 -3.49202
0.199 -3.48476
0.2 -3.47753
0.201 -3.47031
0.202 -3.46311
0.203 -3.45593
0.204 -3.44876
0.205 -3.44161
0.206 -3.43448
0.207 -3.42737
0.208 -3.42027
0.209 -3.41319
0.21 -3.40612
0.211 -3.39908
0.212 -3.39204
0.213 -3.38503
0.214 -3.37803
0.215 -3.37105
0.216 -3.36408
0.217 -3.35713
0.218 -3.35019
0.219 -3.34327
0.22 -3.33636
0.221 -3.32947
0.222 -3.3226
0.223 -3.31574
0.224 -3.30889
0.225 -3.30206
0.226 -3.29524
0.227 -3.28844
0.228 -3.28165
0.229 -3.27488
0.23 -3.26812
0.231 -3.26137
0.232 -3.25464
0.233 -3.24792
0.234 -3.24122
0.235 -3.23453
0.236 -3.22785
0.237 -3.22118
0.238 -3.21453
0.239 -3.20789
0.24 -3.20127
0.241 -3.19465
0.242 -3.18805
0.243 -3.18147
0.244 -3.17489
0.245 -3.16833
0.246 -3.16178
0.247 -3.15524
0.248 -3.14871
0.249 -3.14219
0.25 -3.13569
0.251 -3.1292
0.252 -3.12272
0.253 -3.11625
0.254 -3.10979
0.255 -3.10335
0.256 -3.09691
0.257 -3.09049
0.258 -3.08407
0.259 -3.07767
0.26 -3.07128
0.261 -3.0649
0.262 -3.05853
0.263 -3.05217
0.264 -3.04582
0.265 -3.03948
0.266 -3.03315
0.267 -3.02683
0.268 -3.02052
0.269 -3.01422
0.27 -3.00793
0.271 -3.00165
0.272 -2.99538
0.273 -2.98912
0.274 -2.98287
0.275 -2.97663
0.276 -2.9704
0.277 -2.96418
0.278 -2.95796
0.279 -2.95176
0.28 -2.94556
0.281 -2.93938
0.282 -2.9332
0.283 -2.92703
0.284 -2.92087
0.285 -2.91472
0.286 -2.90858
0.287 -2.90245
0.288 -2.89632
0.289 -2.89021
0.29 -2.8841
0.291 -2.878
0.292 -2.87191
0.293 -2.86583
0.294 -2.85975
0.295 -2.85369
0.296 -2.84763
0.297 -2.84158
0.298 -2.83554
0.299 -2.8295
0.3 -2.82348
0.301 -2.81746
0.302 -2.81145
0.303 -2.80545
0.304 -2.79945
0.305 -2.79347
0.306 -2.78749
0.307 -2.78152
0.308 -2.77555
0.309 -2.7696
0.31 -2.76365
0.311 -2.75771
0.312 -2.75178
0.313 -2.74585
0.314 -2.73993
0.315 -2.73402
0.316 -2.72812
0.317 -2.72222
0.318 -2.71634
0.319 -2.71045
0.32 -2.70458
0.321 -2.69871
0.322 -2.69286
0.323 -2.687
0.324 -2.68116
0.325 -2.67532
0.326 -2.66949
0.327 -2.66367
0.328 -2.65785
0.329 -2.65204
0.33 -2.64624
0.331 -2.64045
0.332 -2.63466
0.333 -2.62888
0.334 -2.62311
0.335 -2.61734
0.336 -2.61158
0.337 -2.60583
0.338 -2.60009
0.339 -2.59435
0.34 -2.58862
0.341 -2.58289
0.342 -2.57717
0.343 -2.57146
0.344 -2.56576
0.345 -2.56006
0.346 -2.55437
0.347 -2.54869
0.348 -2.54302
0.349 -2.53735
0.35 -2.53168
0.351 -2.52603
0.352 -2.52038
0.353 -2.51474
0.354 -2.5091
0.355 -2.50347
0.356 -2.49785
0.357 -2.49224
0.358 -2.48663
0.359 -2.48103
0.36 -2.47543
0.361 -2.46984
0.362 -2.46426
0.363 -2.45869
0.364 -2.45312
0.365 -2.44755
0.366 -2.442
0.367 -2.43645
0.368 -2.43091
0.369 -2.42537
0.37 -2.41984
0.371 -2.41432
0.372 -2.4088
0.373 -2.40329
0.374 -2.39779
0.375 -2.39229
0.376 -2.3868
0.377 -2.38131
0.378 -2.37583
0.379 -2.37036
0.38 -2.36489
0.381 -2.35943
0.382 -2.35398
0.383 -2.34853
0.384 -2.34309
0.385 -2.33765
0.386 -2.33222
0.387 -2.3268
0.388 -2.32138
0.389 -2.31596
0.39 -2.31056
0.391 -2.30516
0.392 -2.29976
0.393 -2.29437
0.394 -2.28899
0.395 -2.28361
0.396 -2.27824
0.397 -2.27287
0.398 -2.26751
0.399 -2.26215
0.4 -2.2568
0.401 -2.25146
0.402 -2.24612
0.403 -2.24078
0.404 -2.23545
0.405 -2.23013
0.406 -2.22481
0.407 -2.2195
0.408 -2.21419
0.409 -2.20888
0.41 -2.20358
0.411 -2.19829
0.412 -2.193
0.413 -2.18772
0.414 -2.18244
0.415 -2.17716
0.416 -2.17189
0.417 -2.16662
0.418 -2.16136
0.419 -2.1561
0.42 -2.15085
0.421 -2.1456
0.422 -2.14035
0.423 -2.13511
0.424 -2.12988
0.425 -2.12464
0.426 -2.11941
0.427 -2.11419
0.428 -2.10897
0.429 -2.10375
0.43 -2.09853
0.431 -2.09332
0.432 -2.08811
0.433 -2.08291
0.434 -2.07771
0.435 -2.07251
0.436 -2.06732
0.437 -2.06212
0.438 -2.05694
0.439 -2.05175
0.44 -2.04657
0.441 -2.04139
0.442 -2.03621
0.443 -2.03103
0.444 -2.02586
0.445 -2.02069
0.446 -2.01552
0.447 -2.01035
0.448 -2.00519
0.449 -2.00003
0.45 -1.99487
0.451 -1.98971
0.452 -1.98455
0.453 -1.97939
0.454 -1.97424
0.455 -1.96909
0.456 -1.96394
0.457 -1.95879
0.458 -1.95364
0.459 -1.94849
0.46 -1.94334
0.461 -1.9382
0.462 -1.93305
0.463 -1.92791
0.464 -1.92276
0.465 -1.91762
0.466 -1.91247
0.467 -1.90733
0.468 -1.90219
0.469 -1.89704
0.47 -1.8919
0.471 -1.88676
0.472 -1.88161
0.473 -1.87647
0.474 -1.87132
0.475 -1.86618
0.476 -1.86103
0.477 -1.85588
0.478 -1.85073
0.479 -1.84558
0.48 -1.84043
0.481 -1.83528
0.482 -1.83013
0.483 -1.82497
0.484 -1.81981
0.485 -1.81466
0.486 -1.8095
0.487 -1.80433
0.488 -1.79917
0.489 -1.794
0.49 -1.78883
0.491 -1.78366
0.492 -1.77849
0.493 -1.77331
0.494 -1.76813
0.495 -1.76295
0.496 -1.75776
0.497 -1.75257
0.498 -1.74738
0.499 -1.74218
0.5 -1.73698
0.501 -1.73178
0.502 -1.72657
0.503 -1.72136
0.504 -1.71615
0.505 -1.71093
0.506 -1.70571
0.507 -1.70048
0.508 -1.69525
0.509 -1.69001
0.51 -1.68477
0.511 -1.67953
0.512 -1.67428
0.513 -1.66902
0.514 -1.66376
0.515 -1.65849
0.516 -1.65322
0.517 -1.64794
0.518 -1.64266
0.519 -1.63737
0.52 -1.63208
0.521 -1.62678
0.522 -1.62147
0.523 -1.61616
0.524 -1.61084
0.525 -1.60551
0.526 -1.60018
0.527 -1.59484
0.528 -1.5895
0.529 -1.58414
0.53 -1.57878
0.531 -1.57342
0.532 -1.56804
0.533 -1.56266
0.534 -1.55727
0.535 -1.55188
0.536 -1.54647
0.537 -1.54106
0.538 -1.53564
0.539 -1.53021
0.54 -1.52477
0.541 -1.51933
0.542 -1.51388
0.543 -1.50842
0.544 -1.50295
0.545 -1.49747
0.546 -1.49198
0.547 -1.48648
0.548 -1.48098
0.549 -1.47546
0.55 -1.46994
0.551 -1.46441
0.552 -1.45886
0.553 -1.45331
0.554 -1.44775
0.555 -1.44218
0.556 -1.4366
0.557 -1.43101
0.558 -1.42541
0.559 -1.4198
0.56 -1.41418
0.561 -1.40855
0.562 -1.40291
0.563 -1.39726
0.564 -1.39159
0.565 -1.38592
0.566 -1.38024
0.567 -1.37455
0.568 -1.36884
0.569 -1.36313
0.57 -1.3574
0.571 -1.35166
0.572 -1.34592
0.573 -1.34016
0.574 -1.33439
0.575 -1.32861
0.576 -1.32282
0.577 -1.31701
0.578 -1.3112
0.579 -1.30537
0.58 -1.29953
0.581 -1.29369
0.582 -1.28783
0.583 -1.28195
0.584 -1.27607
0.585 -1.27018
0.586 -1.26427
0.587 -1.25835
0.588 -1.25242
0.589 -1.24648
0.59 -1.24053
0.591 -1.23457
0.592 -1.22859
0.593 -1.2226
0.594 -1.2166
0.595 -1.21059
0.596 -1.20457
0.597 -1.19854
0.598 -1.19249
0.599 -1.18643
0.6 -1.18037
0.601 -1.17429
0.602 -1.16819
0.603 -1.16209
0.604 -1.15598
0.605 -1.14985
0.606 -1.14372
0.607 -1.13757
0.608 -1.13141
0.609 -1.12524
0.61 -1.11906
0.611 -1.11287
0.612 -1.10667
0.613 -1.10045
0.614 -1.09423
0.615 -1.088
0.616 -1.08175
0.617 -1.0755
0.618 -1.06923
0.619 -1.06296
0.62 -1.05667
0.621 -1.05038
0.622 -1.04408
0.623 -1.03776
0.624 -1.03144
0.625 -1.02511
0.626 -1.01877
0.627 -1.01242
0.628 -1.00607
0.629 -0.9997
0.63 -0.993327
0.631 -0.986947
0.632 -0.980558
0.633 -0.974163
0.634 -0.96776
0.635 -0.96135
0.636 -0.954934
0.637 -0.948512
0.638 -0.942084
0.639 -0.935649
0.64 -0.92921
0.641 -0.922765
0.642 -0.916316
0.643 -0.909862
0.644 -0.903404
0.645 -0.896942
0.646 -0.890476
0.647 -0.884008
0.648 -0.877537
0.649 -0.871063
0.65 -0.864588
0.651 -0.858111
0.652 -0.851632
0.653 -0.845154
0.654 -0.838674
0.655 -0.832195
0.656 -0.825717
0.657 -0.81924
0.658 -0.812764
0.659 -0.806291
0.66 -0.799819
0.661 -0.793351
0.662 -0.786887
0.663 -0.780427
0.664 -0.773971
0.665 -0.76752
0.666 -0.761076
0.667 -0.754637
0.668 -0.748206
0.669 -0.741782
0.67 -0.735366
0.671 -0.728959
0.672 -0.722561
0.673 -0.716174
0.674 -0.709797
0.675 -0.703431
0.676 -0.697077
0.677 -0.690737
0.678 -0.684409
0.679 -0.678096
0.68 -0.671798
0.681 -0.665515
0.682 -0.659248
0.683 -0.652999
0.684 -0.646768
0.685 -0.640555
0.686 -0.634362
0.687 -0.628189
0.688 -0.622037
0.689 -0.615907
0.69 -0.6098
0.691 -0.603716
0.692 -0.597657
0.693 -0.591623
0.694 -0.585616
0.695 -0.579635
0.696 -0.573683
0.697 -0.567759
0.698 -0.561866
0.699 -0.556003
0.7 -0.550172
0.701 -0.544373
0.702 -0.538608
0.703 -0.532878
0.704 -0.527184
0.705 -0.521526
0.706 -0.515905
0.707 -0.510323
0.708 -0.504781
0.709 -0.49928
0.71 -0.49382
0.711 -0.488402
0.712 -0.483029
0.713 -0.4777
0.714 -0.472417
0.715 -0.467181
0.716 -0.461993
0.717 -0.456854
0.718 -0.451765
0.719 -0.446727
0.72 -0.441742
0.721 -0.43681
0.722 -0.431932
0.723 -0.42711
0.724 -0.422345
0.725 -0.417637
0.726 -0.412988
0.727 -0.408399
0.728 -0.403871
0.729 -0.399406
0.73 -0.395004
0.731 -0.390666
0.732 -0.386394
0.733 -0.382188
0.734 -0.37805
0.735 -0.373981
0.736 -0.369982
0.737 -0.366054
0.738 -0.362198
0.739 -0.358415
0.74 -0.354707
0.741 -0.351074
0.742 -0.347517
0.743 -0.344039
0.744 -0.340639
0.745 -0.337318
0.746 -0.334079
0.747 -0.330921
0.748 -0.327846
0.749 -0.324855
0.75 -0.321949
0.751 -0.319129
0.752 -0.316396
0.753 -0.313751
0.754 -0.311195
0.755 -0.308729
0.756 -0.306354
0.757 -0.30407
0.758 -0.30188
0.759 -0.299783
0.76 -0.297781
0.761 -0.295875
0.762 -0.294065
0.763 -0.292352
0.764 -0.290738
0.765 -0.289222
0.766 -0.287807
0.767 -0.286492
0.768 -0.285279
0.769 -0.284168
0.77 -0.28316
0.771 -0.282256
0.772 -0.281456
0.773 -0.280761
0.774 -0.280173
0.775 -0.279691
0.776 -0.279316
0.777 -0.27905
0.778 -0.278891
0.779 -0.278842
0.78 -0.278903
0.781 -0.279073
0.782 -0.279355
0.783 -0.279747
0.784 -0.280252
0.785 -0.280868
0.786 -0.281598
0.787 -0.28244
0.788 -0.283396
0.789 -0.284465
0.79 -0.285649
0.791 -0.286947
0.792 -0.28836
0.793 -0.289888
0.794 -0.291532
0.795 -0.293291
0.796 -0.295166
0.797 -0.297156
0.798 -0.299263
0.799 -0.301486
0.8 -0.303826
0.801 -0.306281
0.802 -0.308854
0.803 -0.311543
0.804 -0.314348
0.805 -0.31727
0.806 -0.320308
0.807 -0.323463
0.808 -0.326734
0.809 -0.330122
0.81 -0.333625
0.811 -0.337244
0.812 -0.340979
0.813 -0.344829
0.814 -0.348795
0.815 -0.352876
0.816 -0.357071
0.817 -0.361381
0.818 -0.365804
0.819 -0.370342
0.82 -0.374992
0.821 -0.379756
0.822 -0.384632
0.823 -0.38962
0.824 -0.394719
0.825 -0.399929
0.826 -0.40525
0.827 -0.410681
0.828 -0.416221
0.829 -0.421869
0.83 -0.427626
0.831 -0.433491
0.832 -0.439462
0.833 -0.445539
0.834 -0.451722
0.835 -0.458009
0.836 -0.4644
0.837 -0.470895
0.838 -0.477492
0.839 -0.48419
0.84 -0.490989
0.841 -0.497889
0.842 -0.504887
0.843 -0.511983
0.844 -0.519177
0.845 -0.526467
0.846 -0.533852
0.847 -0.541332
0.848 -0.548906
0.849 -0.556572
0.85 -0.56433
0.851 -0.572178
0.852 -0.580115
0.853 -0.588142
0.854 -0.596255
0.855 -0.604455
0.856 -0.61274
0.857 -0.62111
0.858 -0.629562
0.859 -0.638096
0.86 -0.646711
0.861 -0.655406
0.862 -0.66418
0.863 -0.67303
0.864 -0.681957
0.865 -0.690959
0.866 -0.700035
0.867 -0.709183
0.868 -0.718403
0.869 -0.727693
0.87 -0.737052
0.871 -0.746479
0.872 -0.755973
0.873 -0.765531
0.874 -0.775154
0.875 -0.78484
0.876 -0.794587
0.877 -0.804394
0.878 -0.814261
0.879 -0.824185
0.88 -0.834166
0.881 -0.844203
0.882 -0.854293
0.883 -0.864436
0.884 -0.874631
0.885 -0.884875
0.886 -0.895169
0.887 -0.90551
0.888 -0.915898
0.889 -0.926331
0.89 -0.936808
0.891 -0.947328
0.892 -0.957889
0.893 -0.96849
0.894 -0.97913
0.895 -0.989807
0.896 -1.00052
0.897 -1.01127
0.898 -1.02205
0.899 -1.03287
0.9 -1.04372
0.901 -1.05459
0.902 -1.0655
0.903 -1.07643
0.904 -1.0874
0.905 -1.09838
0.906 -1.10939
0.907 -1.12043
0.908 -1.13148
0.909 -1.14256
0.91 -1.15365
0.911 -1.16477
0.912 -1.1759
0.913 -1.18705
0.914 -1.19821
0.915 -1.20939
0.916 -1.22058
0.917 -1.23178
0.918 -1.24299
0.919 -1.25422
0.92 -1.26545
0.921 -1.27668
0.922 -1.28793
0.923 -1.29918
0.924 -1.31044
0.925 -1.32169
0.926 -1.33295
0.927 -1.34422
0.928 -1.35548
0.929 -1.36674
0.93 -1.37801
0.931 -1.38926
0.932 -1.40052
0.933 -1.41177
0.934 -1.42302
0.935 -1.43426
0.936 -1.4455
0.937 -1.45672
0.938 -1.46794
0.939 -1.47915
0.94 -1.49035
0.941 -1.50154
0.942 -1.51272
0.943 -1.52389
0.944 -1.53504
0.945 -1.54618
0.946 -1.5573
0.947 -1.56841
0.948 -1.5795
0.949 -1.59058
0.95 -1.60164
0.951 -1.61268
0.952 -1.6237
0.953 -1.6347
0.954 -1.64569
0.955 -1.65665
0.956 -1.66759
0.957 -1.67851
0.958 -1.68941
0.959 -1.70028
0.96 -1.71113
0.961 -1.72196
0.962 -1.73276
0.963 -1.74354
0.964 -1.75429
0.965 -1.76502
0.966 -1.77572
0.967 -1.78639
0.968 -1.79704
0.969 -1.80766
0.97 -1.81824
0.971 -1.82881
0.972 -1.83934
0.973 -1.84984
0.974 -1.86031
0.975 -1.87075
0.976 -1.88117
0.977 -1.89155
0.978 -1.9019
0.979 -1.91221
0.98 -1.9225
0.981 -1.93275
0.982 -1.94297
0.983 -1.95316
0.984 -1.96332
0.985 -1.97344
0.986 -1.98353
0.987 -1.99358
0.988 -2.0036
0.989 -2.01359
0.99 -2.02354
0.991 -2.03346
0.992 -2.04334
0.993 -2.05319
0.994 -2.063
0.995 -2.07277
0.996 -2.08252
0.997 -2.09222
0.998 -2.10189
0.999 -2.11152
1 -2.12112
1.001 -10
