0 0
0.001 0.561117
0.002 0.565955
0.003 0.570792
0.004 0.575626
0.005 0.580458
0.006 0.585289
0.007 0.590117
0.008 0.594942
0.009 0.599765
0.01 0.604585
0.011 0.609403
0.012 0.614218
0.013 0.61903
0.014 0.623839
0.015 0.628644
0.016 0.633447
0.017 0.638246
0.018 0.643041
0.019 0.647833
0.02 0.652622
0.021 0.657406
0.022 0.662187
0.023 0.666964
0.024 0.671736
0.025 0.676505
0.026 0.681269
0.027 0.686029
0.028 0.690785
0.029 0.695536
0.03 0.700282
0.031 0.705024
0.032 0.709761
0.033 0.714493
0.034 0.71922
0.035 0.723942
0.036 0.728659
0.037 0.73337
0.038 0.738077
0.039 0.742778
0.04 0.747474
0.041 0.752164
0.042 0.756849
0.043 0.761528
0.044 0.766201
0.045 0.770869
0.046 0.775531
0.047 0.780187
0.048 0.784837
0.049 0.789481
0.05 0.794119
0.051 0.798751
0.052 0.803377
0.053 0.807997
0.054 0.812611
0.055 0.817218
0.056 0.821819
0.057 0.826414
0.058 0.831002
0.059 0.835584
0.06 0.840159
0.061 0.844728
0.062 0.84929
0.063 0.853846
0.064 0.858395
0.065 0.862938
0.066 0.867474
0.067 0.872004
0.068 0.876527
0.069 0.881043
0.07 0.885553
0.071 0.890055
0.072 0.894552
0.073 0.899041
0.074 0.903524
0.075 0.908
0.076 0.91247
0.077 0.916932
0.078 0.921388
0.079 0.925838
0.08 0.93028
0.081 0.934716
0.082 0.939146
0.083 0.943569
0.084 0.947985
0.085 0.952394
0.086 0.956797
0.087 0.961193
0.088 0.965583
0.089 0.969966
0.09 0.974343
0.091 0.978713
0.092 0.983077
0.093 0.987434
0.094 0.991785
0.095 0.99613
0.096 1.00047
0.097 1.0048
0.098 1.00913
0.099 1.01345
0.1 1.01776
0.101 1.02207
0.102 1.02637
0.103 1.03066
0.104 1.03495
0.105 1.03923
0.106 1.04351
0.107 1.04778
0.108 1.05205
0.109 1.05631
0.11 1.06056
0.111 1.06481
0.112 1.06905
0.113 1.07329
0.114 1.07752
0.115 1.08175
0.116 1.08597
0.117 1.09018
0.118 1.09439
0.119 1.0986
0.12 1.1028
0.121 1.10699
0.122 1.11118
0.123 1.11536
0.124 1.11954
0.125 1.12372
0.126 1.12789
0.127 1.13205
0.128 1.13621
0.129 1.14037
0.13 1.14452
0.131 1.14866
0.132 1.15281
0.133 1.15694
0.134 1.16108
0.135 1.1652
0.136 1.16933
0.137 1.17345
0.138 1.17757
0.139 1.18168
0.14 1.18579
0.141 1.18989
0.142 1.19399
0.143 1.19809
0.144 1.20218
0.145 1.20627
0.146 1.21036
0.147 1.21444
0.148 1.21852
0.149 1.2226
0.15 1.22667
0.151 1.23074
0.152 1.2348
0.153 1.23887
0.154 1.24293
0.155 1.24698
0.156 1.25104
0.157 1.25509
0.158 1.25914
0.159 1.26318
0.16 1.26723
0.161 1.27127
0.162 1.27531
0.163 1.27934
0.164 1.28338
0.165 1.28741
0.166 1.29144
0.167 1.29546
0.168 1.29949
0.169 1.30351
0.17 1.30753
0.171 1.31155
0.172 1.31556
0.173 1.31958
0.174 1.32359
0.175 1.3276
0.176 1.33161
0.177 1.33562
0.178 1.33963
0.179 1.34363
0.18 1.34764
0.181 1.35164
0.182 1.35564
0.183 1.35964
0.184 1.36364
0.185 1.36764
0.186 1.37164
0.187 1.37564
0.188 1.37963
0.189 1.38363
0.19 1.38762
0.191 1.39161
0.192 1.39561
0.193 1.3996
0.194 1.40359
0.195 1.40758
0.196 1.41157
0.197 1.41556
0.198 1.41956
0.199 1.42355
0.2 1.42754
0.201 1.43153
0.202 1.43552
0.203 1.43951
0.204 1.4435
0.205 1.44749
0.206 1.45148
0.207 1.45547
0.208 1.45946
0.209 1.46346
0.21 1.46745
0.211 1.47144
0.212 1.47544
0.213 1.47943
0.214 1.48343
0.215 1.48742
0.216 1.49142
0.217 1.49542
0.218 1.49942
0.219 1.50342
0.22 1.50742
0.221 1.51142
0.222 1.51543
0.223 1.51943
0.224 1.52344
0.225 1.52745
0.226 1.53146
0.227 1.53547
0.228 1.53948
0.229 1.54349
0.23 1.54751
0.231 1.55153
0.232 1.55555
0.233 1.55957
0.234 1.56359
0.235 1.56762
0.236 1.57164
0.237 1.57567
0.238 1.5797
0.239 1.58374
0.24 1.58777
0.241 1.59181
0.242 1.59585
0.243 1.5999
0.244 1.60394
0.245 1.60799
0.246 1.61204
0.247 1.6161
0.248 1.62015
0.249 1.62421
0.25 1.62827
0.251 1.63234
0.252 1.63641
0.253 1.64048
0.254 1.64455
0.255 1.64863
0.256 1.65271
0.257 1.65679
0.258 1.66088
0.259 1.66497
0.26 1.66906
0.261 1.67316
0.262 1.67726
0.263 1.68136
0.264 1.68547
0.265 1.68958
0.266 1.6937
0.267 1.69781
0.268 1.70194
0.269 1.70606
0.27 1.71019
0.271 1.71432
0.272 1.71846
0.273 1.7226
0.274 1.72675
0.275 1.7309
0.276 1.73505
0.277 1.73921
0.278 1.74337
0.279 1.74754
0.28 1.75171
0.281 1.75588
0.282 1.76006
0.283 1.76425
0.284 1.76844
0.285 1.77263
0.286 1.77683
0.287 1.78103
0.288 1.78523
0.289 1.78945
0.29 1.79366
0.291 1.79788
0.292 1.80211
0.293 1.80634
0.294 1.81057
0.295 1.81481
0.296 1.81906
0.297 1.82331
0.298 1.82756
0.299 1.83183
0.3 1.83609
0.301 1.84036
0.302 1.84464
0.303 1.84892
0.304 1.8532
0.305 1.8575
0.306 1.86179
0.307 1.8661
0.308 1.8704
0.309 1.87472
0.31 1.87904
0.311 1.88336
0.312 1.88769
0.313 1.89203
0.314 1.89637
0.315 1.90071
0.316 1.90507
0.317 1.90942
0.318 1.91379
0.319 1.91816
0.32 1.92253
0.321 1.92691
0.322 1.9313
0.323 1.93569
0.324 1.94009
0.325 1.9445
0.326 1.94891
0.327 1.95333
0.328 1.95775
0.329 1.96218
0.33 1.96661
0.331 1.97105
0.332 1.9755
0.333 1.97996
0.334 1.98442
0.335 1.98888
0.336 1.99336
0.337 1.99783
0.338 2.00232
0.339 2.00681
0.34 2.01131
0.341 2.01582
0.342 2.02033
0.343 2.02485
0.344 2.02937
0.345 2.0339
0.346 2.03844
0.347 2.04298
0.348 2.04754
0.349 2.05209
0.35 2.05666
0.351 2.06123
0.352 2.06581
0.353 2.07039
0.354 2.07499
0.355 2.07959
0.356 2.08419
0.357 2.08881
0.358 2.09343
0.359 2.09806
0.36 2.10269
0.361 2.10733
0.362 2.11198
0.363 2.11664
0.364 2.1213
0.365 2.12597
0.366 2.13065
0.367 2.13534
0.368 2.14003
0.369 2.14473
0.37 2.14944
0.371 2.15416
0.372 2.15888
0.373 2.16361
0.374 2.16835
0.375 2.1731
0.376 2.17786
0.377 2.18262
0.378 2.18739
0.379 2.19217
0.38 2.19696
0.381 2.20175
0.382 2.20655
0.383 2.21137
0.384 2.21619
0.385 2.22101
0.386 2.22585
0.387 2.23069
0.388 2.23555
0.389 2.24041
0.39 2.24528
0.391 2.25016
0.392 2.25505
0.393 2.25994
0.394 2.26485
0.395 2.26976
0.396 2.27468
0.397 2.27962
0.398 2.28456
0.399 2.28951
0.4 2.29447
0.401 2.29943
0.402 2.30441
0.403 2.3094
0.404 2.3144
0.405 2.3194
0.406 2.32442
0.407 2.32944
0.408 2.33448
0.409 2.33952
0.41 2.34458
0.411 2.34964
0.412 2.35472
0.413 2.35981
0.414 2.3649
0.415 2.37001
0.416 2.37512
0.417 2.38025
0.418 2.38539
0.419 2.39053
0.42 2.39569
0.421 2.40086
0.422 2.40604
0.423 2.41123
0.424 2.41644
0.425 2.42165
0.426 2.42688
0.427 2.43211
0.428 2.43736
0.429 2.44262
0.43 2.44789
0.431 2.45317
0.432 2.45847
0.433 2.46378
0.434 2.4691
0.435 2.47443
0.436 2.47977
0.437 2.48513
0.438 2.4905
0.439 2.49588
0.44 2.50127
0.441 2.50668
0.442 2.5121
0.443 2.51753
0.444 2.52298
0.445 2.52844
0.446 2.53391
0.447 2.5394
0.448 2.5449
0.449 2.55041
0.45 2.55594
0.451 2.56149
0.452 2.56704
0.453 2.57261
0.454 2.5782
0.455 2.5838
0.456 2.58942
0.457 2.59505
0.458 2.60069
0.459 2.60635
0.46 2.61203
0.461 2.61772
0.462 2.62343
0.463 2.62915
0.464 2.63489
0.465 2.64065
0.466 2.64642
0.467 2.65221
0.468 2.65801
0.469 2.66383
0.47 2.66967
0.471 2.67553
0.472 2.6814
0.473 2.68729
0.474 2.6932
0.475 2.69912
0.476 2.70507
0.477 2.71103
0.478 2.71701
0.479 2.72301
0.48 2.72902
0.481 2.73506
0.482 2.74112
0.483 2.74719
0.484 2.75328
0.485 2.7594
0.486 2.76553
0.487 2.77168
0.488 2.77785
0.489 2.78405
0.49 2.79026
0.491 2.79649
0.492 2.80275
0.493 2.80902
0.494 2.81532
0.495 2.82164
0.496 2.82798
0.497 2.83434
0.498 2.84073
0.499 2.84713
0.5 2.85356
0.501 2.86002
0.502 2.86649
0.503 2.87299
0.504 2.87951
0.505 2.88606
0.506 2.89263
0.507 2.89922
0.508 2.90584
0.509 2.91248
0.51 2.91915
0.511 2.92584
0.512 2.93255
0.513 2.9393
0.514 2.94607
0.515 2.95286
0.516 2.95968
0.517 2.96653
0.518 2.9734
0.519 2.9803
0.52 2.98723
0.521 2.99418
0.522 3.00117
0.523 3.00818
0.524 3.01521
0.525 3.02228
0.526 3.02938
0.527 3.0365
0.528 3.04366
0.529 3.05084
0.53 3.05805
0.531 3.0653
0.532 3.07257
0.533 3.07987
0.534 3.08721
0.535 3.09457
0.536 3.10197
0.537 3.1094
0.538 3.11686
0.539 3.12436
0.54 3.13188
0.541 3.13944
0.542 3.14703
0.543 3.15466
0.544 3.16231
0.545 3.17001
0.546 3.17773
0.547 3.1855
0.548 3.19329
0.549 3.20112
0.55 3.20899
0.551 3.21689
0.552 3.22483
0.553 3.23281
0.554 3.24082
0.555 3.24887
0.556 3.25695
0.557 3.26507
0.558 3.27324
0.559 3.28143
0.56 3.28967
0.561 3.29795
0.562 3.30626
0.563 3.31462
0.564 3.32302
0.565 3.33145
0.566 3.33993
0.567 3.34844
0.568 3.357
0.569 3.3656
0.57 3.37424
0.571 3.38292
0.572 3.39165
0.573 3.40041
0.574 3.40922
0.575 3.41808
0.576 3.42697
0.577 3.43592
0.578 3.4449
0.579 3.45393
0.58 3.46301
0.581 3.47213
0.582 3.48129
0.583 3.49051
0.584 3.49976
0.585 3.50907
0.586 3.51842
0.587 3.52782
0.588 3.53727
0.589 3.54676
0.59 3.55631
0.591 3.5659
0.592 3.57554
0.593 3.58523
0.594 3.59497
0.595 3.60476
0.596 3.6146
0.597 3.62449
0.598 3.63443
0.599 3.64442
0.6 3.65447
0.601 3.66456
0.602 3.67471
0.603 3.68491
0.604 3.69516
0.605 3.70547
0.606 3.71583
0.607 3.72625
0.608 3.73671
0.609 3.74724
0.61 3.75781
0.611 3.76845
0.612 3.77913
0.613 3.78988
0.614 3.80068
0.615 3.81153
0.616 3.82244
0.617 3.83341
0.618 3.84444
0.619 3.85552
0.62 3.86666
0.621 3.87786
0.622 3.88912
0.623 3.90043
0.624 3.91181
0.625 3.92324
0.626 3.93473
0.627 3.94628
0.628 3.9579
0.629 3.96957
0.63 3.9813
0.631 3.99309
0.632 4.00494
0.633 4.01686
0.634 4.02883
0.635 4.04087
0.636 4.05296
0.637 4.06512
0.638 4.07734
0.639 4.08963
0.64 4.10197
0.641 4.11438
0.642 4.12685
0.643 4.13938
0.644 4.15197
0.645 4.16463
0.646 4.17735
0.647 4.19014
0.648 4.20299
0.649 4.2159
0.65 4.22887
0.651 4.24191
0.652 4.25501
0.653 4.26818
0.654 4.2814
0.655 4.2947
0.656 4.30805
0.657 4.32147
0.658 4.33496
0.659 4.34851
0.66 4.36212
0.661 4.37579
0.662 4.38953
0.663 4.40333
0.664 4.4172
0.665 4.43113
0.666 4.44512
0.667 4.45918
0.668 4.4733
0.669 4.48748
0.67 4.50173
0.671 4.51604
0.672 4.53041
0.673 4.54484
0.674 4.55934
0.675 4.5739
0.676 4.58852
0.677 4.6032
0.678 4.61794
0.679 4.63275
0.68 4.64761
0.681 4.66254
0.682 4.67752
0.683 4.69257
0.684 4.70767
0.685 4.72284
0.686 4.73806
0.687 4.75334
0.688 4.76868
0.689 4.78407
0.69 4.79953
0.691 4.81504
0.692 4.8306
0.693 4.84622
0.694 4.8619
0.695 4.87763
0.696 4.89341
0.697 4.90925
0.698 4.92514
0.699 4.94108
0.7 4.95707
0.701 4.97312
0.702 4.98921
0.703 5.00535
0.704 5.02154
0.705 5.03778
0.706 5.05407
0.707 5.0704
0.708 5.08678
0.709 5.10321
0.71 5.11967
0.711 5.13618
0.712 5.15274
0.713 5.16933
0.714 5.18597
0.715 5.20264
0.716 5.21935
0.717 5.2361
0.718 5.25289
0.719 5.26971
0.72 5.28657
0.721 5.30346
0.722 5.32038
0.723 5.33734
0.724 5.35432
0.725 5.37133
0.726 5.38838
0.727 5.40544
0.728 5.42254
0.729 5.43966
0.73 5.4568
0.731 5.47397
0.732 5.49115
0.733 5.50836
0.734 5.52558
0.735 5.54282
0.736 5.56008
0.737 5.57735
0.738 5.59463
0.739 5.61193
0.74 5.62924
0.741 5.64655
0.742 5.66388
0.743 5.68121
0.744 5.69854
0.745 5.71588
0.746 5.73322
0.747 5.75056
0.748 5.7679
0.749 5.78524
0.75 5.80258
0.751 5.81991
0.752 5.83723
0.753 5.85455
0.754 5.87185
0.755 5.88915
0.756 5.90643
0.757 5.9237
0.758 5.94095
0.759 5.95818
0.76 5.9754
0.761 5.9926
0.762 6.00977
0.763 6.02692
0.764 6.04404
0.765 6.06114
0.766 6.07821
0.767 6.09525
0.768 6.11226
0.769 6.12924
0.77 6.14618
0.771 6.16309
0.772 6.17995
0.773 6.19678
0.774 6.21357
0.775 6.23032
0.776 6.24702
0.777 6.26368
0.778 6.28029
0.779 6.29685
0.78 6.31336
0.781 6.32982
0.782 6.34623
0.783 6.36258
0.784 6.37887
0.785 6.39511
0.786 6.41129
0.787 6.42741
0.788 6.44347
0.789 6.45946
0.79 6.47539
0.791 6.49125
0.792 6.50704
0.793 6.52277
0.794 6.53842
0.795 6.55401
0.796 6.56951
0.797 6.58495
0.798 6.60031
0.799 6.61559
0.8 6.63079
0.801 6.64591
0.802 6.66096
0.803 6.67591
0.804 6.69079
0.805 6.70558
0.806 6.72028
0.807 6.7349
0.808 6.74943
0.809 6.76387
0.81 6.77822
0.811 6.79248
0.812 6.80664
0.813 6.82071
0.814 6.83469
0.815 6.84857
0.816 6.86235
0.817 6.87604
0.818 6.88963
0.819 6.90312
0.82 6.9165
0.821 6.92979
0.822 6.94298
0.823 6.95606
0.824 6.96904
0.825 6.98191
0.826 6.99468
0.827 7.00735
0.828 7.01991
0.829 7.03236
0.83 7.0447
0.831 7.05694
0.832 7.06907
0.833 7.08109
0.834 7.093
0.835 7.1048
0.836 7.11649
0.837 7.12807
0.838 7.13954
0.839 7.15089
0.84 7.16214
0.841 7.17327
0.842 7.18429
0.843 7.1952
0.844 7.20599
0.845 7.21668
0.846 7.22725
0.847 7.2377
0.848 7.24805
0.849 7.25828
0.85 7.2684
0.851 7.2784
0.852 7.28829
0.853 7.29807
0.854 7.30773
0.855 7.31728
0.856 7.32672
0.857 7.33605
0.858 7.34526
0.859 7.35436
0.86 7.36335
0.861 7.37223
0.862 7.38099
0.863 7.38965
0.864 7.39819
0.865 7.40662
0.866 7.41494
0.867 7.42316
0.868 7.43126
0.869 7.43925
0.87 7.44714
0.871 7.45491
0.872 7.46258
0.873 7.47014
0.874 7.4776
0.875 7.48495
0.876 7.49219
0.877 7.49933
0.878 7.50636
0.879 7.51329
0.88 7.52012
0.881 7.52685
0.882 7.53347
0.883 7.53999
0.884 7.54641
0.885 7.55273
0.886 7.55895
0.887 7.56508
0.888 7.5711
0.889 7.57703
0.89 7.58286
0.891 7.5886
0.892 7.59424
0.893 7.59979
0.894 7.60525
0.895 7.61061
0.896 7.61588
0.897 7.62106
0.898 7.62615
0.899 7.63116
0.9 7.63607
0.901 7.6409
0.902 7.64564
0.903 7.65029
0.904 7.65486
0.905 7.65935
0.906 7.66375
0.907 7.66807
0.908 7.67231
0.909 7.67647
0.91 7.68055
0.911 7.68455
0.912 7.68847
0.913 7.69231
0.914 7.69608
0.915 7.69977
0.916 7.70339
0.917 7.70694
0.918 7.71041
0.919 7.71381
0.92 7.71714
0.921 7.7204
0.922 7.72359
0.923 7.72672
0.924 7.72977
0.925 7.73276
0.926 7.73568
0.927 7.73854
0.928 7.74134
0.929 7.74407
0.93 7.74673
0.931 7.74934
0.932 7.75189
0.933 7.75437
0.934 7.7568
0.935 7.75917
0.936 7.76148
0.937 7.76374
0.938 7.76593
0.939 7.76808
0.94 7.77017
0.941 7.77221
0.942 7.77419
0.943 7.77612
0.944 7.778
0.945 7.77983
0.946 7.78161
0.947 7.78334
0.948 7.78503
0.949 7.78666
0.95 7.78825
0.951 7.7898
0.952 7.7913
0.953 7.79275
0.954 7.79416
0.955 7.79553
0.956 7.79685
0.957 7.79813
0.958 7.79938
0.959 7.80058
0.96 7.80174
0.961 7.80286
0.962 7.80395
0.963 7.80499
0.964 7.806
0.965 7.80697
0.966 7.80791
0.967 7.80881
0.968 7.80968
0.969 7.81051
0.97 7.81131
0.971 7.81207
0.972 7.8128
0.973 7.8135
0.974 7.81417
0.975 7.81481
0.976 7.81542
0.977 7.816
0.978 7.81655
0.979 7.81707
0.98 7.81756
0.981 7.81803
0.982 7.81846
0.983 7.81887
0.984 7.81926
0.985 7.81962
0.986 7.81995
0.987 7.82026
0.988 7.82054
0.989 7.8208
0.99 7.82104
0.991 7.82125
0.992 7.82145
0.993 7.82161
0.994 7.82176
0.995 7.82189
0.996 7.82199
0.997 7.82208
0.998 7.82214
0.999 7.82219
1 7.82221
1.001 0
