0 -10
0.001 -5.4871
0.002 -5.47636
0.003 -5.46562
0.004 -5.45489
0.005 -5.44415
0.006 -5.43342
0.007 -5.42269
0.008 -5.41195
0.009 -5.40122
0.01 -5.3905
0.011 -5.37977
0.012 -5.36905
0.013 -5.35833
0.014 -5.34761
0.015 -5.33689
0.016 -5.32618
0.017 -5.31547
0.018 -5.30477
0.019 -5.29407
0.02 -5.28337
0.021 -5.27268
0.022 -5.26199
0.023 -5.25131
0.024 -5.24063
0.025 -5.22996
0.026 -5.21929
0.027 -5.20863
0.028 -5.19798
0.029 -5.18733
0.03 -5.17669
0.031 -5.16605
0.032 -5.15542
0.033 -5.1448
0.034 -5.13419
0.035 -5.12358
0.036 -5.11298
0.037 -5.10239
0.038 -5.09181
0.039 -5.08123
0.04 -5.07066
0.041 -5.0601
0.042 -5.04956
0.043 -5.03902
0.044 -5.02848
0.045 -5.01796
0.046 -5.00745
0.047 -4.99695
0.048 -4.98646
0.049 -4.97597
0.05 -4.9655
0.051 -4.95504
0.052 -4.94459
0.053 -4.93415
0.054 -4.92372
0.055 -4.91331
0.056 -4.9029
0.057 -4.89251
0.058 -4.88213
0.059 -4.87175
0.06 -4.8614
0.061 -4.85105
0.062 -4.84072
0.063 -4.83039
0.064 -4.82009
0.065 -4.80979
0.066 -4.79951
0.067 -4.78924
0.068 -4.77898
0.069 -4.76874
0.07 -4.75851
0.071 -4.74829
0.072 -4.73809
0.073 -4.7279
0.074 -4.71773
0.075 -4.70757
0.076 -4.69742
0.077 -4.68729
0.078 -4.67717
0.079 -4.66707
0.08 -4.65698
0.081 -4.64691
0.082 -4.63685
0.083 -4.62681
0.084 -4.61678
0.085 -4.60677
0.086 -4.59677
0.087 -4.58679
0.088 -4.57683
0.089 -4.56688
0.09 -4.55694
0.091 -4.54702
0.092 -4.53712
0.093 -4.52723
0.094 -4.51736
0.095 -4.50751
0.096 -4.49767
0.097 -4.48785
0.098 -4.47805
0.099 -4.46826
0.1 -4.45849
0.101 -4.44873
0.102 -4.439
0.103 -4.42927
0.104 -4.41957
0.105 -4.40988
0.106 -4.40021
0.107 -4.39056
0.108 -4.38093
0.109 -4.37131
0.11 -4.36171
0.111 -4.35212
0.112 -4.34256
0.113 -4.33301
0.114 -4.32348
0.115 -4.31397
0.116 -4.30447
0.117 -4.295
0.118 -4.28554
0.119 -4.2761
0.12 -4.26667
0.121 -4.25727
0.122 -4.24788
0.123 -4.23852
0.124 -4.22917
0.125 -4.21983
0.126 -4.21052
0.127 -4.20123
0.128 -4.19195
0.129 -4.18269
0.13 -4.17345
0.131 -4.16423
0.132 -4.15503
0.133 -4.14585
0.134 -4.13668
0.135 -4.12754
0.136 -4.11841
0.137 -4.10931
0.138 -4.10022
0.139 -4.09115
0.14 -4.0821
0.141 -4.07307
0.142 -4.06406
0.143 -4.05506
0.144 -4.04609
0.145 -4.03714
0.146 -4.0282
0.147 -4.01929
0.148 -4.01039
0.149 -4.00152
0.15 -3.99266
0.151 -3.98382
0.152 -3.97501
0.153 -3.96621
0.154 -3.95743
0.155 -3.94867
0.156 -3.93993
0.157 -3.93121
0.158 -3.92252
0.159 -3.91384
0.16 -3.90518
0.161 -3.89654
0.162 -3.88792
0.163 -3.87932
0.164 -3.87074
0.165 -3.86218
0.166 -3.85364
0.167 -3.84512
0.168 -3.83662
0.169 -3.82814
0.17 -3.81968
0.171 -3.81124
0.172 -3.80282
0.173 -3.79443
0.174 -3.78605
0.175 -3.77769
0.176 -3.76935
0.177 -3.76103
0.178 -3.75273
0.179 -3.74445
0.18 -3.7362
0.181 -3.72796
0.182 -3.71974
0.183 -3.71154
0.184 -3.70336
0.185 -3.69521
0.186 -3.68707
0.187 -3.67895
0.188 -3.67086
0.189 -3.66278
0.19 -3.65472
0.191 -3.64668
0.192 -3.63867
0.193 -3.63067
0.194 -3.6227
0.195 -3.61474
0.196 -3.6068
0.197 -3.59889
0.198 -3.59099
0.199 -3.58311
0.2 -3.57526
0.201 -3.56742
0.202 -3.5596
0.203 -3.5518
0.204 -3.54403
0.205 -3.53627
0.206 -3.52853
0.207 -3.52081
0.208 -3.51311
0.209 -3.50543
0.21 -3.49777
0.211 -3.49013
0.212 -3.48251
0.213 -3.47491
0.214 -3.46733
0.215 -3.45977
0.216 -3.45222
0.217 -3.4447
0.218 -3.4372
0.219 -3.42971
0.22 -3.42224
0.221 -3.4148
0.222 -3.40737
0.223 -3.39996
0.224 -3.39257
0.225 -3.3852
0.226 -3.37784
0.227 -3.37051
0.228 -3.36319
0.229 -3.3559
0.23 -3.34862
0.231 -3.34136
0.232 -3.33412
0.233 -3.32689
0.234 -3.31969
0.235 -3.3125
0.236 -3.30533
0.237 -3.29818
0.238 -3.29105
0.239 -3.28394
0.24 -3.27684
0.241 -3.26976
0.242 -3.2627
0.243 -3.25566
0.244 -3.24863
0.245 -3.24162
0.246 -3.23463
0.247 -3.22766
0.248 -3.2207
0.249 -3.21377
0.25 -3.20684
0.251 -3.19994
0.252 -3.19305
0.253 -3.18618
0.254 -3.17933
0.255 -3.1725
0.256 -3.16568
0.257 -3.15887
0.258 -3.15209
0.259 -3.14532
0.26 -3.13857
0.261 -3.13183
0.262 -3.12511
0.263 -3.11841
0.264 -3.11172
0.265 -3.10505
0.266 -3.0984
0.267 -3.09176
0.268 -3.08513
0.269 -3.07853
0.27 -3.07194
0.271 -3.06536
0.272 -3.0588
0.273 -3.05226
0.274 -3.04573
0.275 -3.03922
0.276 -3.03272
0.277 -3.02624
0.278 -3.01977
0.279 -3.01332
0.28 -3.00689
0.281 -3.00046
0.282 -2.99406
0.283 -2.98767
0.284 -2.98129
0.285 -2.97493
0.286 -2.96858
0.287 -2.96225
0.288 -2.95593
0.289 -2.94963
0.29 -2.94334
0.291 -2.93707
0.292 -2.93081
0.293 -2.92457
0.294 -2.91833
0.295 -2.91212
0.296 -2.90592
0.297 -2.89973
0.298 -2.89355
0.299 -2.88739
0.3 -2.88125
0.301 -2.87511
0.302 -2.86899
0.303 -2.86289
0.304 -2.8568
0.305 -2.85072
0.306 -2.84465
0.307 -2.8386
0.308 -2.83256
0.309 -2.82654
0.31 -2.82053
0.311 -2.81453
0.312 -2.80854
0.313 -2.80257
0.314 -2.79661
0.315 -2.79067
0.316 -2.78473
0.317 -2.77881
0.318 -2.77291
0.319 -2.76701
0.32 -2.76113
0.321 -2.75526
0.322 -2.7494
0.323 -2.74356
0.324 -2.73773
0.325 -2.73191
0.326 -2.7261
0.327 -2.7203
0.328 -2.71452
0.329 -2.70875
0.33 -2.70299
0.331 -2.69724
0.332 -2.69151
0.333 -2.68579
0.334 -2.68007
0.335 -2.67437
0.336 -2.66869
0.337 -2.66301
0.338 -2.65734
0.339 -2.65169
0.34 -2.64605
0.341 -2.64042
0.342 -2.6348
0.343 -2.62919
0.344 -2.62359
0.345 -2.61801
0.346 -2.61243
0.347 -2.60687
0.348 -2.60132
0.349 -2.59578
0.35 -2.59024
0.351 -2.58472
0.352 -2.57921
0.353 -2.57372
0.354 -2.56823
0.355 -2.56275
0.356 -2.55728
0.357 -2.55182
0.358 -2.54638
0.359 -2.54094
0.36 -2.53551
0.361 -2.5301
0.362 -2.52469
0.363 -2.51929
0.364 -2.51391
0.365 -2.50853
0.366 -2.50316
0.367 -2.4978
0.368 -2.49245
0.369 -2.48712
0.37 -2.48179
0.371 -2.47647
0.372 -2.47115
0.373 -2.46585
0.374 -2.46056
0.375 -2.45528
0.376 -2.45
0.377 -2.44474
0.378 -2.43948
0.379 -2.43423
0.38 -2.42899
0.381 -2.42376
0.382 -2.41854
0.383 -2.41333
0.384 -2.40812
0.385 -2.40292
0.386 -2.39773
0.387 -2.39255
0.388 -2.38738
0.389 -2.38222
0.39 -2.37706
0.391 -2.37191
0.392 -2.36677
0.393 -2.36163
0.394 -2.35651
0.395 -2.35139
0.396 -2.34628
0.397 -2.34117
0.398 -2.33607
0.399 -2.33098
0.4 -2.3259
0.401 -2.32082
0.402 -2.31575
0.403 -2.31069
0.404 -2.30563
0.405 -2.30058
0.406 -2.29554
0.407 -2.2905
0.408 -2.28547
0.409 -2.28045
0.41 -2.27543
0.411 -2.27042
0.412 -2.26541
0.413 -2.26041
0.414 -2.25541
0.415 -2.25042
0.416 -2.24544
0.417 -2.24046
0.418 -2.23549
0.419 -2.23052
0.42 -2.22555
0.421 -2.2206
0.422 -2.21564
0.423 -2.21069
0.424 -2.20575
0.425 -2.20081
0.426 -2.19587
0.427 -2.19094
0.428 -2.18602
0.429 -2.18109
0.43 -2.17618
0.431 -2.17126
0.432 -2.16635
0.433 -2.16144
0.434 -2.15654
0.435 -2.15164
0.436 -2.14674
0.437 -2.14185
0.438 -2.13696
0.439 -2.13207
0.44 -2.12719
0.441 -2.12231
0.442 -2.11743
0.443 -2.11256
0.444 -2.10768
0.445 -2.10281
0.446 -2.09794
0.447 -2.09308
0.448 -2.08821
0.449 -2.08335
0.45 -2.07849
0.451 -2.07363
0.452 -2.06877
0.453 -2.06392
0.454 -2.05906
0.455 -2.05421
0.456 -2.04936
0.457 -2.0445
0.458 -2.03965
0.459 -2.0348
0.46 -2.02995
0.461 -2.02511
0.462 -2.02026
0.463 -2.01541
0.464 -2.01056
0.465 -2.00571
0.466 -2.00087
0.467 -1.99602
0.468 -1.99117
0.469 -1.98632
0.47 -1.98147
0.471 -1.97662
0.472 -1.97177
0.473 -1.96692
0.474 -1.96207
0.475 -1.95721
0.476 -1.95236
0.477 -1.9475
0.478 -1.94264
0.479 -1.93778
0.48 -1.93292
0.481 -1.92805
0.482 -1.92319
0.483 -1.91832
0.484 -1.91345
0.485 -1.90857
0.486 -1.9037
0.487 -1.89882
0.488 -1.89394
0.489 -1.88905
0.49 -1.88416
0.491 -1.87927
0.492 -1.87438
0.493 -1.86948
0.494 -1.86458
0.495 -1.85967
0.496 -1.85476
0.497 -1.84985
0.498 -1.84493
0.499 -1.84001
0.5 -1.83508
0.501 -1.83015
0.502 -1.82521
0.503 -1.82027
0.504 -1.81533
0.505 -1.81038
0.506 -1.80542
0.507 -1.80046
0.508 -1.79549
0.509 -1.79052
0.51 -1.78554
0.511 -1.78056
0.512 -1.77557
0.513 -1.77057
0.514 -1.76557
0.515 -1.76056
0.516 -1.75554
0.517 -1.75052
0.518 -1.74549
0.519 -1.74045
0.52 -1.73541
0.521 -1.73036
0.522 -1.7253
0.523 -1.72023
0.524 -1.71516
0.525 -1.71008
0.526 -1.70499
0.527 -1.69989
0.528 -1.69479
0.529 -1.68967
0.53 -1.68455
0.531 -1.67942
0.532 -1.67428
0.533 -1.66913
0.534 -1.66398
0.535 -1.65881
0.536 -1.65363
0.537 -1.64845
0.538 -1.64325
0.539 -1.63805
0.54 -1.63284
0.541 -1.62761
0.542 -1.62238
0.543 -1.61714
0.544 -1.61188
0.545 -1.60662
0.546 -1.60134
0.547 -1.59606
0.548 -1.59076
0.549 -1.58545
0.55 -1.58013
0.551 -1.5748
0.552 -1.56946
0.553 -1.56411
0.554 -1.55875
0.555 -1.55337
0.556 -1.54799
0.557 -1.54259
0.558 -1.53718
0.559 -1.53175
0.56 -1.52632
0.561 -1.52087
0.562 -1.51541
0.563 -1.50994
0.564 -1.50446
0.565 -1.49896
0.566 -1.49345
0.567 -1.48792
0.568 -1.48239
0.569 -1.47684
0.57 -1.47128
0.571 -1.4657
0.572 -1.46011
0.573 -1.45451
0.574 -1.44889
0.575 -1.44326
0.576 -1.43762
0.577 -1.43196
0.578 -1.42628
0.579 -1.4206
0.58 -1.4149
0.581 -1.40918
0.582 -1.40345
0.583 -1.39771
0.584 -1.39195
0.585 -1.38618
0.586 -1.38039
0.587 -1.37459
0.588 -1.36877
0.589 -1.36294
0.59 -1.3571
0.591 -1.35124
0.592 -1.34536
0.593 -1.33947
0.594 -1.33356
0.595 -1.32764
0.596 -1.3217
0.597 -1.31575
0.598 -1.30979
0.599 -1.3038
0.6 -1.29781
0.601 -1.29179
0.602 -1.28577
0.603 -1.27972
0.604 -1.27366
0.605 -1.26759
0.606 -1.2615
0.607 -1.2554
0.608 -1.24928
0.609 -1.24314
0.61 -1.23699
0.611 -1.23082
0.612 -1.22464
0.613 -1.21845
0.614 -1.21224
0.615 -1.20601
0.616 -1.19977
0.617 -1.19351
0.618 -1.18724
0.619 -1.18095
0.62 -1.17465
0.621 -1.16833
0.622 -1.162
0.623 -1.15566
0.624 -1.1493
0.625 -1.14292
0.626 -1.13653
0.627 -1.13013
0.628 -1.12371
0.629 -1.11728
0.63 -1.11084
0.631 -1.10438
0.632 -1.09791
0.633 -1.09142
0.634 -1.08492
0.635 -1.07841
0.636 -1.07189
0.637 -1.06535
0.638 -1.0588
0.639 -1.05224
0.64 -1.04567
0.641 -1.03908
0.642 -1.03248
0.643 -1.02588
0.644 -1.01926
0.645 -1.01263
0.646 -1.00599
0.647 -0.999334
0.648 -0.992673
0.649 -0.986002
0.65 -0.979322
0.651 -0.972633
0.652 -0.965935
0.653 -0.959228
0.654 -0.952514
0.655 -0.945792
0.656 -0.939062
0.657 -0.932326
0.658 -0.925583
0.659 -0.918834
0.66 -0.912079
0.661 -0.905319
0.662 -0.898554
0.663 -0.891785
0.664 -0.885011
0.665 -0.878235
0.666 -0.871455
0.667 -0.864673
0.668 -0.857889
0.669 -0.851103
0.67 -0.844317
0.671 -0.83753
0.672 -0.830743
0.673 -0.823957
0.674 -0.817173
0.675 -0.810391
0.676 -0.803611
0.677 -0.796834
0.678 -0.790061
0.679 -0.783293
0.68 -0.77653
0.681 -0.769773
0.682 -0.763022
0.683 -0.756279
0.684 -0.749544
0.685 -0.742818
0.686 -0.736101
0.687 -0.729394
0.688 -0.722698
0.689 -0.716015
0.69 -0.709344
0.691 -0.702686
0.692 -0.696043
0.693 -0.689415
0.694 -0.682802
0.695 -0.676207
0.696 -0.66963
0.697 -0.663071
0.698 -0.656532
0.699 -0.650014
0.7 -0.643517
0.701 -0.637042
0.702 -0.630591
0.703 -0.624165
0.704 -0.617763
0.705 -0.611389
0.706 -0.605041
0.707 -0.598722
0.708 -0.592433
0.709 -0.586174
0.71 -0.579947
0.711 -0.573753
0.712 -0.567593
0.713 -0.561467
0.714 -0.555378
0.715 -0.549326
0.716 -0.543312
0.717 -0.537338
0.718 -0.531404
0.719 -0.525513
0.72 -0.519664
0.721 -0.51386
0.722 -0.508101
0.723 -0.502388
0.724 -0.496724
0.725 -0.491108
0.726 -0.485543
0.727 -0.480029
0.728 -0.474568
0.729 -0.469161
0.73 -0.46381
0.731 -0.458515
0.732 -0.453278
0.733 -0.4481
0.734 -0.442982
0.735 -0.437926
0.736 -0.432933
0.737 -0.428004
0.738 -0.423141
0.739 -0.418344
0.74 -0.413616
0.741 -0.408957
0.742 -0.404369
0.743 -0.399853
0.744 -0.39541
0.745 -0.391041
0.746 -0.386749
0.747 -0.382534
0.748 -0.378397
0.749 -0.37434
0.75 -0.370364
0.751 -0.36647
0.752 -0.36266
0.753 -0.358934
0.754 -0.355295
0.755 -0.351743
0.756 -0.34828
0.757 -0.344906
0.758 -0.341624
0.759 -0.338433
0.76 -0.335337
0.761 -0.332335
0.762 -0.329428
0.763 -0.326619
0.764 -0.323908
0.765 -0.321297
0.766 -0.318785
0.767 -0.316376
0.768 -0.314069
0.769 -0.311866
0.77 -0.309768
0.771 -0.307776
0.772 -0.30589
0.773 -0.304113
0.774 -0.302445
0.775 -0.300887
0.776 -0.29944
0.777 -0.298105
0.778 -0.296882
0.779 -0.295774
0.78 -0.29478
0.781 -0.293902
0.782 -0.29314
0.783 -0.292495
0.784 -0.291969
0.785 -0.291561
0.786 -0.291273
0.787 -0.291105
0.788 -0.291058
0.789 -0.291133
0.79 -0.291331
0.791 -0.291651
0.792 -0.292095
0.793 -0.292663
0.794 -0.293356
0.795 -0.294174
0.796 -0.295117
0.797 -0.296187
0.798 -0.297384
0.799 -0.298708
0.8 -0.300159
0.801 -0.301738
0.802 -0.303445
0.803 -0.305281
0.804 -0.307245
0.805 -0.309338
0.806 -0.31156
0.807 -0.313912
0.808 -0.316393
0.809 -0.319004
0.81 -0.321744
0.811 -0.324614
0.812 -0.327614
0.813 -0.330743
0.814 -0.334002
0.815 -0.337391
0.816 -0.340909
0.817 -0.344556
0.818 -0.348333
0.819 -0.352239
0.82 -0.356273
0.821 -0.360436
0.822 -0.364727
0.823 -0.369146
0.824 -0.373693
0.825 -0.378367
0.826 -0.383167
0.827 -0.388094
0.828 -0.393147
0.829 -0.398325
0.83 -0.403628
0.831 -0.409055
0.832 -0.414605
0.833 -0.420279
0.834 -0.426075
0.835 -0.431993
0.836 -0.438032
0.837 -0.44419
0.838 -0.450469
0.839 -0.456866
0.84 -0.463381
0.841 -0.470013
0.842 -0.476761
0.843 -0.483624
0.844 -0.490602
0.845 -0.497693
0.846 -0.504896
0.847 -0.512211
0.848 -0.519636
0.849 -0.52717
0.85 -0.534813
0.851 -0.542563
0.852 -0.550419
0.853 -0.55838
0.854 -0.566444
0.855 -0.574611
0.856 -0.58288
0.857 -0.591248
0.858 -0.599716
0.859 -0.608281
0.86 -0.616943
0.861 -0.625699
0.862 -0.63455
0.863 -0.643493
0.864 -0.652527
0.865 -0.661651
0.866 -0.670863
0.867 -0.680162
0.868 -0.689547
0.869 -0.699016
0.87 -0.708568
0.871 -0.718202
0.872 -0.727915
0.873 -0.737707
0.874 -0.747576
0.875 -0.75752
0.876 -0.767538
0.877 -0.777629
0.878 -0.787791
0.879 -0.798023
0.88 -0.808323
0.881 -0.818689
0.882 -0.82912
0.883 -0.839615
0.884 -0.850172
0.885 -0.860789
0.886 -0.871466
0.887 -0.8822
0.888 -0.892989
0.889 -0.903834
0.89 -0.914731
0.891 -0.925679
0.892 -0.936677
0.893 -0.947723
0.894 -0.958817
0.895 -0.969955
0.896 -0.981137
0.897 -0.992362
0.898 -1.00363
0.899 -1.01493
0.9 -1.02627
0.901 -1.03765
0.902 -1.04906
0.903 -1.06051
0.904 -1.07199
0.905 -1.0835
0.906 -1.09503
0.907 -1.1066
0.908 -1.11819
0.909 -1.12981
0.91 -1.14144
0.911 -1.1531
0.912 -1.16479
0.913 -1.17648
0.914 -1.1882
0.915 -1.19994
0.916 -1.21169
0.917 -1.22345
0.918 -1.23522
0.919 -1.24701
0.92 -1.2588
0.921 -1.27061
0.922 -1.28242
0.923 -1.29424
0.924 -1.30606
0.925 -1.31788
0.926 -1.32971
0.927 -1.34154
0.928 -1.35337
0.929 -1.3652
0.93 -1.37702
0.931 -1.38885
0.932 -1.40066
0.933 -1.41247
0.934 -1.42428
0.935 -1.43608
0.936 -1.44787
0.937 -1.45965
0.938 -1.47141
0.939 -1.48317
0.94 -1.49491
0.941 -1.50664
0.942 -1.51836
0.943 -1.53006
0.944 -1.54174
0.945 -1.55341
0.946 -1.56505
0.947 -1.57668
0.948 -1.58829
0.949 -1.59988
0.95 -1.61145
0.951 -1.62299
0.952 -1.63451
0.953 -1.64601
0.954 -1.65748
0.955 -1.66893
0.956 -1.68035
0.957 -1.69174
0.958 -1.70311
0.959 -1.71445
0.96 -1.72576
0.961 -1.73704
0.962 -1.74829
0.963 -1.75952
0.964 -1.77071
0.965 -1.78187
0.966 -1.79299
0.967 -1.80409
0.968 -1.81515
0.969 -1.82618
0.97 -1.83717
0.971 -1.84813
0.972 -1.85905
0.973 -1.86994
0.974 -1.8808
0.975 -1.89161
0.976 -1.90239
0.977 -1.91314
0.978 -1.92384
0.979 -1.93451
0.98 -1.94514
0.981 -1.95573
0.982 -1.96629
0.983 -1.9768
0.984 -1.98728
0.985 -1.99771
0.986 -2.00811
0.987 -2.01846
0.988 -2.02878
0.989 -2.03905
0.99 -2.04929
0.991 -2.05948
0.992 -2.06964
0.993 -2.07975
0.994 -2.08982
0.995 -2.09985
0.996 -2.10983
0.997 -2.11978
0.998 -2.12968
0.999 -2.13954
1 -2.14936
1.001 -10
