0 5
0.001 3.35339
0.002 3.35167
0.003 3.34996
0.004 3.34826
0.005 3.34657
0.006 3.34488
0.007 3.3432
0.008 3.34154
0.009 3.33988
0.01 3.33823
0.011 3.33659
0.012 3.33496
0.013 3.33334
0.014 3.33173
0.015 3.33013
0.016 3.32854
0.017 3.32696
0.018 3.32539
0.019 3.32383
0.02 3.32228
0.021 3.32074
0.022 3.31921
0.023 3.31769
0.024 3.31619
0.025 3.3147
0.026 3.31321
0.027 3.31174
0.028 3.31028
0.029 3.30883
0.03 3.3074
0.031 3.30597
0.032 3.30456
0.033 3.30316
0.034 3.30177
0.035 3.3004
0.036 3.29904
0.037 3.29769
0.038 3.29635
0.039 3.29503
0.04 3.29372
0.041 3.29242
0.042 3.29113
0.043 3.28986
0.044 3.28861
0.045 3.28736
0.046 3.28613
0.047 3.28492
0.048 3.28371
0.049 3.28252
0.05 3.28135
0.051 3.28019
0.052 3.27904
0.053 3.27791
0.054 3.27679
0.055 3.27569
0.056 3.2746
0.057 3.27353
0.058 3.27247
0.059 3.27143
0.06 3.2704
0.061 3.26939
0.062 3.26839
0.063 3.26741
0.064 3.26644
0.065 3.26548
0.066 3.26455
0.067 3.26362
0.068 3.26272
0.069 3.26183
0.07 3.26095
0.071 3.26009
0.072 3.25925
0.073 3.25842
0.074 3.25761
0.075 3.25681
0.076 3.25603
0.077 3.25526
0.078 3.25451
0.079 3.25378
0.08 3.25306
0.081 3.25236
0.082 3.25168
0.083 3.25101
0.084 3.25035
0.085 3.24972
0.086 3.24909
0.087 3.24849
0.088 3.2479
0.089 3.24733
0.09 3.24677
0.091 3.24623
0.092 3.2457
0.093 3.24519
0.094 3.2447
0.095 3.24422
0.096 3.24376
0.097 3.24332
0.098 3.24289
0.099 3.24248
0.1 3.24208
0.101 3.2417
0.102 3.24133
0.103 3.24098
0.104 3.24065
0.105 3.24033
0.106 3.24002
0.107 3.23974
0.108 3.23946
0.109 3.23921
0.11 3.23897
0.111 3.23874
0.112 3.23853
0.113 3.23833
0.114 3.23815
0.115 3.23799
0.116 3.23784
0.117 3.2377
0.118 3.23758
0.119 3.23747
0.12 3.23738
0.121 3.23731
0.122 3.23724
0.123 3.2372
0.124 3.23716
0.125 3.23714
0.126 3.23714
0.127 3.23715
0.128 3.23717
0.129 3.23721
0.13 3.23726
0.131 3.23732
0.132 3.2374
0.133 3.23749
0.134 3.23759
0.135 3.23771
0.136 3.23784
0.137 3.23799
0.138 3.23814
0.139 3.23831
0.14 3.23849
0.141 3.23869
0.142 3.23889
0.143 3.23911
0.144 3.23934
0.145 3.23959
0.146 3.23984
0.147 3.24011
0.148 3.24039
0.149 3.24068
0.15 3.24098
0.151 3.24129
0.152 3.24161
0.153 3.24195
0.154 3.24229
0.155 3.24265
0.156 3.24302
0.157 3.24339
0.158 3.24378
0.159 3.24418
0.16 3.24459
0.161 3.24501
0.162 3.24543
0.163 3.24587
0.164 3.24632
0.165 3.24677
0.166 3.24724
0.167 3.24772
0.168 3.2482
0.169 3.24869
0.17 3.24919
0.171 3.2497
0.172 3.25022
0.173 3.25075
0.174 3.25128
0.175 3.25183
0.176 3.25238
0.177 3.25294
0.178 3.25351
0.179 3.25408
0.18 3.25466
0.181 3.25525
0.182 3.25585
0.183 3.25645
0.184 3.25706
0.185 3.25768
0.186 3.25831
0.187 3.25894
0.188 3.25957
0.189 3.26022
0.19 3.26087
0.191 3.26152
0.192 3.26218
0.193 3.26285
0.194 3.26353
0.195 3.26421
0.196 3.26489
0.197 3.26558
0.198 3.26628
0.199 3.26698
0.2 3.26768
0.201 3.26839
0.202 3.26911
0.203 3.26983
0.204 3.27055
0.205 3.27128
0.206 3.27202
0.207 3.27276
0.208 3.2735
0.209 3.27425
0.21 3.275
0.211 3.27575
0.212 3.27651
0.213 3.27727
0.214 3.27804
0.215 3.27881
0.216 3.27958
0.217 3.28036
0.218 3.28114
0.219 3.28192
0.22 3.2827
0.221 3.28349
0.222 3.28428
0.223 3.28508
0.224 3.28588
0.225 3.28668
0.226 3.28748
0.227 3.28828
0.228 3.28909
0.229 3.2899
0.23 3.29071
0.231 3.29152
0.232 3.29234
0.233 3.29316
0.234 3.29398
0.235 3.2948
0.236 3.29562
0.237 3.29645
0.238 3.29728
0.239 3.2981
0.24 3.29893
0.241 3.29977
0.242 3.3006
0.243 3.30143
0.244 3.30227
0.245 3.3031
0.246 3.30394
0.247 3.30478
0.248 3.30562
0.249 3.30646
0.25 3.3073
0.251 3.30814
0.252 3.30899
0.253 3.30983
0.254 3.31068
0.255 3.31152
0.256 3.31237
0.257 3.31321
0.258 3.31406
0.259 3.3149
0.26 3.31575
0.261 3.3166
0.262 3.31745
0.263 3.31829
0.264 3.31914
0.265 3.31999
0.266 3.32084
0.267 3.32168
0.268 3.32253
0.269 3.32338
0.27 3.32422
0.271 3.32507
0.272 3.32592
0.273 3.32676
0.274 3.32761
0.275 3.32846
0.276 3.3293
0.277 3.33015
0.278 3.33099
0.279 3.33183
0.28 3.33268
0.281 3.33352
0.282 3.33436
0.283 3.3352
0.284 3.33604
0.285 3.33688
0.286 3.33772
0.287 3.33856
0.288 3.33939
0.289 3.34023
0.29 3.34106
0.291 3.3419
0.292 3.34273
0.293 3.34356
0.294 3.34439
0.295 3.34522
0.296 3.34605
0.297 3.34687
0.298 3.3477
0.299 3.34852
0.3 3.34935
0.301 3.35017
0.302 3.35099
0.303 3.35181
0.304 3.35263
0.305 3.35344
0.306 3.35426
0.307 3.35507
0.308 3.35588
0.309 3.35669
0.31 3.3575
0.311 3.35831
0.312 3.35911
0.313 3.35992
0.314 3.36072
0.315 3.36152
0.316 3.36232
0.317 3.36312
0.318 3.36391
0.319 3.3647
0.32 3.3655
0.321 3.36629
0.322 3.36707
0.323 3.36786
0.324 3.36864
0.325 3.36943
0.326 3.37021
0.327 3.37098
0.328 3.37176
0.329 3.37253
0.33 3.37331
0.331 3.37408
0.332 3.37485
0.333 3.37561
0.334 3.37638
0.335 3.37714
0.336 3.3779
0.337 3.37866
0.338 3.37941
0.339 3.38017
0.34 3.38092
0.341 3.38167
0.342 3.38241
0.343 3.38316
0.344 3.3839
0.345 3.38464
0.346 3.38538
0.347 3.38612
0.348 3.38685
0.349 3.38758
0.35 3.38831
0.351 3.38904
0.352 3.38976
0.353 3.39048
0.354 3.3912
0.355 3.39192
0.356 3.39264
0.357 3.39335
0.358 3.39406
0.359 3.39477
0.36 3.39547
0.361 3.39618
0.362 3.39688
0.363 3.39757
0.364 3.39827
0.365 3.39896
0.366 3.39966
0.367 3.40034
0.368 3.40103
0.369 3.40171
0.37 3.4024
0.371 3.40307
0.372 3.40375
0.373 3.40442
0.374 3.4051
0.375 3.40577
0.376 3.40643
0.377 3.4071
0.378 3.40776
0.379 3.40842
0.38 3.40907
0.381 3.40973
0.382 3.41038
0.383 3.41103
0.384 3.41167
0.385 3.41232
0.386 3.41296
0.387 3.4136
0.388 3.41424
0.389 3.41487
0.39 3.4155
0.391 3.41613
0.392 3.41676
0.393 3.41738
0.394 3.418
0.395 3.41862
0.396 3.41924
0.397 3.41985
0.398 3.42047
0.399 3.42107
0.4 3.42168
0.401 3.42229
0.402 3.42289
0.403 3.42349
0.404 3.42408
0.405 3.42468
0.406 3.42527
0.407 3.42586
0.408 3.42645
0.409 3.42703
0.41 3.42761
0.411 3.42819
0.412 3.42877
0.413 3.42934
0.414 3.42992
0.415 3.43049
0.416 3.43105
0.417 3.43162
0.418 3.43218
0.419 3.43274
0.42 3.4333
0.421 3.43385
0.422 3.43441
0.423 3.43496
0.424 3.43551
0.425 3.43605
0.426 3.4366
0.427 3.43714
0.428 3.43768
0.429 3.43821
0.43 3.43875
0.431 3.43928
0.432 3.43981
0.433 3.44034
0.434 3.44086
0.435 3.44138
0.436 3.4419
0.437 3.44242
0.438 3.44294
0.439 3.44345
0.44 3.44396
0.441 3.44447
0.442 3.44498
0.443 3.44548
0.444 3.44598
0.445 3.44648
0.446 3.44698
0.447 3.44748
0.448 3.44797
0.449 3.44846
0.45 3.44895
0.451 3.44944
0.452 3.44992
0.453 3.45041
0.454 3.45089
0.455 3.45137
0.456 3.45184
0.457 3.45232
0.458 3.45279
0.459 3.45326
0.46 3.45373
0.461 3.45419
0.462 3.45466
0.463 3.45512
0.464 3.45558
0.465 3.45604
0.466 3.45649
0.467 3.45695
0.468 3.4574
0.469 3.45785
0.47 3.45829
0.471 3.45874
0.472 3.45918
0.473 3.45963
0.474 3.46007
0.475 3.4605
0.476 3.46094
0.477 3.46137
0.478 3.4618
0.479 3.46224
0.48 3.46266
0.481 3.46309
0.482 3.46351
0.483 3.46394
0.484 3.46436
0.485 3.46478
0.486 3.46519
0.487 3.46561
0.488 3.46602
0.489 3.46643
0.49 3.46684
0.491 3.46725
0.492 3.46766
0.493 3.46806
0.494 3.46846
0.495 3.46886
0.496 3.46926
0.497 3.46966
0.498 3.47006
0.499 3.47045
0.5 3.47084
0.501 3.47123
0.502 3.47162
0.503 3.47201
0.504 3.47239
0.505 3.47277
0.506 3.47316
0.507 3.47354
0.508 3.47391
0.509 3.47429
0.51 3.47466
0.511 3.47504
0.512 3.47541
0.513 3.47578
0.514 3.47615
0.515 3.47651
0.516 3.47688
0.517 3.47724
0.518 3.4776
0.519 3.47796
0.52 3.47832
0.521 3.47868
0.522 3.47903
0.523 3.47939
0.524 3.47974
0.525 3.48009
0.526 3.48044
0.527 3.48078
0.528 3.48113
0.529 3.48147
0.53 3.48181
0.531 3.48215
0.532 3.48249
0.533 3.48283
0.534 3.48317
0.535 3.4835
0.536 3.48383
0.537 3.48416
0.538 3.48449
0.539 3.48482
0.54 3.48515
0.541 3.48547
0.542 3.48579
0.543 3.48612
0.544 3.48644
0.545 3.48675
0.546 3.48707
0.547 3.48739
0.548 3.4877
0.549 3.48801
0.55 3.48832
0.551 3.48863
0.552 3.48894
0.553 3.48924
0.554 3.48955
0.555 3.48985
0.556 3.49015
0.557 3.49045
0.558 3.49074
0.559 3.49104
0.56 3.49133
0.561 3.49162
0.562 3.49192
0.563 3.4922
0.564 3.49249
0.565 3.49278
0.566 3.49306
0.567 3.49334
0.568 3.49362
0.569 3.4939
0.57 3.49418
0.571 3.49445
0.572 3.49472
0.573 3.495
0.574 3.49526
0.575 3.49553
0.576 3.4958
0.577 3.49606
0.578 3.49632
0.579 3.49658
0.58 3.49684
0.581 3.4971
0.582 3.49735
0.583 3.4976
0.584 3.49785
0.585 3.4981
0.586 3.49835
0.587 3.49859
0.588 3.49883
0.589 3.49907
0.59 3.49931
0.591 3.49955
0.592 3.49978
0.593 3.50001
0.594 3.50024
0.595 3.50047
0.596 3.50069
0.597 3.50091
0.598 3.50113
0.599 3.50135
0.6 3.50156
0.601 3.50177
0.602 3.50198
0.603 3.50219
0.604 3.5024
0.605 3.5026
0.606 3.5028
0.607 3.50299
0.608 3.50319
0.609 3.50338
0.61 3.50357
0.611 3.50375
0.612 3.50393
0.613 3.50411
0.614 3.50429
0.615 3.50446
0.616 3.50463
0.617 3.5048
0.618 3.50496
0.619 3.50512
0.62 3.50528
0.621 3.50543
0.622 3.50558
0.623 3.50573
0.624 3.50587
0.625 3.50601
0.626 3.50614
0.627 3.50628
0.628 3.5064
0.629 3.50653
0.63 3.50665
0.631 3.50676
0.632 3.50687
0.633 3.50698
0.634 3.50708
0.635 3.50718
0.636 3.50728
0.637 3.50736
0.638 3.50745
0.639 3.50753
0.64 3.5076
0.641 3.50768
0.642 3.50774
0.643 3.5078
0.644 3.50786
0.645 3.50791
0.646 3.50795
0.647 3.50799
0.648 3.50802
0.649 3.50805
0.65 3.50807
0.651 3.50809
0.652 3.5081
0.653 3.5081
0.654 3.5081
0.655 3.50809
0.656 3.50807
0.657 3.50805
0.658 3.50802
0.659 3.50799
0.66 3.50794
0.661 3.50789
0.662 3.50784
0.663 3.50777
0.664 3.5077
0.665 3.50762
0.666 3.50753
0.667 3.50744
0.668 3.50734
0.669 3.50722
0.67 3.50711
0.671 3.50698
0.672 3.50684
0.673 3.50669
0.674 3.50654
0.675 3.50638
0.676 3.5062
0.677 3.50602
0.678 3.50583
0.679 3.50563
0.68 3.50542
0.681 3.50519
0.682 3.50496
0.683 3.50472
0.684 3.50447
0.685 3.5042
0.686 3.50393
0.687 3.50364
0.688 3.50335
0.689 3.50304
0.69 3.50272
0.691 3.50239
0.692 3.50205
0.693 3.50169
0.694 3.50132
0.695 3.50094
0.696 3.50055
0.697 3.50014
0.698 3.49972
0.699 3.49929
0.7 3.49885
0.701 3.49839
0.702 3.49791
0.703 3.49743
0.704 3.49693
0.705 3.49641
0.706 3.49588
0.707 3.49534
0.708 3.49478
0.709 3.4942
0.71 3.49361
0.711 3.49301
0.712 3.49239
0.713 3.49175
0.714 3.4911
0.715 3.49043
0.716 3.48974
0.717 3.48904
0.718 3.48833
0.719 3.48759
0.72 3.48684
0.721 3.48607
0.722 3.48528
0.723 3.48448
0.724 3.48366
0.725 3.48282
0.726 3.48196
0.727 3.48109
0.728 3.48019
0.729 3.47928
0.73 3.47835
0.731 3.4774
0.732 3.47643
0.733 3.47545
0.734 3.47444
0.735 3.47342
0.736 3.47237
0.737 3.47131
0.738 3.47022
0.739 3.46912
0.74 3.468
0.741 3.46686
0.742 3.4657
0.743 3.46451
0.744 3.46331
0.745 3.46209
0.746 3.46085
0.747 3.45959
0.748 3.45831
0.749 3.457
0.75 3.45568
0.751 3.45434
0.752 3.45298
0.753 3.45159
0.754 3.45019
0.755 3.44876
0.756 3.44732
0.757 3.44586
0.758 3.44437
0.759 3.44287
0.76 3.44134
0.761 3.4398
0.762 3.43823
0.763 3.43665
0.764 3.43504
0.765 3.43342
0.766 3.43178
0.767 3.43011
0.768 3.42843
0.769 3.42673
0.77 3.42501
0.771 3.42327
0.772 3.42151
0.773 3.41973
0.774 3.41793
0.775 3.41612
0.776 3.41428
0.777 3.41243
0.778 3.41057
0.779 3.40868
0.78 3.40678
0.781 3.40486
0.782 3.40292
0.783 3.40096
0.784 3.39899
0.785 3.39701
0.786 3.39501
0.787 3.39299
0.788 3.39095
0.789 3.38891
0.79 3.38684
0.791 3.38477
0.792 3.38268
0.793 3.38057
0.794 3.37845
0.795 3.37632
0.796 3.37418
0.797 3.37202
0.798 3.36986
0.799 3.36768
0.8 3.36548
0.801 3.36328
0.802 3.36107
0.803 3.35885
0.804 3.35662
0.805 3.35438
0.806 3.35213
0.807 3.34987
0.808 3.3476
0.809 3.34533
0.81 3.34304
0.811 3.34076
0.812 3.33846
0.813 3.33616
0.814 3.33385
0.815 3.33154
0.816 3.32923
0.817 3.3269
0.818 3.32458
0.819 3.32225
0.82 3.31992
0.821 3.31759
0.822 3.31525
0.823 3.31291
0.824 3.31057
0.825 3.30823
0.826 3.30589
0.827 3.30355
0.828 3.30121
0.829 3.29887
0.83 3.29653
0.831 3.2942
0.832 3.29186
0.833 3.28953
0.834 3.2872
0.835 3.28488
0.836 3.28255
0.837 3.28023
0.838 3.27792
0.839 3.27561
0.84 3.27331
0.841 3.27101
0.842 3.26872
0.843 3.26643
0.844 3.26415
0.845 3.26188
0.846 3.25961
0.847 3.25735
0.848 3.2551
0.849 3.25286
0.85 3.25063
0.851 3.24841
0.852 3.24619
0.853 3.24399
0.854 3.24179
0.855 3.23961
0.856 3.23743
0.857 3.23527
0.858 3.23312
0.859 3.23098
0.86 3.22885
0.861 3.22673
0.862 3.22462
0.863 3.22253
0.864 3.22045
0.865 3.21838
0.866 3.21632
0.867 3.21428
0.868 3.21225
0.869 3.21023
0.87 3.20823
0.871 3.20624
0.872 3.20426
0.873 3.2023
0.874 3.20036
0.875 3.19842
0.876 3.19651
0.877 3.1946
0.878 3.19271
0.879 3.19084
0.88 3.18898
0.881 3.18714
0.882 3.18531
0.883 3.1835
0.884 3.1817
0.885 3.17992
0.886 3.17815
0.887 3.1764
0.888 3.17466
0.889 3.17294
0.89 3.17124
0.891 3.16955
0.892 3.16788
0.893 3.16622
0.894 3.16458
0.895 3.16295
0.896 3.16134
0.897 3.15975
0.898 3.15817
0.899 3.15661
0.9 3.15506
0.901 3.15353
0.902 3.15202
0.903 3.15052
0.904 3.14904
0.905 3.14757
0.906 3.14612
0.907 3.14468
0.908 3.14326
0.909 3.14185
0.91 3.14046
0.911 3.13909
0.912 3.13773
0.913 3.13639
0.914 3.13506
0.915 3.13374
0.916 3.13245
0.917 3.13116
0.918 3.12989
0.919 3.12864
0.92 3.1274
0.921 3.12618
0.922 3.12497
0.923 3.12377
0.924 3.12259
0.925 3.12143
0.926 3.12027
0.927 3.11914
0.928 3.11801
0.929 3.1169
0.93 3.11581
0.931 3.11473
0.932 3.11366
0.933 3.1126
0.934 3.11156
0.935 3.11053
0.936 3.10952
0.937 3.10852
0.938 3.10753
0.939 3.10655
0.94 3.10559
0.941 3.10464
0.942 3.1037
0.943 3.10277
0.944 3.10186
0.945 3.10096
0.946 3.10007
0.947 3.0992
0.948 3.09833
0.949 3.09748
0.95 3.09664
0.951 3.09581
0.952 3.09499
0.953 3.09418
0.954 3.09339
0.955 3.0926
0.956 3.09183
0.957 3.09107
0.958 3.09031
0.959 3.08957
0.96 3.08884
0.961 3.08812
0.962 3.08741
0.963 3.08671
0.964 3.08602
0.965 3.08534
0.966 3.08467
0.967 3.08401
0.968 3.08336
0.969 3.08272
0.97 3.08209
0.971 3.08147
0.972 3.08086
0.973 3.08025
0.974 3.07966
0.975 3.07907
0.976 3.07849
0.977 3.07793
0.978 3.07737
0.979 3.07682
0.98 3.07627
0.981 3.07574
0.982 3.07521
0.983 3.0747
0.984 3.07419
0.985 3.07368
0.986 3.07319
0.987 3.0727
0.988 3.07222
0.989 3.07175
0.99 3.07129
0.991 3.07083
0.992 3.07038
0.993 3.06994
0.994 3.06951
0.995 3.06908
0.996 3.06866
0.997 3.06824
0.998 3.06784
0.999 3.06743
1 3.06704
1.001 5
