0 0
0.001 0.655062
0.002 0.659854
0.003 0.664647
0.004 0.669439
0.005 0.674232
0.006 0.679024
0.007 0.683815
0.008 0.688606
0.009 0.693396
0.01 0.698186
0.011 0.702974
0.012 0.707761
0.013 0.712547
0.014 0.717332
0.015 0.722115
0.016 0.726896
0.017 0.731676
0.018 0.736453
0.019 0.741229
0.02 0.746002
0.021 0.750773
0.022 0.755541
0.023 0.760307
0.024 0.76507
0.025 0.76983
0.026 0.774588
0.027 0.779342
0.028 0.784092
0.029 0.78884
0.03 0.793583
0.031 0.798323
0.032 0.80306
0.033 0.807792
0.034 0.81252
0.035 0.817244
0.036 0.821964
0.037 0.826679
0.038 0.83139
0.039 0.836096
0.04 0.840797
0.041 0.845493
0.042 0.850184
0.043 0.85487
0.044 0.859551
0.045 0.864226
0.046 0.868895
0.047 0.873559
0.048 0.878218
0.049 0.88287
0.05 0.887516
0.051 0.892156
0.052 0.89679
0.053 0.901418
0.054 0.906039
0.055 0.910654
0.056 0.915262
0.057 0.919864
0.058 0.924458
0.059 0.929046
0.06 0.933626
0.061 0.9382
0.062 0.942766
0.063 0.947325
0.064 0.951877
0.065 0.956421
0.066 0.960958
0.067 0.965487
0.068 0.970009
0.069 0.974522
0.07 0.979028
0.071 0.983526
0.072 0.988016
0.073 0.992498
0.074 0.996972
0.075 1.00144
0.076 1.00589
0.077 1.01034
0.078 1.01478
0.079 1.01922
0.08 1.02364
0.081 1.02806
0.082 1.03246
0.083 1.03686
0.084 1.04125
0.085 1.04563
0.086 1.05
0.087 1.05437
0.088 1.05872
0.089 1.06307
0.09 1.0674
0.091 1.07173
0.092 1.07605
0.093 1.08036
0.094 1.08466
0.095 1.08896
0.096 1.09324
0.097 1.09751
0.098 1.10178
0.099 1.10603
0.1 1.11028
0.101 1.11452
0.102 1.11875
0.103 1.12297
0.104 1.12718
0.105 1.13138
0.106 1.13558
0.107 1.13976
0.108 1.14394
0.109 1.1481
0.11 1.15226
0.111 1.15641
0.112 1.16055
0.113 1.16468
0.114 1.1688
0.115 1.17291
0.116 1.17701
0.117 1.18111
0.118 1.18519
0.119 1.18927
0.12 1.19334
0.121 1.1974
0.122 1.20145
0.123 1.20549
0.124 1.20953
0.125 1.21355
0.126 1.21757
0.127 1.22158
0.128 1.22557
0.129 1.22957
0.13 1.23355
0.131 1.23752
0.132 1.24149
0.133 1.24545
0.134 1.2494
0.135 1.25334
0.136 1.25727
0.137 1.2612
0.138 1.26511
0.139 1.26902
0.14 1.27293
0.141 1.27682
0.142 1.28071
0.143 1.28458
0.144 1.28845
0.145 1.29232
0.146 1.29617
0.147 1.30002
0.148 1.30386
0.149 1.3077
0.15 1.31152
0.151 1.31534
0.152 1.31915
0.153 1.32296
0.154 1.32676
0.155 1.33055
0.156 1.33433
0.157 1.33811
0.158 1.34188
0.159 1.34565
0.16 1.3494
0.161 1.35316
0.162 1.3569
0.163 1.36064
0.164 1.36437
0.165 1.3681
0.166 1.37182
0.167 1.37553
0.168 1.37924
0.169 1.38294
0.17 1.38664
0.171 1.39033
0.172 1.39402
0.173 1.3977
0.174 1.40137
0.175 1.40504
0.176 1.40871
0.177 1.41236
0.178 1.41602
0.179 1.41967
0.18 1.42331
0.181 1.42695
0.182 1.43058
0.183 1.43421
0.184 1.43784
0.185 1.44146
0.186 1.44507
0.187 1.44868
0.188 1.45229
0.189 1.45589
0.19 1.45949
0.191 1.46308
0.192 1.46667
0.193 1.47026
0.194 1.47384
0.195 1.47742
0.196 1.481
0.197 1.48457
0.198 1.48814
0.199 1.4917
0.2 1.49526
0.201 1.49882
0.202 1.50238
0.203 1.50593
0.204 1.50948
0.205 1.51302
0.206 1.51657
0.207 1.52011
0.208 1.52365
0.209 1.52718
0.21 1.53071
0.211 1.53424
0.212 1.53777
0.213 1.5413
0.214 1.54482
0.215 1.54834
0.216 1.55186
0.217 1.55538
0.218 1.5589
0.219 1.56241
0.22 1.56592
0.221 1.56944
0.222 1.57295
0.223 1.57645
0.224 1.57996
0.225 1.58347
0.226 1.58697
0.227 1.59047
0.228 1.59398
0.229 1.59748
0.23 1.60098
0.231 1.60448
0.232 1.60798
0.233 1.61148
0.234 1.61497
0.235 1.61847
0.236 1.62197
0.237 1.62546
0.238 1.62896
0.239 1.63246
0.24 1.63595
0.241 1.63945
0.242 1.64295
0.243 1.64644
0.244 1.64994
0.245 1.65344
0.246 1.65694
0.247 1.66043
0.248 1.66393
0.249 1.66743
0.25 1.67093
0.251 1.67443
0.252 1.67793
0.253 1.68143
0.254 1.68494
0.255 1.68844
0.256 1.69195
0.257 1.69545
0.258 1.69896
0.259 1.70247
0.26 1.70598
0.261 1.70949
0.262 1.713
0.263 1.71652
0.264 1.72004
0.265 1.72355
0.266 1.72707
0.267 1.73059
0.268 1.73412
0.269 1.73764
0.27 1.74117
0.271 1.7447
0.272 1.74823
0.273 1.75176
0.274 1.7553
0.275 1.75884
0.276 1.76238
0.277 1.76592
0.278 1.76947
0.279 1.77302
0.28 1.77657
0.281 1.78012
0.282 1.78367
0.283 1.78723
0.284 1.79079
0.285 1.79436
0.286 1.79792
0.287 1.80149
0.288 1.80507
0.289 1.80864
0.29 1.81222
0.291 1.8158
0.292 1.81939
0.293 1.82298
0.294 1.82657
0.295 1.83016
0.296 1.83376
0.297 1.83736
0.298 1.84097
0.299 1.84458
0.3 1.84819
0.301 1.8518
0.302 1.85542
0.303 1.85904
0.304 1.86267
0.305 1.8663
0.306 1.86993
0.307 1.87357
0.308 1.87721
0.309 1.88086
0.31 1.88451
0.311 1.88816
0.312 1.89181
0.313 1.89548
0.314 1.89914
0.315 1.90281
0.316 1.90648
0.317 1.91016
0.318 1.91384
0.319 1.91752
0.32 1.92121
0.321 1.9249
0.322 1.9286
0.323 1.9323
0.324 1.93601
0.325 1.93972
0.326 1.94343
0.327 1.94715
0.328 1.95087
0.329 1.9546
0.33 1.95833
0.331 1.96207
0.332 1.96581
0.333 1.96955
0.334 1.9733
0.335 1.97706
0.336 1.98082
0.337 1.98458
0.338 1.98835
0.339 1.99212
0.34 1.99589
0.341 1.99968
0.342 2.00346
0.343 2.00725
0.344 2.01105
0.345 2.01485
0.346 2.01865
0.347 2.02246
0.348 2.02627
0.349 2.03009
0.35 2.03391
0.351 2.03774
0.352 2.04157
0.353 2.04541
0.354 2.04925
0.355 2.0531
0.356 2.05695
0.357 2.06081
0.358 2.06467
0.359 2.06853
0.36 2.07241
0.361 2.07628
0.362 2.08016
0.363 2.08405
0.364 2.08794
0.365 2.09183
0.366 2.09573
0.367 2.09964
0.368 2.10355
0.369 2.10746
0.37 2.11138
0.371 2.11531
0.372 2.11924
0.373 2.12317
0.374 2.12711
0.375 2.13106
0.376 2.13501
0.377 2.13897
0.378 2.14293
0.379 2.14689
0.38 2.15086
0.381 2.15484
0.382 2.15882
0.383 2.16281
0.384 2.1668
0.385 2.17079
0.386 2.1748
0.387 2.1788
0.388 2.18281
0.389 2.18683
0.39 2.19086
0.391 2.19488
0.392 2.19892
0.393 2.20296
0.394 2.207
0.395 2.21105
0.396 2.21511
0.397 2.21917
0.398 2.22323
0.399 2.2273
0.4 2.23138
0.401 2.23546
0.402 2.23955
0.403 2.24365
0.404 2.24775
0.405 2.25185
0.406 2.25596
0.407 2.26008
0.408 2.2642
0.409 2.26833
0.41 2.27246
0.411 2.2766
0.412 2.28075
0.413 2.2849
0.414 2.28906
0.415 2.29322
0.416 2.29739
0.417 2.30157
0.418 2.30575
0.419 2.30994
0.42 2.31413
0.421 2.31833
0.422 2.32254
0.423 2.32675
0.424 2.33097
0.425 2.33519
0.426 2.33943
0.427 2.34367
0.428 2.34791
0.429 2.35216
0.43 2.35642
0.431 2.36068
0.432 2.36496
0.433 2.36923
0.434 2.37352
0.435 2.37781
0.436 2.38211
0.437 2.38642
0.438 2.39073
0.439 2.39505
0.44 2.39938
0.441 2.40371
0.442 2.40805
0.443 2.4124
0.444 2.41676
0.445 2.42112
0.446 2.42549
0.447 2.42987
0.448 2.43426
0.449 2.43866
0.45 2.44306
0.451 2.44747
0.452 2.45189
0.453 2.45631
0.454 2.46075
0.455 2.46519
0.456 2.46964
0.457 2.4741
0.458 2.47857
0.459 2.48304
0.46 2.48753
0.461 2.49202
0.462 2.49652
0.463 2.50104
0.464 2.50556
0.465 2.51008
0.466 2.51462
0.467 2.51917
0.468 2.52373
0.469 2.52829
0.47 2.53287
0.471 2.53745
0.472 2.54205
0.473 2.54665
0.474 2.55127
0.475 2.55589
0.476 2.56053
0.477 2.56517
0.478 2.56982
0.479 2.57449
0.48 2.57917
0.481 2.58385
0.482 2.58855
0.483 2.59326
0.484 2.59798
0.485 2.60271
0.486 2.60745
0.487 2.6122
0.488 2.61696
0.489 2.62174
0.49 2.62653
0.491 2.63132
0.492 2.63614
0.493 2.64096
0.494 2.64579
0.495 2.65064
0.496 2.6555
0.497 2.66037
0.498 2.66526
0.499 2.67015
0.5 2.67507
0.501 2.67999
0.502 2.68493
0.503 2.68988
0.504 2.69484
0.505 2.69982
0.506 2.70481
0.507 2.70982
0.508 2.71483
0.509 2.71987
0.51 2.72492
0.511 2.72998
0.512 2.73506
0.513 2.74015
0.514 2.74526
0.515 2.75038
0.516 2.75552
0.517 2.76067
0.518 2.76584
0.519 2.77103
0.52 2.77623
0.521 2.78144
0.522 2.78668
0.523 2.79193
0.524 2.7972
0.525 2.80248
0.526 2.80778
0.527 2.8131
0.528 2.81844
0.529 2.82379
0.53 2.82916
0.531 2.83455
0.532 2.83996
0.533 2.84538
0.534 2.85083
0.535 2.85629
0.536 2.86177
0.537 2.86727
0.538 2.87279
0.539 2.87834
0.54 2.8839
0.541 2.88948
0.542 2.89508
0.543 2.9007
0.544 2.90634
0.545 2.912
0.546 2.91768
0.547 2.92339
0.548 2.92911
0.549 2.93486
0.55 2.94063
0.551 2.94642
0.552 2.95224
0.553 2.95807
0.554 2.96393
0.555 2.96982
0.556 2.97572
0.557 2.98165
0.558 2.98761
0.559 2.99358
0.56 2.99959
0.561 3.00561
0.562 3.01166
0.563 3.01774
0.564 3.02384
0.565 3.02997
0.566 3.03612
0.567 3.0423
0.568 3.04851
0.569 3.05474
0.57 3.061
0.571 3.06728
0.572 3.0736
0.573 3.07994
0.574 3.08631
0.575 3.0927
0.576 3.09913
0.577 3.10558
0.578 3.11207
0.579 3.11858
0.58 3.12512
0.581 3.13169
0.582 3.13829
0.583 3.14493
0.584 3.15159
0.585 3.15828
0.586 3.16501
0.587 3.17177
0.588 3.17856
0.589 3.18538
0.59 3.19223
0.591 3.19912
0.592 3.20604
0.593 3.213
0.594 3.21999
0.595 3.22701
0.596 3.23406
0.597 3.24116
0.598 3.24828
0.599 3.25544
0.6 3.26264
0.601 3.26988
0.602 3.27715
0.603 3.28445
0.604 3.2918
0.605 3.29918
0.606 3.3066
0.607 3.31406
0.608 3.32156
0.609 3.32909
0.61 3.33667
0.611 3.34428
0.612 3.35193
0.613 3.35963
0.614 3.36736
0.615 3.37514
0.616 3.38296
0.617 3.39081
0.618 3.39872
0.619 3.40666
0.62 3.41465
0.621 3.42268
0.622 3.43075
0.623 3.43887
0.624 3.44703
0.625 3.45523
0.626 3.46348
0.627 3.47178
0.628 3.48012
0.629 3.48851
0.63 3.49695
0.631 3.50543
0.632 3.51396
0.633 3.52254
0.634 3.53116
0.635 3.53984
0.636 3.54856
0.637 3.55733
0.638 3.56615
0.639 3.57503
0.64 3.58395
0.641 3.59292
0.642 3.60195
0.643 3.61102
0.644 3.62015
0.645 3.62933
0.646 3.63857
0.647 3.64786
0.648 3.6572
0.649 3.66659
0.65 3.67604
0.651 3.68555
0.652 3.69511
0.653 3.70472
0.654 3.71439
0.655 3.72412
0.656 3.7339
0.657 3.74375
0.658 3.75365
0.659 3.7636
0.66 3.77362
0.661 3.78369
0.662 3.79383
0.663 3.80402
0.664 3.81428
0.665 3.82459
0.666 3.83496
0.667 3.8454
0.668 3.8559
0.669 3.86645
0.67 3.87707
0.671 3.88776
0.672 3.8985
0.673 3.90931
0.674 3.92019
0.675 3.93112
0.676 3.94213
0.677 3.95319
0.678 3.96432
0.679 3.97552
0.68 3.98678
0.681 3.99811
0.682 4.0095
0.683 4.02096
0.684 4.03249
0.685 4.04409
0.686 4.05575
0.687 4.06748
0.688 4.07928
0.689 4.09114
0.69 4.10308
0.691 4.11508
0.692 4.12716
0.693 4.1393
0.694 4.15151
0.695 4.16379
0.696 4.17614
0.697 4.18857
0.698 4.20106
0.699 4.21362
0.7 4.22626
0.701 4.23896
0.702 4.25174
0.703 4.26458
0.704 4.2775
0.705 4.29049
0.706 4.30355
0.707 4.31669
0.708 4.32989
0.709 4.34317
0.71 4.35652
0.711 4.36994
0.712 4.38344
0.713 4.397
0.714 4.41064
0.715 4.42435
0.716 4.43813
0.717 4.45199
0.718 4.46592
0.719 4.47991
0.72 4.49398
0.721 4.50813
0.722 4.52234
0.723 4.53663
0.724 4.55098
0.725 4.56541
0.726 4.57991
0.727 4.59448
0.728 4.60912
0.729 4.62383
0.73 4.63861
0.731 4.65347
0.732 4.66839
0.733 4.68338
0.734 4.69844
0.735 4.71356
0.736 4.72876
0.737 4.74402
0.738 4.75935
0.739 4.77475
0.74 4.79022
0.741 4.80575
0.742 4.82134
0.743 4.837
0.744 4.85273
0.745 4.86852
0.746 4.88437
0.747 4.90029
0.748 4.91627
0.749 4.93231
0.75 4.9484
0.751 4.96456
0.752 4.98078
0.753 4.99706
0.754 5.0134
0.755 5.02979
0.756 5.04624
0.757 5.06274
0.758 5.0793
0.759 5.09591
0.76 5.11257
0.761 5.12929
0.762 5.14605
0.763 5.16287
0.764 5.17973
0.765 5.19664
0.766 5.2136
0.767 5.23061
0.768 5.24765
0.769 5.26475
0.77 5.28188
0.771 5.29905
0.772 5.31627
0.773 5.33352
0.774 5.35081
0.775 5.36813
0.776 5.38549
0.777 5.40288
0.778 5.42031
0.779 5.43776
0.78 5.45525
0.781 5.47276
0.782 5.4903
0.783 5.50786
0.784 5.52545
0.785 5.54306
0.786 5.56069
0.787 5.57834
0.788 5.596
0.789 5.61369
0.79 5.63138
0.791 5.64909
0.792 5.66681
0.793 5.68454
0.794 5.70228
0.795 5.72002
0.796 5.73777
0.797 5.75552
0.798 5.77328
0.799 5.79103
0.8 5.80878
0.801 5.82652
0.802 5.84427
0.803 5.862
0.804 5.87972
0.805 5.89744
0.806 5.91514
0.807 5.93283
0.808 5.9505
0.809 5.96815
0.81 5.98578
0.811 6.00339
0.812 6.02098
0.813 6.03855
0.814 6.05608
0.815 6.07359
0.816 6.09107
0.817 6.10851
0.818 6.12592
0.819 6.1433
0.82 6.16064
0.821 6.17793
0.822 6.19519
0.823 6.21241
0.824 6.22957
0.825 6.2467
0.826 6.26377
0.827 6.2808
0.828 6.29777
0.829 6.31469
0.83 6.33155
0.831 6.34835
0.832 6.3651
0.833 6.38179
0.834 6.39841
0.835 6.41497
0.836 6.43147
0.837 6.44789
0.838 6.46425
0.839 6.48054
0.84 6.49676
0.841 6.5129
0.842 6.52896
0.843 6.54495
0.844 6.56086
0.845 6.57669
0.846 6.59244
0.847 6.60811
0.848 6.62369
0.849 6.63919
0.85 6.6546
0.851 6.66991
0.852 6.68514
0.853 6.70028
0.854 6.71533
0.855 6.73028
0.856 6.74513
0.857 6.75989
0.858 6.77455
0.859 6.78911
0.86 6.80357
0.861 6.81793
0.862 6.83218
0.863 6.84634
0.864 6.86038
0.865 6.87432
0.866 6.88816
0.867 6.90189
0.868 6.9155
0.869 6.92901
0.87 6.94241
0.871 6.95569
0.872 6.96886
0.873 6.98192
0.874 6.99487
0.875 7.0077
0.876 7.02041
0.877 7.03301
0.878 7.04549
0.879 7.05786
0.88 7.0701
0.881 7.08223
0.882 7.09424
0.883 7.10613
0.884 7.1179
0.885 7.12955
0.886 7.14107
0.887 7.15248
0.888 7.16377
0.889 7.17493
0.89 7.18597
0.891 7.19689
0.892 7.20769
0.893 7.21836
0.894 7.22891
0.895 7.23934
0.896 7.24964
0.897 7.25983
0.898 7.26989
0.899 7.27982
0.9 7.28964
0.901 7.29933
0.902 7.30889
0.903 7.31834
0.904 7.32766
0.905 7.33687
0.906 7.34595
0.907 7.3549
0.908 7.36374
0.909 7.37246
0.91 7.38105
0.911 7.38953
0.912 7.39788
0.913 7.40612
0.914 7.41424
0.915 7.42223
0.916 7.43012
0.917 7.43788
0.918 7.44553
0.919 7.45306
0.92 7.46047
0.921 7.46777
0.922 7.47496
0.923 7.48203
0.924 7.48899
0.925 7.49583
0.926 7.50257
0.927 7.50919
0.928 7.51571
0.929 7.52211
0.93 7.52841
0.931 7.53459
0.932 7.54068
0.933 7.54665
0.934 7.55252
0.935 7.55828
0.936 7.56395
0.937 7.56951
0.938 7.57496
0.939 7.58032
0.94 7.58558
0.941 7.59073
0.942 7.59579
0.943 7.60075
0.944 7.60562
0.945 7.61039
0.946 7.61507
0.947 7.61965
0.948 7.62414
0.949 7.62854
0.95 7.63285
0.951 7.63707
0.952 7.6412
0.953 7.64525
0.954 7.6492
0.955 7.65308
0.956 7.65686
0.957 7.66057
0.958 7.66419
0.959 7.66773
0.96 7.67119
0.961 7.67457
0.962 7.67788
0.963 7.6811
0.964 7.68425
0.965 7.68733
0.966 7.69033
0.967 7.69325
0.968 7.69611
0.969 7.69889
0.97 7.7016
0.971 7.70424
0.972 7.70682
0.973 7.70933
0.974 7.71177
0.975 7.71414
0.976 7.71645
0.977 7.7187
0.978 7.72088
0.979 7.723
0.98 7.72507
0.981 7.72707
0.982 7.72901
0.983 7.7309
0.984 7.73272
0.985 7.73449
0.986 7.73621
0.987 7.73787
0.988 7.73948
0.989 7.74103
0.99 7.74254
0.991 7.74399
0.992 7.74539
0.993 7.74674
0.994 7.74805
0.995 7.7493
0.996 7.75051
0.997 7.75167
0.998 7.75279
0.999 7.75386
1 7.75489
1.001 0
