0 5
0.001 3.30977
0.002 3.30761
0.003 3.30546
0.004 3.30331
0.005 3.30117
0.006 3.29904
0.007 3.29691
0.008 3.29478
0.009 3.29266
0.01 3.29054
0.011 3.28844
0.012 3.28633
0.013 3.28423
0.014 3.28214
0.015 3.28006
0.016 3.27798
0.017 3.27591
0.018 3.27384
0.019 3.27178
0.02 3.26973
0.021 3.26768
0.022 3.26565
0.023 3.26361
0.024 3.26159
0.025 3.25957
0.026 3.25757
0.027 3.25557
0.028 3.25357
0.029 3.25159
0.03 3.24961
0.031 3.24764
0.032 3.24568
0.033 3.24373
0.034 3.24179
0.035 3.23985
0.036 3.23793
0.037 3.23601
0.038 3.2341
0.039 3.2322
0.04 3.23032
0.041 3.22844
0.042 3.22657
0.043 3.22471
0.044 3.22286
0.045 3.22102
0.046 3.21919
0.047 3.21737
0.048 3.21556
0.049 3.21376
0.05 3.21198
0.051 3.2102
0.052 3.20843
0.053 3.20668
0.054 3.20493
0.055 3.2032
0.056 3.20148
0.057 3.19977
0.058 3.19807
0.059 3.19638
0.06 3.19471
0.061 3.19305
0.062 3.19139
0.063 3.18975
0.064 3.18813
0.065 3.18651
0.066 3.18491
0.067 3.18332
0.068 3.18174
0.069 3.18018
0.07 3.17863
0.071 3.17709
0.072 3.17556
0.073 3.17405
0.074 3.17255
0.075 3.17106
0.076 3.16959
0.077 3.16812
0.078 3.16668
0.079 3.16524
0.08 3.16382
0.081 3.16242
0.082 3.16102
0.083 3.15964
0.084 3.15828
0.085 3.15693
0.086 3.15559
0.087 3.15427
0.088 3.15296
0.089 3.15166
0.09 3.15038
0.091 3.14911
0.092 3.14786
0.093 3.14662
0.094 3.1454
0.095 3.14419
0.096 3.14299
0.097 3.14181
0.098 3.14064
0.099 3.13949
0.1 3.13835
0.101 3.13723
0.102 3.13612
0.103 3.13503
0.104 3.13395
0.105 3.13288
0.106 3.13183
0.107 3.1308
0.108 3.12977
0.109 3.12877
0.11 3.12778
0.111 3.1268
0.112 3.12584
0.113 3.12489
0.114 3.12396
0.115 3.12304
0.116 3.12213
0.117 3.12125
0.118 3.12037
0.119 3.11951
0.12 3.11867
0.121 3.11784
0.122 3.11702
0.123 3.11622
0.124 3.11543
0.125 3.11466
0.126 3.1139
0.127 3.11316
0.128 3.11243
0.129 3.11171
0.13 3.11101
0.131 3.11033
0.132 3.10966
0.133 3.109
0.134 3.10836
0.135 3.10773
0.136 3.10711
0.137 3.10651
0.138 3.10592
0.139 3.10535
0.14 3.10479
0.141 3.10424
0.142 3.10371
0.143 3.10319
0.144 3.10269
0.145 3.1022
0.146 3.10172
0.147 3.10126
0.148 3.10081
0.149 3.10037
0.15 3.09994
0.151 3.09953
0.152 3.09914
0.153 3.09875
0.154 3.09838
0.155 3.09802
0.156 3.09768
0.157 3.09734
0.158 3.09702
0.159 3.09671
0.16 3.09642
0.161 3.09614
0.162 3.09586
0.163 3.09561
0.164 3.09536
0.165 3.09513
0.166 3.0949
0.167 3.09469
0.168 3.0945
0.169 3.09431
0.17 3.09414
0.171 3.09397
0.172 3.09382
0.173 3.09368
0.174 3.09355
0.175 3.09344
0.176 3.09333
0.177 3.09323
0.178 3.09315
0.179 3.09308
0.18 3.09301
0.181 3.09296
0.182 3.09292
0.183 3.09289
0.184 3.09287
0.185 3.09286
0.186 3.09286
0.187 3.09288
0.188 3.0929
0.189 3.09293
0.19 3.09297
0.191 3.09302
0.192 3.09308
0.193 3.09315
0.194 3.09323
0.195 3.09332
0.196 3.09342
0.197 3.09353
0.198 3.09365
0.199 3.09377
0.2 3.09391
0.201 3.09406
0.202 3.09421
0.203 3.09437
0.204 3.09454
0.205 3.09472
0.206 3.09491
0.207 3.09511
0.208 3.09532
0.209 3.09553
0.21 3.09575
0.211 3.09598
0.212 3.09622
0.213 3.09647
0.214 3.09672
0.215 3.09698
0.216 3.09725
0.217 3.09753
0.218 3.09782
0.219 3.09811
0.22 3.09841
0.221 3.09872
0.222 3.09903
0.223 3.09936
0.224 3.09968
0.225 3.10002
0.226 3.10036
0.227 3.10071
0.228 3.10107
0.229 3.10144
0.23 3.10181
0.231 3.10218
0.232 3.10257
0.233 3.10296
0.234 3.10335
0.235 3.10376
0.236 3.10417
0.237 3.10458
0.238 3.105
0.239 3.10543
0.24 3.10587
0.241 3.10631
0.242 3.10675
0.243 3.1072
0.244 3.10766
0.245 3.10812
0.246 3.10859
0.247 3.10906
0.248 3.10954
0.249 3.11003
0.25 3.11052
0.251 3.11102
0.252 3.11152
0.253 3.11202
0.254 3.11253
0.255 3.11305
0.256 3.11357
0.257 3.1141
0.258 3.11463
0.259 3.11517
0.26 3.11571
0.261 3.11625
0.262 3.1168
0.263 3.11736
0.264 3.11792
0.265 3.11848
0.266 3.11905
0.267 3.11962
0.268 3.1202
0.269 3.12078
0.27 3.12137
0.271 3.12196
0.272 3.12255
0.273 3.12315
0.274 3.12375
0.275 3.12436
0.276 3.12497
0.277 3.12558
0.278 3.1262
0.279 3.12682
0.28 3.12745
0.281 3.12808
0.282 3.12871
0.283 3.12935
0.284 3.12999
0.285 3.13063
0.286 3.13128
0.287 3.13193
0.288 3.13259
0.289 3.13324
0.29 3.1339
0.291 3.13457
0.292 3.13524
0.293 3.13591
0.294 3.13658
0.295 3.13726
0.296 3.13794
0.297 3.13862
0.298 3.1393
0.299 3.13999
0.3 3.14068
0.301 3.14138
0.302 3.14207
0.303 3.14277
0.304 3.14348
0.305 3.14418
0.306 3.14489
0.307 3.1456
0.308 3.14631
0.309 3.14703
0.31 3.14774
0.311 3.14846
0.312 3.14919
0.313 3.14991
0.314 3.15064
0.315 3.15137
0.316 3.1521
0.317 3.15283
0.318 3.15356
0.319 3.1543
0.32 3.15504
0.321 3.15578
0.322 3.15653
0.323 3.15727
0.324 3.15802
0.325 3.15877
0.326 3.15952
0.327 3.16027
0.328 3.16102
0.329 3.16178
0.33 3.16254
0.331 3.16329
0.332 3.16405
0.333 3.16482
0.334 3.16558
0.335 3.16634
0.336 3.16711
0.337 3.16788
0.338 3.16865
0.339 3.16942
0.34 3.17019
0.341 3.17096
0.342 3.17173
0.343 3.17251
0.344 3.17328
0.345 3.17406
0.346 3.17484
0.347 3.17562
0.348 3.17639
0.349 3.17718
0.35 3.17796
0.351 3.17874
0.352 3.17952
0.353 3.1803
0.354 3.18109
0.355 3.18187
0.356 3.18266
0.357 3.18345
0.358 3.18423
0.359 3.18502
0.36 3.18581
0.361 3.1866
0.362 3.18738
0.363 3.18817
0.364 3.18896
0.365 3.18975
0.366 3.19054
0.367 3.19133
0.368 3.19212
0.369 3.19291
0.37 3.19371
0.371 3.1945
0.372 3.19529
0.373 3.19608
0.374 3.19687
0.375 3.19766
0.376 3.19845
0.377 3.19924
0.378 3.20003
0.379 3.20083
0.38 3.20162
0.381 3.20241
0.382 3.2032
0.383 3.20399
0.384 3.20478
0.385 3.20557
0.386 3.20636
0.387 3.20715
0.388 3.20794
0.389 3.20872
0.39 3.20951
0.391 3.2103
0.392 3.21109
0.393 3.21187
0.394 3.21266
0.395 3.21344
0.396 3.21423
0.397 3.21501
0.398 3.2158
0.399 3.21658
0.4 3.21736
0.401 3.21814
0.402 3.21892
0.403 3.2197
0.404 3.22048
0.405 3.22126
0.406 3.22204
0.407 3.22282
0.408 3.22359
0.409 3.22437
0.41 3.22514
0.411 3.22592
0.412 3.22669
0.413 3.22746
0.414 3.22823
0.415 3.229
0.416 3.22977
0.417 3.23054
0.418 3.2313
0.419 3.23207
0.42 3.23283
0.421 3.2336
0.422 3.23436
0.423 3.23512
0.424 3.23588
0.425 3.23664
0.426 3.23739
0.427 3.23815
0.428 3.23891
0.429 3.23966
0.43 3.24041
0.431 3.24116
0.432 3.24191
0.433 3.24266
0.434 3.24341
0.435 3.24416
0.436 3.2449
0.437 3.24564
0.438 3.24639
0.439 3.24713
0.44 3.24787
0.441 3.2486
0.442 3.24934
0.443 3.25008
0.444 3.25081
0.445 3.25154
0.446 3.25227
0.447 3.253
0.448 3.25373
0.449 3.25446
0.45 3.25518
0.451 3.25591
0.452 3.25663
0.453 3.25735
0.454 3.25807
0.455 3.25879
0.456 3.2595
0.457 3.26022
0.458 3.26093
0.459 3.26164
0.46 3.26235
0.461 3.26306
0.462 3.26377
0.463 3.26447
0.464 3.26518
0.465 3.26588
0.466 3.26658
0.467 3.26728
0.468 3.26797
0.469 3.26867
0.47 3.26936
0.471 3.27006
0.472 3.27075
0.473 3.27144
0.474 3.27213
0.475 3.27281
0.476 3.2735
0.477 3.27418
0.478 3.27486
0.479 3.27554
0.48 3.27622
0.481 3.27689
0.482 3.27757
0.483 3.27824
0.484 3.27891
0.485 3.27958
0.486 3.28025
0.487 3.28092
0.488 3.28158
0.489 3.28224
0.49 3.28291
0.491 3.28357
0.492 3.28422
0.493 3.28488
0.494 3.28554
0.495 3.28619
0.496 3.28684
0.497 3.28749
0.498 3.28814
0.499 3.28878
0.5 3.28943
0.501 3.29007
0.502 3.29071
0.503 3.29135
0.504 3.29199
0.505 3.29263
0.506 3.29326
0.507 3.2939
0.508 3.29453
0.509 3.29516
0.51 3.29579
0.511 3.29641
0.512 3.29704
0.513 3.29766
0.514 3.29828
0.515 3.2989
0.516 3.29952
0.517 3.30014
0.518 3.30075
0.519 3.30137
0.52 3.30198
0.521 3.30259
0.522 3.3032
0.523 3.30381
0.524 3.30441
0.525 3.30501
0.526 3.30562
0.527 3.30622
0.528 3.30682
0.529 3.30741
0.53 3.30801
0.531 3.3086
0.532 3.3092
0.533 3.30979
0.534 3.31038
0.535 3.31096
0.536 3.31155
0.537 3.31213
0.538 3.31272
0.539 3.3133
0.54 3.31388
0.541 3.31446
0.542 3.31503
0.543 3.31561
0.544 3.31618
0.545 3.31675
0.546 3.31732
0.547 3.31789
0.548 3.31846
0.549 3.31903
0.55 3.31959
0.551 3.32015
0.552 3.32071
0.553 3.32127
0.554 3.32183
0.555 3.32239
0.556 3.32294
0.557 3.32349
0.558 3.32405
0.559 3.3246
0.56 3.32514
0.561 3.32569
0.562 3.32624
0.563 3.32678
0.564 3.32732
0.565 3.32787
0.566 3.32841
0.567 3.32894
0.568 3.32948
0.569 3.33001
0.57 3.33055
0.571 3.33108
0.572 3.33161
0.573 3.33214
0.574 3.33267
0.575 3.33319
0.576 3.33372
0.577 3.33424
0.578 3.33476
0.579 3.33528
0.58 3.3358
0.581 3.33632
0.582 3.33684
0.583 3.33735
0.584 3.33786
0.585 3.33837
0.586 3.33888
0.587 3.33939
0.588 3.3399
0.589 3.34041
0.59 3.34091
0.591 3.34141
0.592 3.34191
0.593 3.34241
0.594 3.34291
0.595 3.34341
0.596 3.3439
0.597 3.3444
0.598 3.34489
0.599 3.34538
0.6 3.34587
0.601 3.34636
0.602 3.34685
0.603 3.34733
0.604 3.34782
0.605 3.3483
0.606 3.34878
0.607 3.34926
0.608 3.34974
0.609 3.35022
0.61 3.35069
0.611 3.35116
0.612 3.35164
0.613 3.35211
0.614 3.35258
0.615 3.35305
0.616 3.35351
0.617 3.35398
0.618 3.35444
0.619 3.3549
0.62 3.35536
0.621 3.35582
0.622 3.35628
0.623 3.35674
0.624 3.35719
0.625 3.35765
0.626 3.3581
0.627 3.35855
0.628 3.359
0.629 3.35945
0.63 3.35989
0.631 3.36034
0.632 3.36078
0.633 3.36122
0.634 3.36166
0.635 3.3621
0.636 3.36253
0.637 3.36297
0.638 3.3634
0.639 3.36383
0.64 3.36426
0.641 3.36469
0.642 3.36512
0.643 3.36555
0.644 3.36597
0.645 3.36639
0.646 3.36681
0.647 3.36723
0.648 3.36765
0.649 3.36806
0.65 3.36848
0.651 3.36889
0.652 3.3693
0.653 3.36971
0.654 3.37011
0.655 3.37052
0.656 3.37092
0.657 3.37132
0.658 3.37172
0.659 3.37212
0.66 3.37251
0.661 3.37291
0.662 3.3733
0.663 3.37369
0.664 3.37407
0.665 3.37446
0.666 3.37484
0.667 3.37522
0.668 3.3756
0.669 3.37598
0.67 3.37635
0.671 3.37672
0.672 3.37709
0.673 3.37746
0.674 3.37782
0.675 3.37818
0.676 3.37854
0.677 3.3789
0.678 3.37925
0.679 3.37961
0.68 3.37996
0.681 3.3803
0.682 3.38065
0.683 3.38099
0.684 3.38132
0.685 3.38166
0.686 3.38199
0.687 3.38232
0.688 3.38265
0.689 3.38297
0.69 3.38329
0.691 3.3836
0.692 3.38392
0.693 3.38423
0.694 3.38453
0.695 3.38483
0.696 3.38513
0.697 3.38543
0.698 3.38572
0.699 3.386
0.7 3.38629
0.701 3.38656
0.702 3.38684
0.703 3.38711
0.704 3.38738
0.705 3.38764
0.706 3.38789
0.707 3.38815
0.708 3.38839
0.709 3.38864
0.71 3.38887
0.711 3.38911
0.712 3.38933
0.713 3.38955
0.714 3.38977
0.715 3.38998
0.716 3.39019
0.717 3.39039
0.718 3.39058
0.719 3.39077
0.72 3.39095
0.721 3.39112
0.722 3.39129
0.723 3.39145
0.724 3.39161
0.725 3.39176
0.726 3.3919
0.727 3.39203
0.728 3.39216
0.729 3.39228
0.73 3.39239
0.731 3.39249
0.732 3.39259
0.733 3.39267
0.734 3.39275
0.735 3.39282
0.736 3.39288
0.737 3.39294
0.738 3.39298
0.739 3.39302
0.74 3.39304
0.741 3.39306
0.742 3.39306
0.743 3.39306
0.744 3.39304
0.745 3.39302
0.746 3.39298
0.747 3.39294
0.748 3.39288
0.749 3.39281
0.75 3.39273
0.751 3.39264
0.752 3.39254
0.753 3.39242
0.754 3.3923
0.755 3.39216
0.756 3.39201
0.757 3.39184
0.758 3.39166
0.759 3.39147
0.76 3.39127
0.761 3.39105
0.762 3.39082
0.763 3.39057
0.764 3.39031
0.765 3.39003
0.766 3.38974
0.767 3.38944
0.768 3.38912
0.769 3.38878
0.77 3.38843
0.771 3.38807
0.772 3.38768
0.773 3.38729
0.774 3.38687
0.775 3.38644
0.776 3.38599
0.777 3.38553
0.778 3.38504
0.779 3.38454
0.78 3.38403
0.781 3.38349
0.782 3.38294
0.783 3.38237
0.784 3.38178
0.785 3.38117
0.786 3.38054
0.787 3.3799
0.788 3.37923
0.789 3.37855
0.79 3.37785
0.791 3.37713
0.792 3.37639
0.793 3.37563
0.794 3.37485
0.795 3.37405
0.796 3.37323
0.797 3.37239
0.798 3.37153
0.799 3.37065
0.8 3.36975
0.801 3.36883
0.802 3.36789
0.803 3.36693
0.804 3.36595
0.805 3.36495
0.806 3.36393
0.807 3.36289
0.808 3.36183
0.809 3.36074
0.81 3.35964
0.811 3.35852
0.812 3.35738
0.813 3.35621
0.814 3.35503
0.815 3.35382
0.816 3.3526
0.817 3.35136
0.818 3.35009
0.819 3.34881
0.82 3.34751
0.821 3.34619
0.822 3.34485
0.823 3.34349
0.824 3.34211
0.825 3.34071
0.826 3.33929
0.827 3.33786
0.828 3.33641
0.829 3.33494
0.83 3.33345
0.831 3.33194
0.832 3.33042
0.833 3.32888
0.834 3.32733
0.835 3.32575
0.836 3.32416
0.837 3.32256
0.838 3.32094
0.839 3.31931
0.84 3.31766
0.841 3.31599
0.842 3.31432
0.843 3.31263
0.844 3.31092
0.845 3.30921
0.846 3.30748
0.847 3.30573
0.848 3.30398
0.849 3.30222
0.85 3.30044
0.851 3.29866
0.852 3.29686
0.853 3.29506
0.854 3.29324
0.855 3.29142
0.856 3.28959
0.857 3.28775
0.858 3.2859
0.859 3.28405
0.86 3.28219
0.861 3.28033
0.862 3.27846
0.863 3.27658
0.864 3.27471
0.865 3.27282
0.866 3.27094
0.867 3.26905
0.868 3.26716
0.869 3.26526
0.87 3.26337
0.871 3.26147
0.872 3.25957
0.873 3.25768
0.874 3.25578
0.875 3.25389
0.876 3.25199
0.877 3.2501
0.878 3.24821
0.879 3.24633
0.88 3.24445
0.881 3.24257
0.882 3.24069
0.883 3.23882
0.884 3.23696
0.885 3.2351
0.886 3.23325
0.887 3.2314
0.888 3.22956
0.889 3.22773
0.89 3.2259
0.891 3.22408
0.892 3.22228
0.893 3.22048
0.894 3.21869
0.895 3.21691
0.896 3.21513
0.897 3.21337
0.898 3.21162
0.899 3.20989
0.9 3.20816
0.901 3.20644
0.902 3.20474
0.903 3.20305
0.904 3.20137
0.905 3.1997
0.906 3.19805
0.907 3.19641
0.908 3.19478
0.909 3.19317
0.91 3.19157
0.911 3.18999
0.912 3.18842
0.913 3.18686
0.914 3.18532
0.915 3.1838
0.916 3.18229
0.917 3.18079
0.918 3.17931
0.919 3.17785
0.92 3.1764
0.921 3.17497
0.922 3.17356
0.923 3.17216
0.924 3.17077
0.925 3.16941
0.926 3.16806
0.927 3.16672
0.928 3.16541
0.929 3.16411
0.93 3.16282
0.931 3.16156
0.932 3.16031
0.933 3.15907
0.934 3.15786
0.935 3.15666
0.936 3.15547
0.937 3.15431
0.938 3.15316
0.939 3.15202
0.94 3.15091
0.941 3.14981
0.942 3.14873
0.943 3.14766
0.944 3.14661
0.945 3.14558
0.946 3.14456
0.947 3.14356
0.948 3.14258
0.949 3.14161
0.95 3.14066
0.951 3.13972
0.952 3.1388
0.953 3.1379
0.954 3.13701
0.955 3.13614
0.956 3.13528
0.957 3.13444
0.958 3.13361
0.959 3.1328
0.96 3.13201
0.961 3.13123
0.962 3.13046
0.963 3.12971
0.964 3.12897
0.965 3.12825
0.966 3.12754
0.967 3.12685
0.968 3.12617
0.969 3.1255
0.97 3.12485
0.971 3.12421
0.972 3.12359
0.973 3.12297
0.974 3.12238
0.975 3.12179
0.976 3.12122
0.977 3.12066
0.978 3.12011
0.979 3.11957
0.98 3.11905
0.981 3.11854
0.982 3.11804
0.983 3.11755
0.984 3.11708
0.985 3.11661
0.986 3.11616
0.987 3.11572
0.988 3.11529
0.989 3.11487
0.99 3.11446
0.991 3.11406
0.992 3.11367
0.993 3.1133
0.994 3.11293
0.995 3.11257
0.996 3.11222
0.997 3.11189
0.998 3.11156
0.999 3.11124
1 3.11093
1.001 5
