0 0
0.001 0.67314
0.002 0.678492
0.003 0.68384
0.004 0.689185
0.005 0.694525
0.006 0.699861
0.007 0.705192
0.008 0.710519
0.009 0.71584
0.01 0.721157
0.011 0.726467
0.012 0.731773
0.013 0.737072
0.014 0.742365
0.015 0.747652
0.016 0.752933
0.017 0.758207
0.018 0.763474
0.019 0.768733
0.02 0.773986
0.021 0.779231
0.022 0.784468
0.023 0.789698
0.024 0.794919
0.025 0.800132
0.026 0.805337
0.027 0.810533
0.028 0.815721
0.029 0.820899
0.03 0.826068
0.031 0.831229
0.032 0.836379
0.033 0.84152
0.034 0.846651
0.035 0.851773
0.036 0.856884
0.037 0.861985
0.038 0.867076
0.039 0.872157
0.04 0.877227
0.041 0.882286
0.042 0.887334
0.043 0.892372
0.044 0.897398
0.045 0.902413
0.046 0.907417
0.047 0.91241
0.048 0.917391
0.049 0.922361
0.05 0.927319
0.051 0.932265
0.052 0.9372
0.053 0.942123
0.054 0.947034
0.055 0.951933
0.056 0.956819
0.057 0.961694
0.058 0.966557
0.059 0.971407
0.06 0.976246
0.061 0.981072
0.062 0.985886
0.063 0.990687
0.064 0.995476
0.065 1.00025
0.066 1.00502
0.067 1.00977
0.068 1.01451
0.069 1.01924
0.07 1.02395
0.071 1.02865
0.072 1.03334
0.073 1.03802
0.074 1.04269
0.075 1.04734
0.076 1.05198
0.077 1.05661
0.078 1.06122
0.079 1.06583
0.08 1.07042
0.081 1.075
0.082 1.07957
0.083 1.08412
0.084 1.08867
0.085 1.0932
0.086 1.09772
0.087 1.10223
0.088 1.10672
0.089 1.11121
0.09 1.11568
0.091 1.12014
0.092 1.12459
0.093 1.12903
0.094 1.13346
0.095 1.13787
0.096 1.14228
0.097 1.14667
0.098 1.15105
0.099 1.15543
0.1 1.15979
0.101 1.16414
0.102 1.16848
0.103 1.17281
0.104 1.17713
0.105 1.18143
0.106 1.18573
0.107 1.19002
0.108 1.1943
0.109 1.19857
0.11 1.20282
0.111 1.20707
0.112 1.21131
0.113 1.21554
0.114 1.21976
0.115 1.22397
0.116 1.22817
0.117 1.23237
0.118 1.23655
0.119 1.24072
0.12 1.24489
0.121 1.24905
0.122 1.2532
0.123 1.25734
0.124 1.26147
0.125 1.26559
0.126 1.26971
0.127 1.27382
0.128 1.27792
0.129 1.28201
0.13 1.28609
0.131 1.29017
0.132 1.29424
0.133 1.29831
0.134 1.30236
0.135 1.30641
0.136 1.31045
0.137 1.31449
0.138 1.31851
0.139 1.32254
0.14 1.32655
0.141 1.33056
0.142 1.33456
0.143 1.33856
0.144 1.34255
0.145 1.34654
0.146 1.35052
0.147 1.35449
0.148 1.35846
0.149 1.36242
0.15 1.36638
0.151 1.37033
0.152 1.37428
0.153 1.37822
0.154 1.38216
0.155 1.38609
0.156 1.39002
0.157 1.39394
0.158 1.39786
0.159 1.40177
0.16 1.40568
0.161 1.40959
0.162 1.41349
0.163 1.41739
0.164 1.42129
0.165 1.42518
0.166 1.42906
0.167 1.43295
0.168 1.43683
0.169 1.4407
0.17 1.44458
0.171 1.44845
0.172 1.45232
0.173 1.45618
0.174 1.46005
0.175 1.46391
0.176 1.46776
0.177 1.47162
0.178 1.47547
0.179 1.47932
0.18 1.48317
0.181 1.48701
0.182 1.49086
0.183 1.4947
0.184 1.49854
0.185 1.50238
0.186 1.50622
0.187 1.51005
0.188 1.51389
0.189 1.51772
0.19 1.52155
0.191 1.52538
0.192 1.52921
0.193 1.53304
0.194 1.53687
0.195 1.54069
0.196 1.54452
0.197 1.54835
0.198 1.55217
0.199 1.556
0.2 1.55982
0.201 1.56365
0.202 1.56747
0.203 1.5713
0.204 1.57512
0.205 1.57895
0.206 1.58277
0.207 1.5866
0.208 1.59042
0.209 1.59425
0.21 1.59808
0.211 1.6019
0.212 1.60573
0.213 1.60956
0.214 1.61339
0.215 1.61722
0.216 1.62106
0.217 1.62489
0.218 1.62872
0.219 1.63256
0.22 1.6364
0.221 1.64024
0.222 1.64408
0.223 1.64792
0.224 1.65176
0.225 1.65561
0.226 1.65945
0.227 1.6633
0.228 1.66716
0.229 1.67101
0.23 1.67486
0.231 1.67872
0.232 1.68258
0.233 1.68645
0.234 1.69031
0.235 1.69418
0.236 1.69805
0.237 1.70192
0.238 1.7058
0.239 1.70967
0.24 1.71355
0.241 1.71744
0.242 1.72133
0.243 1.72522
0.244 1.72911
0.245 1.733
0.246 1.7369
0.247 1.74081
0.248 1.74471
0.249 1.74862
0.25 1.75253
0.251 1.75645
0.252 1.76037
0.253 1.76429
0.254 1.76822
0.255 1.77215
0.256 1.77609
0.257 1.78003
0.258 1.78397
0.259 1.78791
0.26 1.79186
0.261 1.79582
0.262 1.79978
0.263 1.80374
0.264 1.80771
0.265 1.81168
0.266 1.81565
0.267 1.81963
0.268 1.82362
0.269 1.8276
0.27 1.8316
0.271 1.83559
0.272 1.8396
0.273 1.8436
0.274 1.84761
0.275 1.85163
0.276 1.85565
0.277 1.85967
0.278 1.8637
0.279 1.86774
0.28 1.87178
0.281 1.87582
0.282 1.87987
0.283 1.88393
0.284 1.88798
0.285 1.89205
0.286 1.89612
0.287 1.90019
0.288 1.90427
0.289 1.90835
0.29 1.91244
0.291 1.91654
0.292 1.92064
0.293 1.92474
0.294 1.92885
0.295 1.93297
0.296 1.93709
0.297 1.94122
0.298 1.94535
0.299 1.94948
0.3 1.95363
0.301 1.95777
0.302 1.96193
0.303 1.96609
0.304 1.97025
0.305 1.97442
0.306 1.9786
0.307 1.98278
0.308 1.98696
0.309 1.99115
0.31 1.99535
0.311 1.99956
0.312 2.00376
0.313 2.00798
0.314 2.0122
0.315 2.01643
0.316 2.02066
0.317 2.02489
0.318 2.02914
0.319 2.03339
0.32 2.03764
0.321 2.0419
0.322 2.04617
0.323 2.05044
0.324 2.05472
0.325 2.05901
0.326 2.0633
0.327 2.06759
0.328 2.0719
0.329 2.0762
0.33 2.08052
0.331 2.08484
0.332 2.08917
0.333 2.0935
0.334 2.09784
0.335 2.10218
0.336 2.10654
0.337 2.11089
0.338 2.11526
0.339 2.11963
0.34 2.124
0.341 2.12839
0.342 2.13277
0.343 2.13717
0.344 2.14157
0.345 2.14598
0.346 2.15039
0.347 2.15481
0.348 2.15924
0.349 2.16368
0.35 2.16812
0.351 2.17256
0.352 2.17702
0.353 2.18148
0.354 2.18594
0.355 2.19042
0.356 2.1949
0.357 2.19939
0.358 2.20388
0.359 2.20838
0.36 2.21289
0.361 2.2174
0.362 2.22193
0.363 2.22645
0.364 2.23099
0.365 2.23553
0.366 2.24008
0.367 2.24464
0.368 2.2492
0.369 2.25378
0.37 2.25835
0.371 2.26294
0.372 2.26753
0.373 2.27214
0.374 2.27674
0.375 2.28136
0.376 2.28598
0.377 2.29062
0.378 2.29526
0.379 2.2999
0.38 2.30456
0.381 2.30922
0.382 2.31389
0.383 2.31857
0.384 2.32326
0.385 2.32795
0.386 2.33265
0.387 2.33737
0.388 2.34209
0.389 2.34681
0.39 2.35155
0.391 2.3563
0.392 2.36105
0.393 2.36581
0.394 2.37058
0.395 2.37536
0.396 2.38015
0.397 2.38495
0.398 2.38976
0.399 2.39458
0.4 2.3994
0.401 2.40424
0.402 2.40908
0.403 2.41394
0.404 2.4188
0.405 2.42367
0.406 2.42856
0.407 2.43345
0.408 2.43835
0.409 2.44327
0.41 2.44819
0.411 2.45313
0.412 2.45807
0.413 2.46302
0.414 2.46799
0.415 2.47297
0.416 2.47795
0.417 2.48295
0.418 2.48796
0.419 2.49298
0.42 2.49801
0.421 2.50306
0.422 2.50811
0.423 2.51318
0.424 2.51826
0.425 2.52335
0.426 2.52845
0.427 2.53357
0.428 2.53869
0.429 2.54383
0.43 2.54898
0.431 2.55415
0.432 2.55933
0.433 2.56452
0.434 2.56972
0.435 2.57494
0.436 2.58017
0.437 2.58542
0.438 2.59067
0.439 2.59595
0.44 2.60123
0.441 2.60653
0.442 2.61185
0.443 2.61718
0.444 2.62252
0.445 2.62788
0.446 2.63326
0.447 2.63865
0.448 2.64405
0.449 2.64947
0.45 2.65491
0.451 2.66036
0.452 2.66583
0.453 2.67132
0.454 2.67682
0.455 2.68234
0.456 2.68787
0.457 2.69343
0.458 2.699
0.459 2.70458
0.46 2.71019
0.461 2.71581
0.462 2.72145
0.463 2.72711
0.464 2.73279
0.465 2.73849
0.466 2.74421
0.467 2.74994
0.468 2.7557
0.469 2.76147
0.47 2.76727
0.471 2.77308
0.472 2.77892
0.473 2.78477
0.474 2.79065
0.475 2.79655
0.476 2.80247
0.477 2.80841
0.478 2.81437
0.479 2.82035
0.48 2.82636
0.481 2.83239
0.482 2.83844
0.483 2.84452
0.484 2.85062
0.485 2.85674
0.486 2.86289
0.487 2.86906
0.488 2.87526
0.489 2.88148
0.49 2.88772
0.491 2.89399
0.492 2.90029
0.493 2.90661
0.494 2.91296
0.495 2.91934
0.496 2.92574
0.497 2.93217
0.498 2.93863
0.499 2.94511
0.5 2.95163
0.501 2.95817
0.502 2.96474
0.503 2.97134
0.504 2.97797
0.505 2.98463
0.506 2.99132
0.507 2.99804
0.508 3.00479
0.509 3.01157
0.51 3.01838
0.511 3.02523
0.512 3.0321
0.513 3.03901
0.514 3.04596
0.515 3.05293
0.516 3.05994
0.517 3.06699
0.518 3.07407
0.519 3.08118
0.52 3.08833
0.521 3.09551
0.522 3.10273
0.523 3.10999
0.524 3.11728
0.525 3.12462
0.526 3.13198
0.527 3.13939
0.528 3.14684
0.529 3.15432
0.53 3.16185
0.531 3.16941
0.532 3.17701
0.533 3.18466
0.534 3.19234
0.535 3.20007
0.536 3.20784
0.537 3.21565
0.538 3.22351
0.539 3.23141
0.54 3.23935
0.541 3.24734
0.542 3.25537
0.543 3.26345
0.544 3.27157
0.545 3.27974
0.546 3.28796
0.547 3.29622
0.548 3.30453
0.549 3.31289
0.55 3.3213
0.551 3.32976
0.552 3.33827
0.553 3.34683
0.554 3.35543
0.555 3.3641
0.556 3.37281
0.557 3.38157
0.558 3.39039
0.559 3.39927
0.56 3.40819
0.561 3.41717
0.562 3.42621
0.563 3.4353
0.564 3.44445
0.565 3.45366
0.566 3.46292
0.567 3.47224
0.568 3.48162
0.569 3.49106
0.57 3.50056
0.571 3.51012
0.572 3.51975
0.573 3.52943
0.574 3.53918
0.575 3.54898
0.576 3.55886
0.577 3.56879
0.578 3.57879
0.579 3.58886
0.58 3.59899
0.581 3.60919
0.582 3.61946
0.583 3.62979
0.584 3.6402
0.585 3.65067
0.586 3.66121
0.587 3.67182
0.588 3.68251
0.589 3.69326
0.59 3.70409
0.591 3.71499
0.592 3.72596
0.593 3.73701
0.594 3.74813
0.595 3.75933
0.596 3.77061
0.597 3.78196
0.598 3.79339
0.599 3.8049
0.6 3.81648
0.601 3.82815
0.602 3.8399
0.603 3.85172
0.604 3.86363
0.605 3.87562
0.606 3.88769
0.607 3.89985
0.608 3.91209
0.609 3.92441
0.61 3.93682
0.611 3.94931
0.612 3.96189
0.613 3.97456
0.614 3.98732
0.615 4.00016
0.616 4.01309
0.617 4.02612
0.618 4.03923
0.619 4.05243
0.62 4.06572
0.621 4.07911
0.622 4.09259
0.623 4.10615
0.624 4.11982
0.625 4.13357
0.626 4.14743
0.627 4.16137
0.628 4.17541
0.629 4.18955
0.63 4.20378
0.631 4.21811
0.632 4.23254
0.633 4.24706
0.634 4.26168
0.635 4.2764
0.636 4.29122
0.637 4.30614
0.638 4.32116
0.639 4.33628
0.64 4.35149
0.641 4.36681
0.642 4.38223
0.643 4.39775
0.644 4.41337
0.645 4.42909
0.646 4.44492
0.647 4.46084
0.648 4.47687
0.649 4.493
0.65 4.50923
0.651 4.52556
0.652 4.542
0.653 4.55853
0.654 4.57517
0.655 4.59191
0.656 4.60876
0.657 4.6257
0.658 4.64275
0.659 4.6599
0.66 4.67715
0.661 4.6945
0.662 4.71196
0.663 4.72951
0.664 4.74716
0.665 4.76492
0.666 4.78277
0.667 4.80072
0.668 4.81877
0.669 4.83692
0.67 4.85517
0.671 4.87351
0.672 4.89195
0.673 4.91048
0.674 4.92911
0.675 4.94784
0.676 4.96665
0.677 4.98556
0.678 5.00456
0.679 5.02365
0.68 5.04284
0.681 5.0621
0.682 5.08146
0.683 5.1009
0.684 5.12043
0.685 5.14004
0.686 5.15973
0.687 5.1795
0.688 5.19936
0.689 5.21929
0.69 5.2393
0.691 5.25938
0.692 5.27953
0.693 5.29976
0.694 5.32006
0.695 5.34043
0.696 5.36086
0.697 5.38135
0.698 5.40191
0.699 5.42253
0.7 5.44321
0.701 5.46395
0.702 5.48474
0.703 5.50558
0.704 5.52647
0.705 5.54741
0.706 5.5684
0.707 5.58942
0.708 5.61049
0.709 5.6316
0.71 5.65274
0.711 5.67392
0.712 5.69512
0.713 5.71635
0.714 5.73761
0.715 5.75889
0.716 5.78019
0.717 5.8015
0.718 5.82283
0.719 5.84417
0.72 5.86552
0.721 5.88687
0.722 5.90822
0.723 5.92957
0.724 5.95092
0.725 5.97226
0.726 5.99358
0.727 6.0149
0.728 6.03619
0.729 6.05747
0.73 6.07872
0.731 6.09994
0.732 6.12113
0.733 6.14229
0.734 6.16341
0.735 6.18449
0.736 6.20553
0.737 6.22652
0.738 6.24746
0.739 6.26834
0.74 6.28916
0.741 6.30993
0.742 6.33063
0.743 6.35126
0.744 6.37182
0.745 6.3923
0.746 6.4127
0.747 6.43303
0.748 6.45327
0.749 6.47342
0.75 6.49347
0.751 6.51343
0.752 6.5333
0.753 6.55306
0.754 6.57271
0.755 6.59226
0.756 6.6117
0.757 6.63102
0.758 6.65022
0.759 6.6693
0.76 6.68826
0.761 6.70709
0.762 6.72579
0.763 6.74436
0.764 6.76279
0.765 6.78108
0.766 6.79923
0.767 6.81724
0.768 6.8351
0.769 6.85281
0.77 6.87037
0.771 6.88778
0.772 6.90503
0.773 6.92212
0.774 6.93905
0.775 6.95581
0.776 6.97241
0.777 6.98885
0.778 7.00511
0.779 7.0212
0.78 7.03712
0.781 7.05286
0.782 7.06843
0.783 7.08382
0.784 7.09903
0.785 7.11406
0.786 7.1289
0.787 7.14357
0.788 7.15805
0.789 7.17234
0.79 7.18645
0.791 7.20036
0.792 7.21409
0.793 7.22764
0.794 7.24099
0.795 7.25415
0.796 7.26712
0.797 7.2799
0.798 7.29249
0.799 7.30488
0.8 7.31709
0.801 7.3291
0.802 7.34092
0.803 7.35255
0.804 7.36399
0.805 7.37523
0.806 7.38629
0.807 7.39715
0.808 7.40783
0.809 7.41831
0.81 7.42861
0.811 7.43872
0.812 7.44864
0.813 7.45837
0.814 7.46792
0.815 7.47728
0.816 7.48646
0.817 7.49545
0.818 7.50427
0.819 7.5129
0.82 7.52135
0.821 7.52963
0.822 7.53773
0.823 7.54565
0.824 7.55341
0.825 7.56098
0.826 7.56839
0.827 7.57563
0.828 7.5827
0.829 7.5896
0.83 7.59635
0.831 7.60292
0.832 7.60934
0.833 7.6156
0.834 7.6217
0.835 7.62764
0.836 7.63343
0.837 7.63907
0.838 7.64456
0.839 7.6499
0.84 7.6551
0.841 7.66015
0.842 7.66506
0.843 7.66983
0.844 7.67446
0.845 7.67896
0.846 7.68332
0.847 7.68754
0.848 7.69164
0.849 7.69561
0.85 7.69945
0.851 7.70317
0.852 7.70677
0.853 7.71025
0.854 7.71361
0.855 7.71685
0.856 7.71998
0.857 7.72299
0.858 7.7259
0.859 7.72869
0.86 7.73138
0.861 7.73397
0.862 7.73645
0.863 7.73884
0.864 7.74112
0.865 7.74331
0.866 7.7454
0.867 7.7474
0.868 7.7493
0.869 7.75112
0.87 7.75285
0.871 7.7545
0.872 7.75606
0.873 7.75754
0.874 7.75893
0.875 7.76025
0.876 7.76149
0.877 7.76266
0.878 7.76375
0.879 7.76477
0.88 7.76571
0.881 7.76659
0.882 7.7674
0.883 7.76815
0.884 7.76883
0.885 7.76945
0.886 7.77
0.887 7.7705
0.888 7.77093
0.889 7.77131
0.89 7.77164
0.891 7.7719
0.892 7.77212
0.893 7.77228
0.894 7.77239
0.895 7.77245
0.896 7.77247
0.897 7.77244
0.898 7.77236
0.899 7.77223
0.9 7.77206
0.901 7.77185
0.902 7.7716
0.903 7.77131
0.904 7.77098
0.905 7.77061
0.906 7.7702
0.907 7.76976
0.908 7.76928
0.909 7.76877
0.91 7.76823
0.911 7.76765
0.912 7.76704
0.913 7.7664
0.914 7.76573
0.915 7.76503
0.916 7.76431
0.917 7.76355
0.918 7.76277
0.919 7.76196
0.92 7.76113
0.921 7.76028
0.922 7.7594
0.923 7.7585
0.924 7.75757
0.925 7.75663
0.926 7.75566
0.927 7.75468
0.928 7.75367
0.929 7.75265
0.93 7.7516
0.931 7.75054
0.932 7.74946
0.933 7.74837
0.934 7.74726
0.935 7.74613
0.936 7.74499
0.937 7.74383
0.938 7.74266
0.939 7.74148
0.94 7.74028
0.941 7.73907
0.942 7.73785
0.943 7.73662
0.944 7.73537
0.945 7.73412
0.946 7.73285
0.947 7.73157
0.948 7.73029
0.949 7.72899
0.95 7.72768
0.951 7.72637
0.952 7.72505
0.953 7.72372
0.954 7.72238
0.955 7.72103
0.956 7.71968
0.957 7.71832
0.958 7.71695
0.959 7.71558
0.96 7.7142
0.961 7.71281
0.962 7.71142
0.963 7.71003
0.964 7.70862
0.965 7.70722
0.966 7.70581
0.967 7.70439
0.968 7.70297
0.969 7.70155
0.97 7.70012
0.971 7.69869
0.972 7.69726
0.973 7.69582
0.974 7.69438
0.975 7.69294
0.976 7.69149
0.977 7.69004
0.978 7.68859
0.979 7.68714
0.98 7.68568
0.981 7.68423
0.982 7.68277
0.983 7.6813
0.984 7.67984
0.985 7.67838
0.986 7.67691
0.987 7.67545
0.988 7.67398
0.989 7.67251
0.99 7.67104
0.991 7.66957
0.992 7.6681
0.993 7.66663
0.994 7.66516
0.995 7.66368
0.996 7.66221
0.997 7.66074
0.998 7.65926
0.999 7.65779
1 7.65632
1.001 0
