0 5
0.001 3.1199
0.002 3.11766
0.003 3.11544
0.004 3.11322
0.005 3.11102
0.006 3.10883
0.007 3.10664
0.008 3.10447
0.009 3.10231
0.01 3.10016
0.011 3.09802
0.012 3.0959
0.013 3.09378
0.014 3.09168
0.015 3.08959
0.016 3.08752
0.017 3.08545
0.018 3.0834
0.019 3.08136
0.02 3.07934
0.021 3.07733
0.022 3.07534
0.023 3.07335
0.024 3.07139
0.025 3.06944
0.026 3.0675
0.027 3.06557
0.028 3.06367
0.029 3.06178
0.03 3.0599
0.031 3.05804
0.032 3.05619
0.033 3.05437
0.034 3.05255
0.035 3.05076
0.036 3.04898
0.037 3.04722
0.038 3.04547
0.039 3.04375
0.04 3.04204
0.041 3.04034
0.042 3.03867
0.043 3.03701
0.044 3.03537
0.045 3.03375
0.046 3.03215
0.047 3.03057
0.048 3.029
0.049 3.02746
0.05 3.02593
0.051 3.02442
0.052 3.02294
0.053 3.02147
0.054 3.02002
0.055 3.01859
0.056 3.01718
0.057 3.01579
0.058 3.01442
0.059 3.01307
0.06 3.01174
0.061 3.01043
0.062 3.00914
0.063 3.00787
0.064 3.00662
0.065 3.00539
0.066 3.00419
0.067 3.003
0.068 3.00184
0.069 3.00069
0.07 2.99957
0.071 2.99847
0.072 2.99738
0.073 2.99632
0.074 2.99529
0.075 2.99427
0.076 2.99327
0.077 2.9923
0.078 2.99134
0.079 2.99041
0.08 2.9895
0.081 2.98861
0.082 2.98774
0.083 2.98689
0.084 2.98607
0.085 2.98526
0.086 2.98448
0.087 2.98372
0.088 2.98298
0.089 2.98226
0.09 2.98156
0.091 2.98088
0.092 2.98023
0.093 2.97959
0.094 2.97898
0.095 2.97838
0.096 2.97781
0.097 2.97726
0.098 2.97673
0.099 2.97622
0.1 2.97573
0.101 2.97527
0.102 2.97482
0.103 2.97439
0.104 2.97399
0.105 2.9736
0.106 2.97324
0.107 2.97289
0.108 2.97257
0.109 2.97226
0.11 2.97197
0.111 2.97171
0.112 2.97146
0.113 2.97124
0.114 2.97103
0.115 2.97084
0.116 2.97067
0.117 2.97052
0.118 2.97039
0.119 2.97028
0.12 2.97019
0.121 2.97011
0.122 2.97005
0.123 2.97002
0.124 2.97
0.125 2.96999
0.126 2.97001
0.127 2.97004
0.128 2.97009
0.129 2.97016
0.13 2.97025
0.131 2.97035
0.132 2.97047
0.133 2.9706
0.134 2.97076
0.135 2.97093
0.136 2.97111
0.137 2.97131
0.138 2.97153
0.139 2.97176
0.14 2.97201
0.141 2.97228
0.142 2.97256
0.143 2.97285
0.144 2.97316
0.145 2.97349
0.146 2.97382
0.147 2.97418
0.148 2.97455
0.149 2.97493
0.15 2.97532
0.151 2.97573
0.152 2.97616
0.153 2.97659
0.154 2.97704
0.155 2.97751
0.156 2.97798
0.157 2.97847
0.158 2.97897
0.159 2.97949
0.16 2.98001
0.161 2.98055
0.162 2.9811
0.163 2.98166
0.164 2.98224
0.165 2.98282
0.166 2.98342
0.167 2.98403
0.168 2.98464
0.169 2.98527
0.17 2.98591
0.171 2.98656
0.172 2.98722
0.173 2.98789
0.174 2.98857
0.175 2.98927
0.176 2.98997
0.177 2.99068
0.178 2.99139
0.179 2.99212
0.18 2.99286
0.181 2.99361
0.182 2.99436
0.183 2.99513
0.184 2.9959
0.185 2.99668
0.186 2.99747
0.187 2.99827
0.188 2.99907
0.189 2.99988
0.19 3.0007
0.191 3.00153
0.192 3.00237
0.193 3.00321
0.194 3.00406
0.195 3.00492
0.196 3.00578
0.197 3.00665
0.198 3.00753
0.199 3.00841
0.2 3.0093
0.201 3.0102
0.202 3.0111
0.203 3.01201
0.204 3.01292
0.205 3.01384
0.206 3.01477
0.207 3.0157
0.208 3.01664
0.209 3.01758
0.21 3.01853
0.211 3.01948
0.212 3.02044
0.213 3.0214
0.214 3.02237
0.215 3.02334
0.216 3.02432
0.217 3.0253
0.218 3.02628
0.219 3.02727
0.22 3.02827
0.221 3.02927
0.222 3.03027
0.223 3.03128
0.224 3.03229
0.225 3.0333
0.226 3.03432
0.227 3.03534
0.228 3.03636
0.229 3.03739
0.23 3.03842
0.231 3.03946
0.232 3.0405
0.233 3.04154
0.234 3.04258
0.235 3.04363
0.236 3.04468
0.237 3.04573
0.238 3.04678
0.239 3.04784
0.24 3.0489
0.241 3.04996
0.242 3.05103
0.243 3.05209
0.244 3.05316
0.245 3.05424
0.246 3.05531
0.247 3.05638
0.248 3.05746
0.249 3.05854
0.25 3.05962
0.251 3.0607
0.252 3.06179
0.253 3.06287
0.254 3.06396
0.255 3.06505
0.256 3.06614
0.257 3.06723
0.258 3.06832
0.259 3.06942
0.26 3.07051
0.261 3.07161
0.262 3.07271
0.263 3.07381
0.264 3.0749
0.265 3.076
0.266 3.0771
0.267 3.07821
0.268 3.07931
0.269 3.08041
0.27 3.08151
0.271 3.08262
0.272 3.08372
0.273 3.08482
0.274 3.08593
0.275 3.08703
0.276 3.08814
0.277 3.08924
0.278 3.09035
0.279 3.09145
0.28 3.09256
0.281 3.09366
0.282 3.09477
0.283 3.09587
0.284 3.09698
0.285 3.09808
0.286 3.09918
0.287 3.10029
0.288 3.10139
0.289 3.10249
0.29 3.1036
0.291 3.1047
0.292 3.1058
0.293 3.1069
0.294 3.108
0.295 3.10909
0.296 3.11019
0.297 3.11129
0.298 3.11238
0.299 3.11348
0.3 3.11457
0.301 3.11567
0.302 3.11676
0.303 3.11785
0.304 3.11894
0.305 3.12002
0.306 3.12111
0.307 3.1222
0.308 3.12328
0.309 3.12436
0.31 3.12544
0.311 3.12652
0.312 3.1276
0.313 3.12868
0.314 3.12975
0.315 3.13083
0.316 3.1319
0.317 3.13297
0.318 3.13404
0.319 3.1351
0.32 3.13617
0.321 3.13723
0.322 3.13829
0.323 3.13935
0.324 3.1404
0.325 3.14146
0.326 3.14251
0.327 3.14356
0.328 3.14461
0.329 3.14566
0.33 3.1467
0.331 3.14774
0.332 3.14878
0.333 3.14982
0.334 3.15085
0.335 3.15188
0.336 3.15291
0.337 3.15394
0.338 3.15497
0.339 3.15599
0.34 3.15701
0.341 3.15803
0.342 3.15904
0.343 3.16005
0.344 3.16106
0.345 3.16207
0.346 3.16308
0.347 3.16408
0.348 3.16508
0.349 3.16607
0.35 3.16707
0.351 3.16806
0.352 3.16905
0.353 3.17003
0.354 3.17101
0.355 3.17199
0.356 3.17297
0.357 3.17394
0.358 3.17491
0.359 3.17588
0.36 3.17684
0.361 3.17781
0.362 3.17876
0.363 3.17972
0.364 3.18067
0.365 3.18162
0.366 3.18257
0.367 3.18351
0.368 3.18445
0.369 3.18539
0.37 3.18632
0.371 3.18725
0.372 3.18818
0.373 3.1891
0.374 3.19002
0.375 3.19094
0.376 3.19185
0.377 3.19277
0.378 3.19367
0.379 3.19458
0.38 3.19548
0.381 3.19638
0.382 3.19727
0.383 3.19816
0.384 3.19905
0.385 3.19993
0.386 3.20081
0.387 3.20169
0.388 3.20257
0.389 3.20344
0.39 3.2043
0.391 3.20517
0.392 3.20603
0.393 3.20689
0.394 3.20774
0.395 3.20859
0.396 3.20944
0.397 3.21028
0.398 3.21112
0.399 3.21195
0.4 3.21279
0.401 3.21362
0.402 3.21444
0.403 3.21526
0.404 3.21608
0.405 3.2169
0.406 3.21771
0.407 3.21852
0.408 3.21932
0.409 3.22012
0.41 3.22092
0.411 3.22172
0.412 3.22251
0.413 3.22329
0.414 3.22408
0.415 3.22486
0.416 3.22563
0.417 3.22641
0.418 3.22718
0.419 3.22794
0.42 3.2287
0.421 3.22946
0.422 3.23022
0.423 3.23097
0.424 3.23172
0.425 3.23246
0.426 3.2332
0.427 3.23394
0.428 3.23467
0.429 3.23541
0.43 3.23613
0.431 3.23686
0.432 3.23757
0.433 3.23829
0.434 3.239
0.435 3.23971
0.436 3.24042
0.437 3.24112
0.438 3.24182
0.439 3.24251
0.44 3.2432
0.441 3.24389
0.442 3.24458
0.443 3.24526
0.444 3.24593
0.445 3.24661
0.446 3.24728
0.447 3.24795
0.448 3.24861
0.449 3.24927
0.45 3.24992
0.451 3.25058
0.452 3.25123
0.453 3.25187
0.454 3.25251
0.455 3.25315
0.456 3.25379
0.457 3.25442
0.458 3.25505
0.459 3.25567
0.46 3.25629
0.461 3.25691
0.462 3.25752
0.463 3.25813
0.464 3.25874
0.465 3.25935
0.466 3.25995
0.467 3.26054
0.468 3.26114
0.469 3.26173
0.47 3.26231
0.471 3.26289
0.472 3.26347
0.473 3.26405
0.474 3.26462
0.475 3.26519
0.476 3.26576
0.477 3.26632
0.478 3.26688
0.479 3.26743
0.48 3.26798
0.481 3.26853
0.482 3.26908
0.483 3.26962
0.484 3.27016
0.485 3.27069
0.486 3.27122
0.487 3.27175
0.488 3.27227
0.489 3.27279
0.49 3.27331
0.491 3.27382
0.492 3.27433
0.493 3.27484
0.494 3.27534
0.495 3.27584
0.496 3.27634
0.497 3.27683
0.498 3.27732
0.499 3.27781
0.5 3.27829
0.501 3.27877
0.502 3.27925
0.503 3.27972
0.504 3.28019
0.505 3.28066
0.506 3.28112
0.507 3.28158
0.508 3.28203
0.509 3.28248
0.51 3.28293
0.511 3.28338
0.512 3.28382
0.513 3.28426
0.514 3.28469
0.515 3.28512
0.516 3.28555
0.517 3.28597
0.518 3.28639
0.519 3.28681
0.52 3.28722
0.521 3.28763
0.522 3.28804
0.523 3.28844
0.524 3.28884
0.525 3.28924
0.526 3.28963
0.527 3.29002
0.528 3.29041
0.529 3.29079
0.53 3.29117
0.531 3.29154
0.532 3.29192
0.533 3.29228
0.534 3.29265
0.535 3.29301
0.536 3.29337
0.537 3.29372
0.538 3.29407
0.539 3.29442
0.54 3.29476
0.541 3.2951
0.542 3.29544
0.543 3.29577
0.544 3.2961
0.545 3.29642
0.546 3.29674
0.547 3.29706
0.548 3.29737
0.549 3.29768
0.55 3.29799
0.551 3.29829
0.552 3.29859
0.553 3.29889
0.554 3.29918
0.555 3.29947
0.556 3.29975
0.557 3.30003
0.558 3.30031
0.559 3.30058
0.56 3.30085
0.561 3.30112
0.562 3.30138
0.563 3.30163
0.564 3.30189
0.565 3.30214
0.566 3.30238
0.567 3.30262
0.568 3.30286
0.569 3.30309
0.57 3.30332
0.571 3.30355
0.572 3.30377
0.573 3.30399
0.574 3.3042
0.575 3.30441
0.576 3.30462
0.577 3.30482
0.578 3.30501
0.579 3.30521
0.58 3.30539
0.581 3.30558
0.582 3.30576
0.583 3.30593
0.584 3.3061
0.585 3.30627
0.586 3.30643
0.587 3.30659
0.588 3.30674
0.589 3.30689
0.59 3.30703
0.591 3.30717
0.592 3.3073
0.593 3.30743
0.594 3.30756
0.595 3.30768
0.596 3.30779
0.597 3.3079
0.598 3.30801
0.599 3.30811
0.6 3.3082
0.601 3.30829
0.602 3.30838
0.603 3.30846
0.604 3.30853
0.605 3.3086
0.606 3.30866
0.607 3.30872
0.608 3.30877
0.609 3.30882
0.61 3.30886
0.611 3.30889
0.612 3.30892
0.613 3.30895
0.614 3.30896
0.615 3.30898
0.616 3.30898
0.617 3.30898
0.618 3.30897
0.619 3.30896
0.62 3.30894
0.621 3.30891
0.622 3.30888
0.623 3.30884
0.624 3.30879
0.625 3.30874
0.626 3.30868
0.627 3.30861
0.628 3.30853
0.629 3.30845
0.63 3.30836
0.631 3.30826
0.632 3.30816
0.633 3.30804
0.634 3.30792
0.635 3.30779
0.636 3.30765
0.637 3.30751
0.638 3.30735
0.639 3.30719
0.64 3.30701
0.641 3.30683
0.642 3.30664
0.643 3.30644
0.644 3.30623
0.645 3.30601
0.646 3.30578
0.647 3.30554
0.648 3.30529
0.649 3.30503
0.65 3.30476
0.651 3.30448
0.652 3.30419
0.653 3.30389
0.654 3.30357
0.655 3.30325
0.656 3.30291
0.657 3.30256
0.658 3.3022
0.659 3.30182
0.66 3.30144
0.661 3.30104
0.662 3.30063
0.663 3.3002
0.664 3.29976
0.665 3.29931
0.666 3.29884
0.667 3.29836
0.668 3.29786
0.669 3.29735
0.67 3.29683
0.671 3.29629
0.672 3.29573
0.673 3.29516
0.674 3.29457
0.675 3.29397
0.676 3.29335
0.677 3.29271
0.678 3.29206
0.679 3.29139
0.68 3.2907
0.681 3.28999
0.682 3.28927
0.683 3.28853
0.684 3.28776
0.685 3.28698
0.686 3.28618
0.687 3.28536
0.688 3.28453
0.689 3.28367
0.69 3.28279
0.691 3.28189
0.692 3.28097
0.693 3.28003
0.694 3.27907
0.695 3.27808
0.696 3.27708
0.697 3.27605
0.698 3.275
0.699 3.27393
0.7 3.27283
0.701 3.27172
0.702 3.27058
0.703 3.26941
0.704 3.26823
0.705 3.26702
0.706 3.26578
0.707 3.26453
0.708 3.26324
0.709 3.26194
0.71 3.26061
0.711 3.25925
0.712 3.25787
0.713 3.25647
0.714 3.25504
0.715 3.25359
0.716 3.25211
0.717 3.2506
0.718 3.24908
0.719 3.24752
0.72 3.24595
0.721 3.24434
0.722 3.24272
0.723 3.24106
0.724 3.23939
0.725 3.23768
0.726 3.23596
0.727 3.23421
0.728 3.23243
0.729 3.23063
0.73 3.22881
0.731 3.22696
0.732 3.2251
0.733 3.2232
0.734 3.22129
0.735 3.21935
0.736 3.21739
0.737 3.2154
0.738 3.2134
0.739 3.21137
0.74 3.20933
0.741 3.20726
0.742 3.20517
0.743 3.20307
0.744 3.20094
0.745 3.1988
0.746 3.19664
0.747 3.19446
0.748 3.19226
0.749 3.19005
0.75 3.18782
0.751 3.18557
0.752 3.18331
0.753 3.18104
0.754 3.17875
0.755 3.17645
0.756 3.17414
0.757 3.17182
0.758 3.16949
0.759 3.16714
0.76 3.16479
0.761 3.16243
0.762 3.16006
0.763 3.15769
0.764 3.15531
0.765 3.15292
0.766 3.15053
0.767 3.14814
0.768 3.14574
0.769 3.14334
0.77 3.14094
0.771 3.13854
0.772 3.13614
0.773 3.13374
0.774 3.13134
0.775 3.12895
0.776 3.12656
0.777 3.12417
0.778 3.12179
0.779 3.11941
0.78 3.11705
0.781 3.11468
0.782 3.11233
0.783 3.10999
0.784 3.10766
0.785 3.10534
0.786 3.10303
0.787 3.10073
0.788 3.09844
0.789 3.09617
0.79 3.09391
0.791 3.09167
0.792 3.08945
0.793 3.08724
0.794 3.08504
0.795 3.08287
0.796 3.08071
0.797 3.07857
0.798 3.07645
0.799 3.07435
0.8 3.07227
0.801 3.07022
0.802 3.06818
0.803 3.06617
0.804 3.06417
0.805 3.0622
0.806 3.06026
0.807 3.05833
0.808 3.05643
0.809 3.05456
0.81 3.05271
0.811 3.05088
0.812 3.04908
0.813 3.04731
0.814 3.04556
0.815 3.04383
0.816 3.04214
0.817 3.04046
0.818 3.03882
0.819 3.0372
0.82 3.03561
0.821 3.03404
0.822 3.0325
0.823 3.03099
0.824 3.0295
0.825 3.02804
0.826 3.02661
0.827 3.02521
0.828 3.02383
0.829 3.02248
0.83 3.02115
0.831 3.01985
0.832 3.01858
0.833 3.01734
0.834 3.01612
0.835 3.01492
0.836 3.01376
0.837 3.01262
0.838 3.0115
0.839 3.01041
0.84 3.00935
0.841 3.00831
0.842 3.00729
0.843 3.0063
0.844 3.00534
0.845 3.0044
0.846 3.00348
0.847 3.00258
0.848 3.00171
0.849 3.00087
0.85 3.00004
0.851 2.99924
0.852 2.99846
0.853 2.99771
0.854 2.99697
0.855 2.99626
0.856 2.99557
0.857 2.9949
0.858 2.99425
0.859 2.99362
0.86 2.99301
0.861 2.99242
0.862 2.99185
0.863 2.99129
0.864 2.99076
0.865 2.99025
0.866 2.98975
0.867 2.98927
0.868 2.98881
0.869 2.98837
0.87 2.98794
0.871 2.98753
0.872 2.98714
0.873 2.98676
0.874 2.9864
0.875 2.98605
0.876 2.98572
0.877 2.9854
0.878 2.9851
0.879 2.98481
0.88 2.98454
0.881 2.98428
0.882 2.98403
0.883 2.9838
0.884 2.98358
0.885 2.98337
0.886 2.98317
0.887 2.98299
0.888 2.98282
0.889 2.98266
0.89 2.98251
0.891 2.98237
0.892 2.98224
0.893 2.98212
0.894 2.98202
0.895 2.98192
0.896 2.98183
0.897 2.98176
0.898 2.98169
0.899 2.98163
0.9 2.98158
0.901 2.98154
0.902 2.98151
0.903 2.98148
0.904 2.98146
0.905 2.98146
0.906 2.98146
0.907 2.98146
0.908 2.98148
0.909 2.9815
0.91 2.98153
0.911 2.98156
0.912 2.9816
0.913 2.98165
0.914 2.98171
0.915 2.98177
0.916 2.98183
0.917 2.9819
0.918 2.98198
0.919 2.98207
0.92 2.98216
0.921 2.98225
0.922 2.98235
0.923 2.98245
0.924 2.98256
0.925 2.98268
0.926 2.98279
0.927 2.98292
0.928 2.98304
0.929 2.98318
0.93 2.98331
0.931 2.98345
0.932 2.9836
0.933 2.98374
0.934 2.98389
0.935 2.98405
0.936 2.98421
0.937 2.98437
0.938 2.98453
0.939 2.9847
0.94 2.98487
0.941 2.98505
0.942 2.98522
0.943 2.9854
0.944 2.98559
0.945 2.98577
0.946 2.98596
0.947 2.98615
0.948 2.98635
0.949 2.98654
0.95 2.98674
0.951 2.98694
0.952 2.98715
0.953 2.98735
0.954 2.98756
0.955 2.98777
0.956 2.98798
0.957 2.98819
0.958 2.98841
0.959 2.98863
0.96 2.98884
0.961 2.98907
0.962 2.98929
0.963 2.98951
0.964 2.98974
0.965 2.98997
0.966 2.99019
0.967 2.99042
0.968 2.99066
0.969 2.99089
0.97 2.99112
0.971 2.99136
0.972 2.9916
0.973 2.99184
0.974 2.99208
0.975 2.99232
0.976 2.99256
0.977 2.9928
0.978 2.99305
0.979 2.99329
0.98 2.99354
0.981 2.99379
0.982 2.99404
0.983 2.99429
0.984 2.99454
0.985 2.99479
0.986 2.99504
0.987 2.9953
0.988 2.99555
0.989 2.99581
0.99 2.99606
0.991 2.99632
0.992 2.99658
0.993 2.99684
0.994 2.99709
0.995 2.99735
0.996 2.99762
0.997 2.99788
0.998 2.99814
0.999 2.9984
1 2.99866
1.001 5
