0 -10
0.001 -5.56113
0.002 -5.54856
0.003 -5.53598
0.004 -5.52342
0.005 -5.51085
0.006 -5.4983
0.007 -5.48575
0.008 -5.47321
0.009 -5.46067
0.01 -5.44815
0.011 -5.43563
0.012 -5.42312
0.013 -5.41063
0.014 -5.39814
0.015 -5.38567
0.016 -5.3732
0.017 -5.36075
0.018 -5.34831
0.019 -5.33588
0.02 -5.32347
0.021 -5.31107
0.022 -5.29869
0.023 -5.28632
0.024 -5.27396
0.025 -5.26163
0.026 -5.2493
0.027 -5.237
0.028 -5.22471
0.029 -5.21244
0.03 -5.20019
0.031 -5.18796
0.032 -5.17575
0.033 -5.16356
0.034 -5.15138
0.035 -5.13923
0.036 -5.1271
0.037 -5.11499
0.038 -5.1029
0.039 -5.09084
0.04 -5.07879
0.041 -5.06677
0.042 -5.05478
0.043 -5.0428
0.044 -5.03086
0.045 -5.01893
0.046 -5.00703
0.047 -4.99516
0.048 -4.98331
0.049 -4.97149
0.05 -4.95969
0.051 -4.94793
0.052 -4.93618
0.053 -4.92447
0.054 -4.91278
0.055 -4.90112
0.056 -4.88949
0.057 -4.87789
0.058 -4.86632
0.059 -4.85477
0.06 -4.84326
0.061 -4.83177
0.062 -4.82032
0.063 -4.80889
0.064 -4.7975
0.065 -4.78613
0.066 -4.7748
0.067 -4.76349
0.068 -4.75222
0.069 -4.74098
0.07 -4.72977
0.071 -4.71859
0.072 -4.70744
0.073 -4.69633
0.074 -4.68524
0.075 -4.67419
0.076 -4.66317
0.077 -4.65219
0.078 -4.64123
0.079 -4.63031
0.08 -4.61942
0.081 -4.60857
0.082 -4.59774
0.083 -4.58695
0.084 -4.5762
0.085 -4.56547
0.086 -4.55478
0.087 -4.54412
0.088 -4.5335
0.089 -4.52291
0.09 -4.51235
0.091 -4.50182
0.092 -4.49133
0.093 -4.48087
0.094 -4.47045
0.095 -4.46006
0.096 -4.4497
0.097 -4.43938
0.098 -4.42908
0.099 -4.41883
0.1 -4.4086
0.101 -4.39841
0.102 -4.38825
0.103 -4.37813
0.104 -4.36803
0.105 -4.35797
0.106 -4.34795
0.107 -4.33795
0.108 -4.32799
0.109 -4.31807
0.11 -4.30817
0.111 -4.29831
0.112 -4.28848
0.113 -4.27868
0.114 -4.26892
0.115 -4.25919
0.116 -4.24949
0.117 -4.23982
0.118 -4.23018
0.119 -4.22058
0.12 -4.211
0.121 -4.20146
0.122 -4.19196
0.123 -4.18248
0.124 -4.17303
0.125 -4.16362
0.126 -4.15423
0.127 -4.14488
0.128 -4.13556
0.129 -4.12627
0.13 -4.11701
0.131 -4.10778
0.132 -4.09858
0.133 -4.08941
0.134 -4.08027
0.135 -4.07116
0.136 -4.06208
0.137 -4.05303
0.138 -4.04401
0.139 -4.03502
0.14 -4.02606
0.141 -4.01713
0.142 -4.00822
0.143 -3.99935
0.144 -3.9905
0.145 -3.98169
0.146 -3.9729
0.147 -3.96414
0.148 -3.9554
0.149 -3.9467
0.15 -3.93802
0.151 -3.92937
0.152 -3.92075
0.153 -3.91216
0.154 -3.90359
0.155 -3.89505
0.156 -3.88654
0.157 -3.87805
0.158 -3.86959
0.159 -3.86116
0.16 -3.85275
0.161 -3.84437
0.162 -3.83601
0.163 -3.82768
0.164 -3.81938
0.165 -3.8111
0.166 -3.80285
0.167 -3.79462
0.168 -3.78642
0.169 -3.77824
0.17 -3.77009
0.171 -3.76196
0.172 -3.75385
0.173 -3.74577
0.174 -3.73771
0.175 -3.72968
0.176 -3.72167
0.177 -3.71369
0.178 -3.70572
0.179 -3.69779
0.18 -3.68987
0.181 -3.68198
0.182 -3.67411
0.183 -3.66626
0.184 -3.65843
0.185 -3.65063
0.186 -3.64285
0.187 -3.63509
0.188 -3.62735
0.189 -3.61964
0.19 -3.61195
0.191 -3.60427
0.192 -3.59662
0.193 -3.58899
0.194 -3.58138
0.195 -3.57379
0.196 -3.56622
0.197 -3.55868
0.198 -3.55115
0.199 -3.54364
0.2 -3.53616
0.201 -3.52869
0.202 -3.52124
0.203 -3.51381
0.204 -3.5064
0.205 -3.49901
0.206 -3.49164
0.207 -3.48429
0.208 -3.47696
0.209 -3.46965
0.21 -3.46235
0.211 -3.45507
0.212 -3.44781
0.213 -3.44057
0.214 -3.43335
0.215 -3.42615
0.216 -3.41896
0.217 -3.41179
0.218 -3.40464
0.219 -3.3975
0.22 -3.39039
0.221 -3.38329
0.222 -3.3762
0.223 -3.36914
0.224 -3.36209
0.225 -3.35505
0.226 -3.34804
0.227 -3.34104
0.228 -3.33405
0.229 -3.32708
0.23 -3.32013
0.231 -3.3132
0.232 -3.30628
0.233 -3.29937
0.234 -3.29248
0.235 -3.28561
0.236 -3.27875
0.237 -3.27191
0.238 -3.26508
0.239 -3.25827
0.24 -3.25147
0.241 -3.24468
0.242 -3.23792
0.243 -3.23116
0.244 -3.22442
0.245 -3.2177
0.246 -3.21099
0.247 -3.20429
0.248 -3.19761
0.249 -3.19094
0.25 -3.18429
0.251 -3.17765
0.252 -3.17102
0.253 -3.16441
0.254 -3.15781
0.255 -3.15122
0.256 -3.14465
0.257 -3.13809
0.258 -3.13155
0.259 -3.12502
0.26 -3.1185
0.261 -3.11199
0.262 -3.1055
0.263 -3.09902
0.264 -3.09256
0.265 -3.0861
0.266 -3.07966
0.267 -3.07324
0.268 -3.06682
0.269 -3.06042
0.27 -3.05403
0.271 -3.04765
0.272 -3.04129
0.273 -3.03494
0.274 -3.0286
0.275 -3.02227
0.276 -3.01595
0.277 -3.00965
0.278 -3.00336
0.279 -2.99708
0.28 -2.99081
0.281 -2.98456
0.282 -2.97832
0.283 -2.97209
0.284 -2.96587
0.285 -2.95966
0.286 -2.95346
0.287 -2.94728
0.288 -2.94111
0.289 -2.93495
0.29 -2.9288
0.291 -2.92266
0.292 -2.91654
0.293 -2.91042
0.294 -2.90432
0.295 -2.89823
0.296 -2.89215
0.297 -2.88608
0.298 -2.88003
0.299 -2.87398
0.3 -2.86795
0.301 -2.86193
0.302 -2.85591
0.303 -2.84991
0.304 -2.84393
0.305 -2.83795
0.306 -2.83198
0.307 -2.82603
0.308 -2.82008
0.309 -2.81415
0.31 -2.80822
0.311 -2.80231
0.312 -2.79641
0.313 -2.79052
0.314 -2.78464
0.315 -2.77877
0.316 -2.77292
0.317 -2.76707
0.318 -2.76123
0.319 -2.75541
0.32 -2.74959
0.321 -2.74379
0.322 -2.738
0.323 -2.73221
0.324 -2.72644
0.325 -2.72068
0.326 -2.71493
0.327 -2.70919
0.328 -2.70346
0.329 -2.69774
0.33 -2.69203
0.331 -2.68633
0.332 -2.68064
0.333 -2.67496
0.334 -2.66929
0.335 -2.66364
0.336 -2.65799
0.337 -2.65235
0.338 -2.64672
0.339 -2.6411
0.34 -2.6355
0.341 -2.6299
0.342 -2.62431
0.343 -2.61873
0.344 -2.61316
0.345 -2.60761
0.346 -2.60206
0.347 -2.59652
0.348 -2.59099
0.349 -2.58547
0.35 -2.57996
0.351 -2.57446
0.352 -2.56897
0.353 -2.56349
0.354 -2.55801
0.355 -2.55255
0.356 -2.5471
0.357 -2.54165
0.358 -2.53622
0.359 -2.53079
0.36 -2.52537
0.361 -2.51996
0.362 -2.51456
0.363 -2.50917
0.364 -2.50379
0.365 -2.49842
0.366 -2.49305
0.367 -2.4877
0.368 -2.48235
0.369 -2.47701
0.37 -2.47168
0.371 -2.46636
0.372 -2.46105
0.373 -2.45574
0.374 -2.45045
0.375 -2.44516
0.376 -2.43988
0.377 -2.4346
0.378 -2.42934
0.379 -2.42408
0.38 -2.41883
0.381 -2.41359
0.382 -2.40836
0.383 -2.40313
0.384 -2.39791
0.385 -2.3927
0.386 -2.3875
0.387 -2.3823
0.388 -2.37711
0.389 -2.37193
0.39 -2.36675
0.391 -2.36158
0.392 -2.35642
0.393 -2.35126
0.394 -2.34611
0.395 -2.34097
0.396 -2.33583
0.397 -2.3307
0.398 -2.32558
0.399 -2.32046
0.4 -2.31535
0.401 -2.31025
0.402 -2.30515
0.403 -2.30005
0.404 -2.29496
0.405 -2.28988
0.406 -2.2848
0.407 -2.27973
0.408 -2.27466
0.409 -2.2696
0.41 -2.26455
0.411 -2.25949
0.412 -2.25445
0.413 -2.24941
0.414 -2.24437
0.415 -2.23933
0.416 -2.23431
0.417 -2.22928
0.418 -2.22426
0.419 -2.21925
0.42 -2.21423
0.421 -2.20923
0.422 -2.20422
0.423 -2.19922
0.424 -2.19422
0.425 -2.18923
0.426 -2.18424
0.427 -2.17925
0.428 -2.17426
0.429 -2.16928
0.43 -2.1643
0.431 -2.15932
0.432 -2.15435
0.433 -2.14938
0.434 -2.14441
0.435 -2.13944
0.436 -2.13447
0.437 -2.12951
0.438 -2.12455
0.439 -2.11959
0.44 -2.11463
0.441 -2.10967
0.442 -2.10471
0.443 -2.09976
0.444 -2.0948
0.445 -2.08985
0.446 -2.08489
0.447 -2.07994
0.448 -2.07499
0.449 -2.07003
0.45 -2.06508
0.451 -2.06013
0.452 -2.05518
0.453 -2.05022
0.454 -2.04527
0.455 -2.04031
0.456 -2.03536
0.457 -2.0304
0.458 -2.02544
0.459 -2.02048
0.46 -2.01552
0.461 -2.01056
0.462 -2.0056
0.463 -2.00063
0.464 -1.99566
0.465 -1.99069
0.466 -1.98572
0.467 -1.98074
0.468 -1.97577
0.469 -1.97078
0.47 -1.9658
0.471 -1.96081
0.472 -1.95582
0.473 -1.95083
0.474 -1.94583
0.475 -1.94083
0.476 -1.93582
0.477 -1.93081
0.478 -1.9258
0.479 -1.92078
0.48 -1.91576
0.481 -1.91073
0.482 -1.9057
0.483 -1.90066
0.484 -1.89561
0.485 -1.89056
0.486 -1.88551
0.487 -1.88045
0.488 -1.87538
0.489 -1.87031
0.49 -1.86522
0.491 -1.86014
0.492 -1.85504
0.493 -1.84994
0.494 -1.84484
0.495 -1.83972
0.496 -1.8346
0.497 -1.82947
0.498 -1.82433
0.499 -1.81918
0.5 -1.81403
0.501 -1.80886
0.502 -1.80369
0.503 -1.79851
0.504 -1.79332
0.505 -1.78812
0.506 -1.78291
0.507 -1.77769
0.508 -1.77246
0.509 -1.76722
0.51 -1.76197
0.511 -1.75671
0.512 -1.75144
0.513 -1.74616
0.514 -1.74087
0.515 -1.73557
0.516 -1.73025
0.517 -1.72493
0.518 -1.71959
0.519 -1.71424
0.52 -1.70887
0.521 -1.7035
0.522 -1.69811
0.523 -1.69271
0.524 -1.6873
0.525 -1.68187
0.526 -1.67643
0.527 -1.67097
0.528 -1.6655
0.529 -1.66002
0.53 -1.65452
0.531 -1.64901
0.532 -1.64349
0.533 -1.63794
0.534 -1.63239
0.535 -1.62681
0.536 -1.62123
0.537 -1.61562
0.538 -1.61
0.539 -1.60437
0.54 -1.59871
0.541 -1.59304
0.542 -1.58736
0.543 -1.58165
0.544 -1.57593
0.545 -1.57019
0.546 -1.56444
0.547 -1.55866
0.548 -1.55287
0.549 -1.54706
0.55 -1.54123
0.551 -1.53538
0.552 -1.52951
0.553 -1.52363
0.554 -1.51772
0.555 -1.51179
0.556 -1.50585
0.557 -1.49988
0.558 -1.49389
0.559 -1.48789
0.56 -1.48186
0.561 -1.47581
0.562 -1.46974
0.563 -1.46364
0.564 -1.45753
0.565 -1.4514
0.566 -1.44524
0.567 -1.43906
0.568 -1.43286
0.569 -1.42663
0.57 -1.42038
0.571 -1.41411
0.572 -1.40782
0.573 -1.4015
0.574 -1.39516
0.575 -1.3888
0.576 -1.38241
0.577 -1.376
0.578 -1.36956
0.579 -1.3631
0.58 -1.35661
0.581 -1.3501
0.582 -1.34356
0.583 -1.337
0.584 -1.33042
0.585 -1.32381
0.586 -1.31717
0.587 -1.31051
0.588 -1.30382
0.589 -1.2971
0.59 -1.29036
0.591 -1.28359
0.592 -1.2768
0.593 -1.26998
0.594 -1.26313
0.595 -1.25626
0.596 -1.24936
0.597 -1.24243
0.598 -1.23548
0.599 -1.2285
0.6 -1.22149
0.601 -1.21445
0.602 -1.20739
0.603 -1.2003
0.604 -1.19319
0.605 -1.18604
0.606 -1.17887
0.607 -1.17167
0.608 -1.16445
0.609 -1.15719
0.61 -1.14991
0.611 -1.1426
0.612 -1.13527
0.613 -1.1279
0.614 -1.12052
0.615 -1.1131
0.616 -1.10565
0.617 -1.09818
0.618 -1.09069
0.619 -1.08316
0.62 -1.07561
0.621 -1.06804
0.622 -1.06043
0.623 -1.0528
0.624 -1.04515
0.625 -1.03747
0.626 -1.02976
0.627 -1.02203
0.628 -1.01428
0.629 -1.0065
0.63 -0.998691
0.631 -0.990862
0.632 -0.98301
0.633 -0.975134
0.634 -0.967235
0.635 -0.959314
0.636 -0.951371
0.637 -0.943406
0.638 -0.93542
0.639 -0.927412
0.64 -0.919385
0.641 -0.911338
0.642 -0.903271
0.643 -0.895186
0.644 -0.887083
0.645 -0.878962
0.646 -0.870824
0.647 -0.86267
0.648 -0.854501
0.649 -0.846316
0.65 -0.838118
0.651 -0.829906
0.652 -0.821681
0.653 -0.813445
0.654 -0.805198
0.655 -0.796941
0.656 -0.788675
0.657 -0.780401
0.658 -0.772119
0.659 -0.763831
0.66 -0.755538
0.661 -0.747241
0.662 -0.73894
0.663 -0.730638
0.664 -0.722334
0.665 -0.714032
0.666 -0.70573
0.667 -0.697432
0.668 -0.689137
0.669 -0.680848
0.67 -0.672565
0.671 -0.664291
0.672 -0.656026
0.673 -0.647772
0.674 -0.63953
0.675 -0.631302
0.676 -0.62309
0.677 -0.614895
0.678 -0.606718
0.679 -0.598561
0.68 -0.590427
0.681 -0.582316
0.682 -0.57423
0.683 -0.566172
0.684 -0.558142
0.685 -0.550144
0.686 -0.542178
0.687 -0.534246
0.688 -0.526352
0.689 -0.518495
0.69 -0.510679
0.691 -0.502906
0.692 -0.495177
0.693 -0.487495
0.694 -0.479861
0.695 -0.472279
0.696 -0.46475
0.697 -0.457276
0.698 -0.449859
0.699 -0.442502
0.7 -0.435208
0.701 -0.427978
0.702 -0.420814
0.703 -0.41372
0.704 -0.406697
0.705 -0.399747
0.706 -0.392874
0.707 -0.38608
0.708 -0.379366
0.709 -0.372737
0.71 -0.366193
0.711 -0.359737
0.712 -0.353373
0.713 -0.347102
0.714 -0.340927
0.715 -0.334851
0.716 -0.328875
0.717 -0.323004
0.718 -0.317238
0.719 -0.311581
0.72 -0.306035
0.721 -0.300602
0.722 -0.295286
0.723 -0.290089
0.724 -0.285012
0.725 -0.28006
0.726 -0.275234
0.727 -0.270536
0.728 -0.26597
0.729 -0.261537
0.73 -0.25724
0.731 -0.253082
0.732 -0.249064
0.733 -0.24519
0.734 -0.241461
0.735 -0.23788
0.736 -0.234449
0.737 -0.23117
0.738 -0.228046
0.739 -0.225079
0.74 -0.222271
0.741 -0.219624
0.742 -0.217139
0.743 -0.21482
0.744 -0.212669
0.745 -0.210686
0.746 -0.208874
0.747 -0.207235
0.748 -0.205771
0.749 -0.204483
0.75 -0.203373
0.751 -0.202443
0.752 -0.201694
0.753 -0.201128
0.754 -0.200746
0.755 -0.20055
0.756 -0.200541
0.757 -0.20072
0.758 -0.201089
0.759 -0.201649
0.76 -0.202401
0.761 -0.203345
0.762 -0.204484
0.763 -0.205817
0.764 -0.207345
0.765 -0.209071
0.766 -0.210993
0.767 -0.213112
0.768 -0.21543
0.769 -0.217947
0.77 -0.220663
0.771 -0.223578
0.772 -0.226693
0.773 -0.230007
0.774 -0.233522
0.775 -0.237236
0.776 -0.241151
0.777 -0.245265
0.778 -0.249579
0.779 -0.254092
0.78 -0.258804
0.781 -0.263715
0.782 -0.268824
0.783 -0.27413
0.784 -0.279633
0.785 -0.285332
0.786 -0.291227
0.787 -0.297316
0.788 -0.303598
0.789 -0.310073
0.79 -0.31674
0.791 -0.323597
0.792 -0.330643
0.793 -0.337876
0.794 -0.345296
0.795 -0.352902
0.796 -0.36069
0.797 -0.368661
0.798 -0.376812
0.799 -0.385142
0.8 -0.393649
0.801 -0.402331
0.802 -0.411186
0.803 -0.420213
0.804 -0.429409
0.805 -0.438773
0.806 -0.448302
0.807 -0.457994
0.808 -0.467847
0.809 -0.477859
0.81 -0.488028
0.811 -0.498351
0.812 -0.508825
0.813 -0.51945
0.814 -0.530221
0.815 -0.541137
0.816 -0.552195
0.817 -0.563392
0.818 -0.574726
0.819 -0.586195
0.82 -0.597795
0.821 -0.609525
0.822 -0.62138
0.823 -0.63336
0.824 -0.64546
0.825 -0.657678
0.826 -0.670012
0.827 -0.682458
0.828 -0.695014
0.829 -0.707676
0.83 -0.720443
0.831 -0.733311
0.832 -0.746278
0.833 -0.759339
0.834 -0.772494
0.835 -0.785738
0.836 -0.79907
0.837 -0.812485
0.838 -0.825982
0.839 -0.839557
0.84 -0.853208
0.841 -0.866931
0.842 -0.880724
0.843 -0.894584
0.844 -0.908509
0.845 -0.922495
0.846 -0.936539
0.847 -0.95064
0.848 -0.964793
0.849 -0.978998
0.85 -0.993249
0.851 -1.00755
0.852 -1.02189
0.853 -1.03627
0.854 -1.05068
0.855 -1.06513
0.856 -1.07962
0.857 -1.09413
0.858 -1.10867
0.859 -1.12323
0.86 -1.13782
0.861 -1.15242
0.862 -1.16705
0.863 -1.18169
0.864 -1.19634
0.865 -1.211
0.866 -1.22567
0.867 -1.24034
0.868 -1.25502
0.869 -1.2697
0.87 -1.28438
0.871 -1.29906
0.872 -1.31374
0.873 -1.3284
0.874 -1.34306
0.875 -1.35771
0.876 -1.37235
0.877 -1.38697
0.878 -1.40158
0.879 -1.41616
0.88 -1.43073
0.881 -1.44528
0.882 -1.45981
0.883 -1.47431
0.884 -1.48879
0.885 -1.50324
0.886 -1.51766
0.887 -1.53205
0.888 -1.54641
0.889 -1.56073
0.89 -1.57502
0.891 -1.58928
0.892 -1.6035
0.893 -1.61768
0.894 -1.63182
0.895 -1.64592
0.896 -1.65999
0.897 -1.674
0.898 -1.68798
0.899 -1.70191
0.9 -1.71579
0.901 -1.72963
0.902 -1.74342
0.903 -1.75716
0.904 -1.77086
0.905 -1.7845
0.906 -1.79809
0.907 -1.81164
0.908 -1.82513
0.909 -1.83856
0.91 -1.85195
0.911 -1.86528
0.912 -1.87855
0.913 -1.89177
0.914 -1.90494
0.915 -1.91804
0.916 -1.9311
0.917 -1.94409
0.918 -1.95703
0.919 -1.96991
0.92 -1.98273
0.921 -1.99549
0.922 -2.00819
0.923 -2.02084
0.924 -2.03342
0.925 -2.04595
0.926 -2.05841
0.927 -2.07082
0.928 -2.08316
0.929 -2.09544
0.93 -2.10767
0.931 -2.11983
0.932 -2.13193
0.933 -2.14397
0.934 -2.15595
0.935 -2.16786
0.936 -2.17972
0.937 -2.19152
0.938 -2.20325
0.939 -2.21492
0.94 -2.22653
0.941 -2.23808
0.942 -2.24957
0.943 -2.261
0.944 -2.27236
0.945 -2.28367
0.946 -2.29491
0.947 -2.30609
0.948 -2.31721
0.949 -2.32828
0.95 -2.33928
0.951 -2.35022
0.952 -2.3611
0.953 -2.37192
0.954 -2.38268
0.955 -2.39338
0.956 -2.40402
0.957 -2.41461
0.958 -2.42513
0.959 -2.43559
0.96 -2.446
0.961 -2.45635
0.962 -2.46664
0.963 -2.47687
0.964 -2.48705
0.965 -2.49717
0.966 -2.50723
0.967 -2.51723
0.968 -2.52718
0.969 -2.53707
0.97 -2.54691
0.971 -2.55669
0.972 -2.56642
0.973 -2.57609
0.974 -2.58571
0.975 -2.59527
0.976 -2.60478
0.977 -2.61423
0.978 -2.62363
0.979 -2.63298
0.98 -2.64228
0.981 -2.65152
0.982 -2.66072
0.983 -2.66986
0.984 -2.67895
0.985 -2.68798
0.986 -2.69697
0.987 -2.70591
0.988 -2.7148
0.989 -2.72364
0.99 -2.73243
0.991 -2.74117
0.992 -2.74986
0.993 -2.75851
0.994 -2.7671
0.995 -2.77565
0.996 -2.78416
0.997 -2.79261
0.998 -2.80102
0.999 -2.80939
1 -2.8177
1.001 -10
