0 -10
0.001 -5.0956
0.002 -5.08538
0.003 -5.07517
0.004 -5.06497
0.005 -5.05479
0.006 -5.04462
0.007 -5.03446
0.008 -5.02432
0.009 -5.01419
0.01 -5.00407
0.011 -4.99396
0.012 -4.98387
0.013 -4.97379
0.014 -4.96373
0.015 -4.95368
0.016 -4.94365
0.017 -4.93363
0.018 -4.92362
0.019 -4.91363
0.02 -4.90366
0.021 -4.8937
0.022 -4.88376
0.023 -4.87383
0.024 -4.86392
0.025 -4.85402
0.026 -4.84414
0.027 -4.83428
0.028 -4.82444
0.029 -4.81461
0.03 -4.8048
0.031 -4.795
0.032 -4.78523
0.033 -4.77547
0.034 -4.76572
0.035 -4.756
0.036 -4.74629
0.037 -4.73661
0.038 -4.72694
0.039 -4.71729
0.04 -4.70765
0.041 -4.69804
0.042 -4.68844
0.043 -4.67887
0.044 -4.66931
0.045 -4.65977
0.046 -4.65025
0.047 -4.64075
0.048 -4.63127
0.049 -4.62181
0.05 -4.61237
0.051 -4.60295
0.052 -4.59354
0.053 -4.58416
0.054 -4.5748
0.055 -4.56546
0.056 -4.55614
0.057 -4.54683
0.058 -4.53755
0.059 -4.52829
0.06 -4.51905
0.061 -4.50983
0.062 -4.50063
0.063 -4.49145
0.064 -4.48229
0.065 -4.47315
0.066 -4.46404
0.067 -4.45494
0.068 -4.44586
0.069 -4.43681
0.07 -4.42778
0.071 -4.41876
0.072 -4.40977
0.073 -4.4008
0.074 -4.39185
0.075 -4.38292
0.076 -4.37401
0.077 -4.36513
0.078 -4.35626
0.079 -4.34741
0.08 -4.33859
0.081 -4.32979
0.082 -4.32101
0.083 -4.31224
0.084 -4.3035
0.085 -4.29479
0.086 -4.28609
0.087 -4.27741
0.088 -4.26876
0.089 -4.26012
0.09 -4.25151
0.091 -4.24291
0.092 -4.23434
0.093 -4.22579
0.094 -4.21726
0.095 -4.20875
0.096 -4.20026
0.097 -4.19179
0.098 -4.18335
0.099 -4.17492
0.1 -4.16651
0.101 -4.15813
0.102 -4.14976
0.103 -4.14142
0.104 -4.1331
0.105 -4.12479
0.106 -4.11651
0.107 -4.10825
0.108 -4.1
0.109 -4.09178
0.11 -4.08358
0.111 -4.0754
0.112 -4.06724
0.113 -4.05909
0.114 -4.05097
0.115 -4.04287
0.116 -4.03479
0.117 -4.02673
0.118 -4.01868
0.119 -4.01066
0.12 -4.00266
0.121 -3.99467
0.122 -3.98671
0.123 -3.97876
0.124 -3.97084
0.125 -3.96293
0.126 -3.95504
0.127 -3.94717
0.128 -3.93932
0.129 -3.93149
0.13 -3.92368
0.131 -3.91589
0.132 -3.90811
0.133 -3.90035
0.134 -3.89262
0.135 -3.8849
0.136 -3.8772
0.137 -3.86951
0.138 -3.86185
0.139 -3.8542
0.14 -3.84658
0.141 -3.83897
0.142 -3.83137
0.143 -3.8238
0.144 -3.81624
0.145 -3.8087
0.146 -3.80118
0.147 -3.79368
0.148 -3.78619
0.149 -3.77872
0.15 -3.77127
0.151 -3.76384
0.152 -3.75642
0.153 -3.74902
0.154 -3.74163
0.155 -3.73427
0.156 -3.72692
0.157 -3.71958
0.158 -3.71227
0.159 -3.70496
0.16 -3.69768
0.161 -3.69041
0.162 -3.68316
0.163 -3.67593
0.164 -3.66871
0.165 -3.6615
0.166 -3.65431
0.167 -3.64714
0.168 -3.63999
0.169 -3.63284
0.17 -3.62572
0.171 -3.61861
0.172 -3.61152
0.173 -3.60444
0.174 -3.59737
0.175 -3.59032
0.176 -3.58329
0.177 -3.57627
0.178 -3.56927
0.179 -3.56228
0.18 -3.5553
0.181 -3.54834
0.182 -3.54139
0.183 -3.53446
0.184 -3.52755
0.185 -3.52064
0.186 -3.51375
0.187 -3.50688
0.188 -3.50002
0.189 -3.49317
0.19 -3.48634
0.191 -3.47952
0.192 -3.47271
0.193 -3.46592
0.194 -3.45914
0.195 -3.45237
0.196 -3.44562
0.197 -3.43888
0.198 -3.43215
0.199 -3.42544
0.2 -3.41874
0.201 -3.41205
0.202 -3.40537
0.203 -3.39871
0.204 -3.39206
0.205 -3.38542
0.206 -3.3788
0.207 -3.37219
0.208 -3.36559
0.209 -3.359
0.21 -3.35242
0.211 -3.34586
0.212 -3.3393
0.213 -3.33276
0.214 -3.32624
0.215 -3.31972
0.216 -3.31321
0.217 -3.30672
0.218 -3.30024
0.219 -3.29377
0.22 -3.28731
0.221 -3.28086
0.222 -3.27442
0.223 -3.26799
0.224 -3.26158
0.225 -3.25517
0.226 -3.24878
0.227 -3.2424
0.228 -3.23602
0.229 -3.22966
0.23 -3.22331
0.231 -3.21697
0.232 -3.21064
0.233 -3.20432
0.234 -3.19801
0.235 -3.19171
0.236 -3.18543
0.237 -3.17915
0.238 -3.17288
0.239 -3.16662
0.24 -3.16037
0.241 -3.15413
0.242 -3.1479
0.243 -3.14169
0.244 -3.13548
0.245 -3.12928
0.246 -3.12309
0.247 -3.11691
0.248 -3.11074
0.249 -3.10457
0.25 -3.09842
0.251 -3.09228
0.252 -3.08615
0.253 -3.08002
0.254 -3.07391
0.255 -3.0678
0.256 -3.06171
0.257 -3.05562
0.258 -3.04954
0.259 -3.04347
0.26 -3.03741
0.261 -3.03136
0.262 -3.02532
0.263 -3.01928
0.264 -3.01326
0.265 -3.00724
0.266 -3.00124
0.267 -2.99524
0.268 -2.98925
0.269 -2.98327
0.27 -2.97729
0.271 -2.97133
0.272 -2.96537
0.273 -2.95943
0.274 -2.95349
0.275 -2.94756
0.276 -2.94164
0.277 -2.93572
0.278 -2.92982
0.279 -2.92392
0.28 -2.91803
0.281 -2.91215
0.282 -2.90628
0.283 -2.90042
0.284 -2.89456
0.285 -2.88872
0.286 -2.88288
0.287 -2.87705
0.288 -2.87123
0.289 -2.86541
0.29 -2.85961
0.291 -2.85381
0.292 -2.84802
0.293 -2.84224
0.294 -2.83646
0.295 -2.8307
0.296 -2.82494
0.297 -2.81919
0.298 -2.81345
0.299 -2.80772
0.3 -2.80199
0.301 -2.79628
0.302 -2.79057
0.303 -2.78486
0.304 -2.77917
0.305 -2.77349
0.306 -2.76781
0.307 -2.76214
0.308 -2.75648
0.309 -2.75083
0.31 -2.74518
0.311 -2.73954
0.312 -2.73391
0.313 -2.72829
0.314 -2.72268
0.315 -2.71707
0.316 -2.71147
0.317 -2.70588
0.318 -2.7003
0.319 -2.69473
0.32 -2.68916
0.321 -2.6836
0.322 -2.67805
0.323 -2.67251
0.324 -2.66697
0.325 -2.66145
0.326 -2.65593
0.327 -2.65042
0.328 -2.64491
0.329 -2.63942
0.33 -2.63393
0.331 -2.62845
0.332 -2.62298
0.333 -2.61751
0.334 -2.61206
0.335 -2.60661
0.336 -2.60117
0.337 -2.59573
0.338 -2.59031
0.339 -2.58489
0.34 -2.57948
0.341 -2.57408
0.342 -2.56868
0.343 -2.5633
0.344 -2.55792
0.345 -2.55255
0.346 -2.54718
0.347 -2.54183
0.348 -2.53648
0.349 -2.53114
0.35 -2.52581
0.351 -2.52048
0.352 -2.51516
0.353 -2.50985
0.354 -2.50455
0.355 -2.49925
0.356 -2.49397
0.357 -2.48869
0.358 -2.48342
0.359 -2.47815
0.36 -2.47289
0.361 -2.46764
0.362 -2.4624
0.363 -2.45717
0.364 -2.45194
0.365 -2.44672
0.366 -2.4415
0.367 -2.4363
0.368 -2.4311
0.369 -2.42591
0.37 -2.42073
0.371 -2.41555
0.372 -2.41038
0.373 -2.40522
0.374 -2.40006
0.375 -2.39492
0.376 -2.38978
0.377 -2.38464
0.378 -2.37951
0.379 -2.3744
0.38 -2.36928
0.381 -2.36418
0.382 -2.35908
0.383 -2.35399
0.384 -2.3489
0.385 -2.34382
0.386 -2.33875
0.387 -2.33369
0.388 -2.32863
0.389 -2.32358
0.39 -2.31853
0.391 -2.31349
0.392 -2.30846
0.393 -2.30344
0.394 -2.29842
0.395 -2.2934
0.396 -2.2884
0.397 -2.2834
0.398 -2.2784
0.399 -2.27342
0.4 -2.26843
0.401 -2.26346
0.402 -2.25849
0.403 -2.25353
0.404 -2.24857
0.405 -2.24362
0.406 -2.23867
0.407 -2.23373
0.408 -2.2288
0.409 -2.22387
0.41 -2.21894
0.411 -2.21403
0.412 -2.20912
0.413 -2.20421
0.414 -2.19931
0.415 -2.19441
0.416 -2.18952
0.417 -2.18464
0.418 -2.17975
0.419 -2.17488
0.42 -2.17001
0.421 -2.16514
0.422 -2.16028
0.423 -2.15543
0.424 -2.15058
0.425 -2.14573
0.426 -2.14089
0.427 -2.13605
0.428 -2.13122
0.429 -2.12639
0.43 -2.12156
0.431 -2.11674
0.432 -2.11193
0.433 -2.10712
0.434 -2.10231
0.435 -2.0975
0.436 -2.0927
0.437 -2.08791
0.438 -2.08311
0.439 -2.07833
0.44 -2.07354
0.441 -2.06876
0.442 -2.06398
0.443 -2.0592
0.444 -2.05443
0.445 -2.04966
0.446 -2.0449
0.447 -2.04013
0.448 -2.03537
0.449 -2.03061
0.45 -2.02586
0.451 -2.02111
0.452 -2.01636
0.453 -2.01161
0.454 -2.00687
0.455 -2.00212
0.456 -1.99738
0.457 -1.99265
0.458 -1.98791
0.459 -1.98317
0.46 -1.97844
0.461 -1.97371
0.462 -1.96898
0.463 -1.96426
0.464 -1.95953
0.465 -1.9548
0.466 -1.95008
0.467 -1.94536
0.468 -1.94064
0.469 -1.93592
0.47 -1.9312
0.471 -1.92648
0.472 -1.92176
0.473 -1.91704
0.474 -1.91233
0.475 -1.90761
0.476 -1.9029
0.477 -1.89818
0.478 -1.89347
0.479 -1.88875
0.48 -1.88403
0.481 -1.87932
0.482 -1.8746
0.483 -1.86989
0.484 -1.86517
0.485 -1.86045
0.486 -1.85573
0.487 -1.85102
0.488 -1.8463
0.489 -1.84157
0.49 -1.83685
0.491 -1.83213
0.492 -1.82741
0.493 -1.82268
0.494 -1.81795
0.495 -1.81322
0.496 -1.80849
0.497 -1.80376
0.498 -1.79903
0.499 -1.79429
0.5 -1.78955
0.501 -1.78481
0.502 -1.78007
0.503 -1.77533
0.504 -1.77058
0.505 -1.76583
0.506 -1.76107
0.507 -1.75632
0.508 -1.75156
0.509 -1.7468
0.51 -1.74203
0.511 -1.73726
0.512 -1.73249
0.513 -1.72772
0.514 -1.72294
0.515 -1.71816
0.516 -1.71337
0.517 -1.70858
0.518 -1.70378
0.519 -1.69899
0.52 -1.69418
0.521 -1.68938
0.522 -1.68457
0.523 -1.67975
0.524 -1.67493
0.525 -1.6701
0.526 -1.66527
0.527 -1.66044
0.528 -1.6556
0.529 -1.65075
0.53 -1.6459
0.531 -1.64104
0.532 -1.63618
0.533 -1.63132
0.534 -1.62644
0.535 -1.62156
0.536 -1.61668
0.537 -1.61179
0.538 -1.60689
0.539 -1.60199
0.54 -1.59708
0.541 -1.59216
0.542 -1.58724
0.543 -1.58231
0.544 -1.57737
0.545 -1.57243
0.546 -1.56748
0.547 -1.56252
0.548 -1.55756
0.549 -1.55259
0.55 -1.54761
0.551 -1.54262
0.552 -1.53763
0.553 -1.53263
0.554 -1.52762
0.555 -1.5226
0.556 -1.51757
0.557 -1.51254
0.558 -1.5075
0.559 -1.50245
0.56 -1.49739
0.561 -1.49232
0.562 -1.48725
0.563 -1.48216
0.564 -1.47707
0.565 -1.47197
0.566 -1.46686
0.567 -1.46174
0.568 -1.45661
0.569 -1.45147
0.57 -1.44633
0.571 -1.44117
0.572 -1.436
0.573 -1.43083
0.574 -1.42564
0.575 -1.42045
0.576 -1.41524
0.577 -1.41003
0.578 -1.4048
0.579 -1.39957
0.58 -1.39433
0.581 -1.38907
0.582 -1.38381
0.583 -1.37853
0.584 -1.37324
0.585 -1.36795
0.586 -1.36264
0.587 -1.35732
0.588 -1.352
0.589 -1.34666
0.59 -1.34131
0.591 -1.33595
0.592 -1.33058
0.593 -1.32519
0.594 -1.3198
0.595 -1.31439
0.596 -1.30898
0.597 -1.30355
0.598 -1.29811
0.599 -1.29266
0.6 -1.2872
0.601 -1.28173
0.602 -1.27625
0.603 -1.27075
0.604 -1.26525
0.605 -1.25973
0.606 -1.2542
0.607 -1.24866
0.608 -1.2431
0.609 -1.23754
0.61 -1.23196
0.611 -1.22638
0.612 -1.22078
0.613 -1.21517
0.614 -1.20954
0.615 -1.20391
0.616 -1.19826
0.617 -1.1926
0.618 -1.18693
0.619 -1.18125
0.62 -1.17556
0.621 -1.16986
0.622 -1.16414
0.623 -1.15841
0.624 -1.15267
0.625 -1.14692
0.626 -1.14116
0.627 -1.13538
0.628 -1.1296
0.629 -1.1238
0.63 -1.11799
0.631 -1.11217
0.632 -1.10634
0.633 -1.1005
0.634 -1.09465
0.635 -1.08878
0.636 -1.08291
0.637 -1.07702
0.638 -1.07112
0.639 -1.06522
0.64 -1.0593
0.641 -1.05337
0.642 -1.04743
0.643 -1.04148
0.644 -1.03552
0.645 -1.02955
0.646 -1.02357
0.647 -1.01758
0.648 -1.01158
0.649 -1.00557
0.65 -0.999553
0.651 -0.993525
0.652 -0.987488
0.653 -0.981442
0.654 -0.975388
0.655 -0.969325
0.656 -0.963253
0.657 -0.957173
0.658 -0.951085
0.659 -0.94499
0.66 -0.938886
0.661 -0.932776
0.662 -0.926658
0.663 -0.920533
0.664 -0.914402
0.665 -0.908264
0.666 -0.90212
0.667 -0.89597
0.668 -0.889814
0.669 -0.883653
0.67 -0.877487
0.671 -0.871316
0.672 -0.86514
0.673 -0.858961
0.674 -0.852777
0.675 -0.84659
0.676 -0.840399
0.677 -0.834206
0.678 -0.82801
0.679 -0.821812
0.68 -0.815612
0.681 -0.80941
0.682 -0.803208
0.683 -0.797005
0.684 -0.790801
0.685 -0.784597
0.686 -0.778395
0.687 -0.772192
0.688 -0.765992
0.689 -0.759793
0.69 -0.753596
0.691 -0.747402
0.692 -0.741212
0.693 -0.735025
0.694 -0.728842
0.695 -0.722664
0.696 -0.71649
0.697 -0.710323
0.698 -0.704162
0.699 -0.698007
0.7 -0.69186
0.701 -0.68572
0.702 -0.679589
0.703 -0.673467
0.704 -0.667355
0.705 -0.661252
0.706 -0.65516
0.707 -0.64908
0.708 -0.643011
0.709 -0.636955
0.71 -0.630913
0.711 -0.624884
0.712 -0.618869
0.713 -0.61287
0.714 -0.606886
0.715 -0.60092
0.716 -0.59497
0.717 -0.589038
0.718 -0.583125
0.719 -0.577231
0.72 -0.571357
0.721 -0.565504
0.722 -0.559672
0.723 -0.553863
0.724 -0.548077
0.725 -0.542314
0.726 -0.536577
0.727 -0.530864
0.728 -0.525178
0.729 -0.519518
0.73 -0.513887
0.731 -0.508284
0.732 -0.50271
0.733 -0.497166
0.734 -0.491654
0.735 -0.486174
0.736 -0.480726
0.737 -0.475312
0.738 -0.469932
0.739 -0.464588
0.74 -0.45928
0.741 -0.454008
0.742 -0.448775
0.743 -0.443581
0.744 -0.438427
0.745 -0.433313
0.746 -0.428241
0.747 -0.423211
0.748 -0.418224
0.749 -0.413282
0.75 -0.408385
0.751 -0.403534
0.752 -0.398731
0.753 -0.393975
0.754 -0.389268
0.755 -0.384611
0.756 -0.380005
0.757 -0.37545
0.758 -0.370948
0.759 -0.3665
0.76 -0.362106
0.761 -0.357768
0.762 -0.353486
0.763 -0.349261
0.764 -0.345095
0.765 -0.340988
0.766 -0.336941
0.767 -0.332955
0.768 -0.329031
0.769 -0.32517
0.77 -0.321373
0.771 -0.317641
0.772 -0.313974
0.773 -0.310375
0.774 -0.306842
0.775 -0.303378
0.776 -0.299984
0.777 -0.296659
0.778 -0.293406
0.779 -0.290225
0.78 -0.287117
0.781 -0.284083
0.782 -0.281123
0.783 -0.278239
0.784 -0.275431
0.785 -0.2727
0.786 -0.270047
0.787 -0.267473
0.788 -0.264979
0.789 -0.262566
0.79 -0.260234
0.791 -0.257983
0.792 -0.255816
0.793 -0.253732
0.794 -0.251733
0.795 -0.249819
0.796 -0.247991
0.797 -0.246249
0.798 -0.244595
0.799 -0.243028
0.8 -0.241551
0.801 -0.240162
0.802 -0.238864
0.803 -0.237657
0.804 -0.23654
0.805 -0.235516
0.806 -0.234584
0.807 -0.233746
0.808 -0.233001
0.809 -0.23235
0.81 -0.231794
0.811 -0.231333
0.812 -0.230968
0.813 -0.2307
0.814 -0.230528
0.815 -0.230454
0.816 -0.230477
0.817 -0.230598
0.818 -0.230818
0.819 -0.231137
0.82 -0.231555
0.821 -0.232073
0.822 -0.232691
0.823 -0.233409
0.824 -0.234227
0.825 -0.235147
0.826 -0.236168
0.827 -0.23729
0.828 -0.238514
0.829 -0.239839
0.83 -0.241267
0.831 -0.242797
0.832 -0.244429
0.833 -0.246164
0.834 -0.248001
0.835 -0.249941
0.836 -0.251984
0.837 -0.25413
0.838 -0.256378
0.839 -0.258729
0.84 -0.261184
0.841 -0.263741
0.842 -0.2664
0.843 -0.269163
0.844 -0.272028
0.845 -0.274996
0.846 -0.278066
0.847 -0.281238
0.848 -0.284513
0.849 -0.287889
0.85 -0.291367
0.851 -0.294947
0.852 -0.298628
0.853 -0.30241
0.854 -0.306292
0.855 -0.310275
0.856 -0.314359
0.857 -0.318542
0.858 -0.322824
0.859 -0.327205
0.86 -0.331685
0.861 -0.336264
0.862 -0.34094
0.863 -0.345714
0.864 -0.350584
0.865 -0.355551
0.866 -0.360614
0.867 -0.365772
0.868 -0.371025
0.869 -0.376373
0.87 -0.381814
0.871 -0.387349
0.872 -0.392976
0.873 -0.398695
0.874 -0.404506
0.875 -0.410407
0.876 -0.416398
0.877 -0.422479
0.878 -0.428649
0.879 -0.434906
0.88 -0.441251
0.881 -0.447682
0.882 -0.454199
0.883 -0.460801
0.884 -0.467487
0.885 -0.474257
0.886 -0.48111
0.887 -0.488044
0.888 -0.49506
0.889 -0.502155
0.89 -0.50933
0.891 -0.516584
0.892 -0.523915
0.893 -0.531323
0.894 -0.538807
0.895 -0.546365
0.896 -0.553998
0.897 -0.561704
0.898 -0.569483
0.899 -0.577332
0.9 -0.585252
0.901 -0.593242
0.902 -0.601299
0.903 -0.609425
0.904 -0.617616
0.905 -0.625874
0.906 -0.634196
0.907 -0.642581
0.908 -0.651029
0.909 -0.659539
0.91 -0.668109
0.911 -0.676739
0.912 -0.685427
0.913 -0.694173
0.914 -0.702975
0.915 -0.711833
0.916 -0.720745
0.917 -0.72971
0.918 -0.738728
0.919 -0.747798
0.92 -0.756917
0.921 -0.766086
0.922 -0.775303
0.923 -0.784568
0.924 -0.793878
0.925 -0.803234
0.926 -0.812634
0.927 -0.822076
0.928 -0.831561
0.929 -0.841087
0.93 -0.850653
0.931 -0.860257
0.932 -0.8699
0.933 -0.879579
0.934 -0.889294
0.935 -0.899044
0.936 -0.908828
0.937 -0.918644
0.938 -0.928493
0.939 -0.938372
0.94 -0.94828
0.941 -0.958218
0.942 -0.968183
0.943 -0.978175
0.944 -0.988193
0.945 -0.998236
0.946 -1.0083
0.947 -1.01839
0.948 -1.0285
0.949 -1.03863
0.95 -1.04879
0.951 -1.05896
0.952 -1.06915
0.953 -1.07935
0.954 -1.08958
0.955 -1.09981
0.956 -1.11007
0.957 -1.12033
0.958 -1.13061
0.959 -1.1409
0.96 -1.1512
0.961 -1.16152
0.962 -1.17184
0.963 -1.18217
0.964 -1.1925
0.965 -1.20285
0.966 -1.2132
0.967 -1.22355
0.968 -1.23391
0.969 -1.24427
0.97 -1.25464
0.971 -1.265
0.972 -1.27537
0.973 -1.28574
0.974 -1.2961
0.975 -1.30647
0.976 -1.31684
0.977 -1.3272
0.978 -1.33756
0.979 -1.34791
0.98 -1.35826
0.981 -1.36861
0.982 -1.37895
0.983 -1.38928
0.984 -1.3996
0.985 -1.40992
0.986 -1.42023
0.987 -1.43053
0.988 -1.44082
0.989 -1.4511
0.99 -1.46137
0.991 -1.47162
0.992 -1.48187
0.993 -1.4921
0.994 -1.50232
0.995 -1.51252
0.996 -1.52271
0.997 -1.53289
0.998 -1.54305
0.999 -1.5532
1 -1.56333
1.001 -10
