0 5
0.001 3.16943
0.002 3.16778
0.003 3.16614
0.004 3.16451
0.005 3.16289
0.006 3.16128
0.007 3.15969
0.008 3.15811
0.009 3.15654
0.01 3.15498
0.011 3.15343
0.012 3.1519
0.013 3.15038
0.014 3.14887
0.015 3.14737
0.016 3.14589
0.017 3.14442
0.018 3.14296
0.019 3.14152
0.02 3.14009
0.021 3.13867
0.022 3.13726
0.023 3.13587
0.024 3.13449
0.025 3.13313
0.026 3.13178
0.027 3.13044
0.028 3.12911
0.029 3.1278
0.03 3.12651
0.031 3.12523
0.032 3.12396
0.033 3.12271
0.034 3.12147
0.035 3.12024
0.036 3.11903
0.037 3.11784
0.038 3.11665
0.039 3.11549
0.04 3.11433
0.041 3.1132
0.042 3.11207
0.043 3.11097
0.044 3.10987
0.045 3.1088
0.046 3.10773
0.047 3.10668
0.048 3.10565
0.049 3.10463
0.05 3.10363
0.051 3.10264
0.052 3.10167
0.053 3.10072
0.054 3.09977
0.055 3.09885
0.056 3.09794
0.057 3.09704
0.058 3.09616
0.059 3.0953
0.06 3.09445
0.061 3.09362
0.062 3.0928
0.063 3.092
0.064 3.09121
0.065 3.09044
0.066 3.08968
0.067 3.08894
0.068 3.08822
0.069 3.08751
0.07 3.08682
0.071 3.08614
0.072 3.08548
0.073 3.08483
0.074 3.0842
0.075 3.08359
0.076 3.08299
0.077 3.08241
0.078 3.08184
0.079 3.08128
0.08 3.08075
0.081 3.08023
0.082 3.07972
0.083 3.07923
0.084 3.07875
0.085 3.07829
0.086 3.07785
0.087 3.07742
0.088 3.077
0.089 3.0766
0.09 3.07622
0.091 3.07585
0.092 3.07549
0.093 3.07515
0.094 3.07483
0.095 3.07452
0.096 3.07422
0.097 3.07394
0.098 3.07368
0.099 3.07343
0.1 3.07319
0.101 3.07297
0.102 3.07276
0.103 3.07257
0.104 3.07239
0.105 3.07223
0.106 3.07208
0.107 3.07194
0.108 3.07182
0.109 3.07171
0.11 3.07161
0.111 3.07153
0.112 3.07147
0.113 3.07141
0.114 3.07137
0.115 3.07135
0.116 3.07133
0.117 3.07133
0.118 3.07135
0.119 3.07137
0.12 3.07141
0.121 3.07146
0.122 3.07153
0.123 3.0716
0.124 3.07169
0.125 3.0718
0.126 3.07191
0.127 3.07204
0.128 3.07218
0.129 3.07233
0.13 3.07249
0.131 3.07267
0.132 3.07286
0.133 3.07305
0.134 3.07326
0.135 3.07349
0.136 3.07372
0.137 3.07396
0.138 3.07422
0.139 3.07449
0.14 3.07476
0.141 3.07505
0.142 3.07535
0.143 3.07566
0.144 3.07598
0.145 3.07631
0.146 3.07665
0.147 3.077
0.148 3.07736
0.149 3.07774
0.15 3.07812
0.151 3.07851
0.152 3.07891
0.153 3.07932
0.154 3.07974
0.155 3.08017
0.156 3.0806
0.157 3.08105
0.158 3.08151
0.159 3.08197
0.16 3.08244
0.161 3.08293
0.162 3.08342
0.163 3.08392
0.164 3.08443
0.165 3.08494
0.166 3.08547
0.167 3.086
0.168 3.08654
0.169 3.08709
0.17 3.08764
0.171 3.08821
0.172 3.08878
0.173 3.08936
0.174 3.08994
0.175 3.09053
0.176 3.09113
0.177 3.09174
0.178 3.09236
0.179 3.09298
0.18 3.09361
0.181 3.09424
0.182 3.09488
0.183 3.09553
0.184 3.09618
0.185 3.09684
0.186 3.09751
0.187 3.09818
0.188 3.09886
0.189 3.09954
0.19 3.10024
0.191 3.10093
0.192 3.10163
0.193 3.10234
0.194 3.10305
0.195 3.10377
0.196 3.1045
0.197 3.10522
0.198 3.10596
0.199 3.1067
0.2 3.10744
0.201 3.10819
0.202 3.10894
0.203 3.1097
0.204 3.11047
0.205 3.11123
0.206 3.11201
0.207 3.11278
0.208 3.11356
0.209 3.11435
0.21 3.11514
0.211 3.11593
0.212 3.11673
0.213 3.11753
0.214 3.11834
0.215 3.11915
0.216 3.11996
0.217 3.12078
0.218 3.1216
0.219 3.12242
0.22 3.12325
0.221 3.12408
0.222 3.12492
0.223 3.12576
0.224 3.1266
0.225 3.12744
0.226 3.12829
0.227 3.12914
0.228 3.12999
0.229 3.13085
0.23 3.13171
0.231 3.13257
0.232 3.13344
0.233 3.1343
0.234 3.13518
0.235 3.13605
0.236 3.13692
0.237 3.1378
0.238 3.13868
0.239 3.13956
0.24 3.14045
0.241 3.14134
0.242 3.14223
0.243 3.14312
0.244 3.14401
0.245 3.14491
0.246 3.14581
0.247 3.14671
0.248 3.14761
0.249 3.14851
0.25 3.14942
0.251 3.15032
0.252 3.15123
0.253 3.15214
0.254 3.15305
0.255 3.15397
0.256 3.15488
0.257 3.1558
0.258 3.15672
0.259 3.15764
0.26 3.15856
0.261 3.15948
0.262 3.1604
0.263 3.16132
0.264 3.16225
0.265 3.16318
0.266 3.1641
0.267 3.16503
0.268 3.16596
0.269 3.16689
0.27 3.16782
0.271 3.16875
0.272 3.16968
0.273 3.17062
0.274 3.17155
0.275 3.17249
0.276 3.17342
0.277 3.17436
0.278 3.17529
0.279 3.17623
0.28 3.17717
0.281 3.1781
0.282 3.17904
0.283 3.17998
0.284 3.18092
0.285 3.18186
0.286 3.1828
0.287 3.18373
0.288 3.18467
0.289 3.18561
0.29 3.18655
0.291 3.18749
0.292 3.18843
0.293 3.18937
0.294 3.19031
0.295 3.19125
0.296 3.19218
0.297 3.19312
0.298 3.19406
0.299 3.195
0.3 3.19594
0.301 3.19687
0.302 3.19781
0.303 3.19874
0.304 3.19968
0.305 3.20062
0.306 3.20155
0.307 3.20248
0.308 3.20342
0.309 3.20435
0.31 3.20528
0.311 3.20621
0.312 3.20714
0.313 3.20807
0.314 3.209
0.315 3.20993
0.316 3.21086
0.317 3.21178
0.318 3.21271
0.319 3.21363
0.32 3.21456
0.321 3.21548
0.322 3.2164
0.323 3.21732
0.324 3.21824
0.325 3.21916
0.326 3.22007
0.327 3.22099
0.328 3.2219
0.329 3.22282
0.33 3.22373
0.331 3.22464
0.332 3.22555
0.333 3.22646
0.334 3.22736
0.335 3.22827
0.336 3.22917
0.337 3.23007
0.338 3.23097
0.339 3.23187
0.34 3.23277
0.341 3.23366
0.342 3.23456
0.343 3.23545
0.344 3.23634
0.345 3.23723
0.346 3.23811
0.347 3.239
0.348 3.23988
0.349 3.24076
0.35 3.24164
0.351 3.24252
0.352 3.2434
0.353 3.24427
0.354 3.24514
0.355 3.24601
0.356 3.24688
0.357 3.24775
0.358 3.24861
0.359 3.24948
0.36 3.25034
0.361 3.2512
0.362 3.25205
0.363 3.25291
0.364 3.25376
0.365 3.25461
0.366 3.25546
0.367 3.2563
0.368 3.25715
0.369 3.25799
0.37 3.25883
0.371 3.25966
0.372 3.2605
0.373 3.26133
0.374 3.26216
0.375 3.26299
0.376 3.26381
0.377 3.26464
0.378 3.26546
0.379 3.26628
0.38 3.26709
0.381 3.26791
0.382 3.26872
0.383 3.26953
0.384 3.27033
0.385 3.27114
0.386 3.27194
0.387 3.27274
0.388 3.27354
0.389 3.27433
0.39 3.27512
0.391 3.27591
0.392 3.2767
0.393 3.27749
0.394 3.27827
0.395 3.27905
0.396 3.27983
0.397 3.2806
0.398 3.28137
0.399 3.28214
0.4 3.28291
0.401 3.28367
0.402 3.28444
0.403 3.2852
0.404 3.28595
0.405 3.28671
0.406 3.28746
0.407 3.28821
0.408 3.28896
0.409 3.2897
0.41 3.29044
0.411 3.29118
0.412 3.29192
0.413 3.29265
0.414 3.29338
0.415 3.29411
0.416 3.29484
0.417 3.29556
0.418 3.29628
0.419 3.297
0.42 3.29771
0.421 3.29843
0.422 3.29914
0.423 3.29984
0.424 3.30055
0.425 3.30125
0.426 3.30195
0.427 3.30265
0.428 3.30334
0.429 3.30403
0.43 3.30472
0.431 3.30541
0.432 3.3061
0.433 3.30678
0.434 3.30746
0.435 3.30813
0.436 3.30881
0.437 3.30948
0.438 3.31015
0.439 3.31081
0.44 3.31147
0.441 3.31213
0.442 3.31279
0.443 3.31345
0.444 3.3141
0.445 3.31475
0.446 3.3154
0.447 3.31604
0.448 3.31669
0.449 3.31733
0.45 3.31797
0.451 3.3186
0.452 3.31923
0.453 3.31986
0.454 3.32049
0.455 3.32111
0.456 3.32174
0.457 3.32236
0.458 3.32297
0.459 3.32359
0.46 3.3242
0.461 3.32481
0.462 3.32542
0.463 3.32602
0.464 3.32662
0.465 3.32722
0.466 3.32782
0.467 3.32841
0.468 3.32901
0.469 3.3296
0.47 3.33018
0.471 3.33077
0.472 3.33135
0.473 3.33193
0.474 3.33251
0.475 3.33308
0.476 3.33365
0.477 3.33422
0.478 3.33479
0.479 3.33536
0.48 3.33592
0.481 3.33648
0.482 3.33704
0.483 3.33759
0.484 3.33815
0.485 3.3387
0.486 3.33925
0.487 3.33979
0.488 3.34034
0.489 3.34088
0.49 3.34142
0.491 3.34195
0.492 3.34249
0.493 3.34302
0.494 3.34355
0.495 3.34408
0.496 3.3446
0.497 3.34513
0.498 3.34565
0.499 3.34616
0.5 3.34668
0.501 3.34719
0.502 3.34771
0.503 3.34821
0.504 3.34872
0.505 3.34923
0.506 3.34973
0.507 3.35023
0.508 3.35073
0.509 3.35122
0.51 3.35171
0.511 3.35221
0.512 3.35269
0.513 3.35318
0.514 3.35367
0.515 3.35415
0.516 3.35463
0.517 3.35511
0.518 3.35558
0.519 3.35605
0.52 3.35653
0.521 3.35699
0.522 3.35746
0.523 3.35793
0.524 3.35839
0.525 3.35885
0.526 3.35931
0.527 3.35976
0.528 3.36022
0.529 3.36067
0.53 3.36112
0.531 3.36157
0.532 3.36201
0.533 3.36245
0.534 3.3629
0.535 3.36333
0.536 3.36377
0.537 3.36421
0.538 3.36464
0.539 3.36507
0.54 3.3655
0.541 3.36592
0.542 3.36635
0.543 3.36677
0.544 3.36719
0.545 3.36761
0.546 3.36802
0.547 3.36844
0.548 3.36885
0.549 3.36926
0.55 3.36966
0.551 3.37007
0.552 3.37047
0.553 3.37087
0.554 3.37127
0.555 3.37167
0.556 3.37206
0.557 3.37245
0.558 3.37284
0.559 3.37323
0.56 3.37362
0.561 3.374
0.562 3.37438
0.563 3.37476
0.564 3.37514
0.565 3.37552
0.566 3.37589
0.567 3.37626
0.568 3.37663
0.569 3.377
0.57 3.37736
0.571 3.37772
0.572 3.37808
0.573 3.37844
0.574 3.3788
0.575 3.37915
0.576 3.3795
0.577 3.37985
0.578 3.3802
0.579 3.38054
0.58 3.38089
0.581 3.38123
0.582 3.38156
0.583 3.3819
0.584 3.38223
0.585 3.38257
0.586 3.38289
0.587 3.38322
0.588 3.38355
0.589 3.38387
0.59 3.38419
0.591 3.3845
0.592 3.38482
0.593 3.38513
0.594 3.38544
0.595 3.38575
0.596 3.38606
0.597 3.38636
0.598 3.38666
0.599 3.38696
0.6 3.38725
0.601 3.38755
0.602 3.38784
0.603 3.38813
0.604 3.38841
0.605 3.38869
0.606 3.38897
0.607 3.38925
0.608 3.38953
0.609 3.3898
0.61 3.39007
0.611 3.39034
0.612 3.3906
0.613 3.39086
0.614 3.39112
0.615 3.39138
0.616 3.39163
0.617 3.39188
0.618 3.39213
0.619 3.39237
0.62 3.39261
0.621 3.39285
0.622 3.39309
0.623 3.39332
0.624 3.39355
0.625 3.39378
0.626 3.394
0.627 3.39422
0.628 3.39444
0.629 3.39465
0.63 3.39486
0.631 3.39507
0.632 3.39527
0.633 3.39547
0.634 3.39567
0.635 3.39586
0.636 3.39605
0.637 3.39624
0.638 3.39642
0.639 3.3966
0.64 3.39677
0.641 3.39694
0.642 3.39711
0.643 3.39727
0.644 3.39743
0.645 3.39759
0.646 3.39774
0.647 3.39789
0.648 3.39803
0.649 3.39817
0.65 3.39831
0.651 3.39844
0.652 3.39856
0.653 3.39869
0.654 3.3988
0.655 3.39892
0.656 3.39903
0.657 3.39913
0.658 3.39923
0.659 3.39932
0.66 3.39941
0.661 3.3995
0.662 3.39957
0.663 3.39965
0.664 3.39972
0.665 3.39978
0.666 3.39984
0.667 3.39989
0.668 3.39994
0.669 3.39998
0.67 3.40002
0.671 3.40005
0.672 3.40007
0.673 3.40009
0.674 3.40011
0.675 3.40011
0.676 3.40011
0.677 3.40011
0.678 3.4001
0.679 3.40008
0.68 3.40005
0.681 3.40002
0.682 3.39998
0.683 3.39994
0.684 3.39989
0.685 3.39983
0.686 3.39976
0.687 3.39969
0.688 3.39961
0.689 3.39952
0.69 3.39942
0.691 3.39932
0.692 3.39921
0.693 3.39909
0.694 3.39896
0.695 3.39883
0.696 3.39869
0.697 3.39853
0.698 3.39837
0.699 3.39821
0.7 3.39803
0.701 3.39784
0.702 3.39765
0.703 3.39744
0.704 3.39723
0.705 3.39701
0.706 3.39678
0.707 3.39654
0.708 3.39629
0.709 3.39603
0.71 3.39576
0.711 3.39548
0.712 3.39519
0.713 3.39489
0.714 3.39458
0.715 3.39426
0.716 3.39392
0.717 3.39358
0.718 3.39323
0.719 3.39286
0.72 3.39249
0.721 3.3921
0.722 3.39171
0.723 3.3913
0.724 3.39088
0.725 3.39044
0.726 3.39
0.727 3.38954
0.728 3.38907
0.729 3.38859
0.73 3.3881
0.731 3.38759
0.732 3.38708
0.733 3.38655
0.734 3.386
0.735 3.38545
0.736 3.38488
0.737 3.38429
0.738 3.3837
0.739 3.38309
0.74 3.38247
0.741 3.38183
0.742 3.38118
0.743 3.38052
0.744 3.37984
0.745 3.37915
0.746 3.37844
0.747 3.37772
0.748 3.37699
0.749 3.37624
0.75 3.37548
0.751 3.3747
0.752 3.37391
0.753 3.3731
0.754 3.37228
0.755 3.37145
0.756 3.3706
0.757 3.36973
0.758 3.36885
0.759 3.36795
0.76 3.36704
0.761 3.36612
0.762 3.36518
0.763 3.36422
0.764 3.36325
0.765 3.36226
0.766 3.36126
0.767 3.36024
0.768 3.35921
0.769 3.35816
0.77 3.3571
0.771 3.35602
0.772 3.35493
0.773 3.35382
0.774 3.35269
0.775 3.35155
0.776 3.3504
0.777 3.34923
0.778 3.34804
0.779 3.34684
0.78 3.34562
0.781 3.34439
0.782 3.34315
0.783 3.34188
0.784 3.34061
0.785 3.33932
0.786 3.33801
0.787 3.33669
0.788 3.33536
0.789 3.33401
0.79 3.33265
0.791 3.33127
0.792 3.32988
0.793 3.32847
0.794 3.32705
0.795 3.32562
0.796 3.32417
0.797 3.32271
0.798 3.32124
0.799 3.31975
0.8 3.31825
0.801 3.31674
0.802 3.31521
0.803 3.31368
0.804 3.31213
0.805 3.31056
0.806 3.30899
0.807 3.30741
0.808 3.30581
0.809 3.3042
0.81 3.30258
0.811 3.30096
0.812 3.29932
0.813 3.29767
0.814 3.29601
0.815 3.29434
0.816 3.29266
0.817 3.29097
0.818 3.28927
0.819 3.28757
0.82 3.28585
0.821 3.28413
0.822 3.2824
0.823 3.28066
0.824 3.27892
0.825 3.27716
0.826 3.2754
0.827 3.27364
0.828 3.27187
0.829 3.27009
0.83 3.26831
0.831 3.26652
0.832 3.26473
0.833 3.26293
0.834 3.26113
0.835 3.25932
0.836 3.25752
0.837 3.2557
0.838 3.25389
0.839 3.25207
0.84 3.25025
0.841 3.24843
0.842 3.24661
0.843 3.24478
0.844 3.24296
0.845 3.24113
0.846 3.23931
0.847 3.23748
0.848 3.23566
0.849 3.23383
0.85 3.23201
0.851 3.23019
0.852 3.22837
0.853 3.22655
0.854 3.22473
0.855 3.22292
0.856 3.22111
0.857 3.2193
0.858 3.2175
0.859 3.2157
0.86 3.21391
0.861 3.21212
0.862 3.21033
0.863 3.20855
0.864 3.20678
0.865 3.20501
0.866 3.20325
0.867 3.20149
0.868 3.19974
0.869 3.198
0.87 3.19626
0.871 3.19454
0.872 3.19282
0.873 3.19111
0.874 3.1894
0.875 3.18771
0.876 3.18602
0.877 3.18435
0.878 3.18268
0.879 3.18102
0.88 3.17938
0.881 3.17774
0.882 3.17611
0.883 3.17449
0.884 3.17289
0.885 3.17129
0.886 3.16971
0.887 3.16814
0.888 3.16658
0.889 3.16503
0.89 3.16349
0.891 3.16196
0.892 3.16045
0.893 3.15895
0.894 3.15746
0.895 3.15599
0.896 3.15452
0.897 3.15307
0.898 3.15164
0.899 3.15021
0.9 3.1488
0.901 3.14741
0.902 3.14603
0.903 3.14466
0.904 3.1433
0.905 3.14196
0.906 3.14063
0.907 3.13932
0.908 3.13802
0.909 3.13673
0.91 3.13546
0.911 3.1342
0.912 3.13296
0.913 3.13173
0.914 3.13052
0.915 3.12932
0.916 3.12814
0.917 3.12697
0.918 3.12581
0.919 3.12467
0.92 3.12355
0.921 3.12244
0.922 3.12134
0.923 3.12026
0.924 3.11919
0.925 3.11814
0.926 3.1171
0.927 3.11607
0.928 3.11507
0.929 3.11407
0.93 3.11309
0.931 3.11213
0.932 3.11118
0.933 3.11024
0.934 3.10932
0.935 3.10841
0.936 3.10752
0.937 3.10664
0.938 3.10577
0.939 3.10492
0.94 3.10409
0.941 3.10326
0.942 3.10245
0.943 3.10166
0.944 3.10088
0.945 3.10011
0.946 3.09936
0.947 3.09862
0.948 3.09789
0.949 3.09718
0.95 3.09648
0.951 3.09579
0.952 3.09512
0.953 3.09446
0.954 3.09381
0.955 3.09317
0.956 3.09255
0.957 3.09194
0.958 3.09135
0.959 3.09076
0.96 3.09019
0.961 3.08963
0.962 3.08908
0.963 3.08855
0.964 3.08802
0.965 3.08751
0.966 3.08701
0.967 3.08652
0.968 3.08605
0.969 3.08558
0.97 3.08512
0.971 3.08468
0.972 3.08425
0.973 3.08383
0.974 3.08342
0.975 3.08302
0.976 3.08263
0.977 3.08225
0.978 3.08188
0.979 3.08152
0.98 3.08117
0.981 3.08083
0.982 3.08051
0.983 3.08019
0.984 3.07988
0.985 3.07958
0.986 3.07929
0.987 3.07901
0.988 3.07874
0.989 3.07847
0.99 3.07822
0.991 3.07798
0.992 3.07774
0.993 3.07751
0.994 3.07729
0.995 3.07708
0.996 3.07688
0.997 3.07669
0.998 3.0765
0.999 3.07632
1 3.07615
1.001 5
