0 0
0.001 0.911364
0.002 0.915861
0.003 0.920352
0.004 0.924837
0.005 0.929317
0.006 0.933792
0.007 0.93826
0.008 0.942723
0.009 0.94718
0.01 0.951631
0.011 0.956076
0.012 0.960516
0.013 0.964949
0.014 0.969376
0.015 0.973797
0.016 0.978211
0.017 0.98262
0.018 0.987022
0.019 0.991418
0.02 0.995807
0.021 1.00019
0.022 1.00457
0.023 1.00894
0.024 1.0133
0.025 1.01766
0.026 1.02201
0.027 1.02635
0.028 1.03069
0.029 1.03502
0.03 1.03934
0.031 1.04366
0.032 1.04797
0.033 1.05227
0.034 1.05657
0.035 1.06086
0.036 1.06514
0.037 1.06942
0.038 1.07369
0.039 1.07795
0.04 1.0822
0.041 1.08645
0.042 1.0907
0.043 1.09493
0.044 1.09916
0.045 1.10338
0.046 1.10759
0.047 1.1118
0.048 1.116
0.049 1.12019
0.05 1.12438
0.051 1.12856
0.052 1.13273
0.053 1.1369
0.054 1.14106
0.055 1.14521
0.056 1.14936
0.057 1.1535
0.058 1.15763
0.059 1.16176
0.06 1.16588
0.061 1.16999
0.062 1.1741
0.063 1.17819
0.064 1.18229
0.065 1.18637
0.066 1.19045
0.067 1.19453
0.068 1.1986
0.069 1.20266
0.07 1.20671
0.071 1.21076
0.072 1.2148
0.073 1.21884
0.074 1.22287
0.075 1.22689
0.076 1.23091
0.077 1.23492
0.078 1.23892
0.079 1.24292
0.08 1.24692
0.081 1.25091
0.082 1.25489
0.083 1.25886
0.084 1.26284
0.085 1.2668
0.086 1.27076
0.087 1.27472
0.088 1.27866
0.089 1.28261
0.09 1.28655
0.091 1.29048
0.092 1.29441
0.093 1.29833
0.094 1.30225
0.095 1.30616
0.096 1.31007
0.097 1.31397
0.098 1.31787
0.099 1.32176
0.1 1.32565
0.101 1.32953
0.102 1.33341
0.103 1.33729
0.104 1.34116
0.105 1.34502
0.106 1.34888
0.107 1.35274
0.108 1.3566
0.109 1.36044
0.11 1.36429
0.111 1.36813
0.112 1.37197
0.113 1.3758
0.114 1.37963
0.115 1.38346
0.116 1.38728
0.117 1.3911
0.118 1.39491
0.119 1.39872
0.12 1.40253
0.121 1.40634
0.122 1.41014
0.123 1.41393
0.124 1.41773
0.125 1.42152
0.126 1.42531
0.127 1.4291
0.128 1.43288
0.129 1.43666
0.13 1.44044
0.131 1.44421
0.132 1.44799
0.133 1.45175
0.134 1.45552
0.135 1.45929
0.136 1.46305
0.137 1.46681
0.138 1.47057
0.139 1.47432
0.14 1.47808
0.141 1.48183
0.142 1.48558
0.143 1.48933
0.144 1.49307
0.145 1.49682
0.146 1.50056
0.147 1.5043
0.148 1.50804
0.149 1.51177
0.15 1.51551
0.151 1.51924
0.152 1.52298
0.153 1.52671
0.154 1.53044
0.155 1.53417
0.156 1.5379
0.157 1.54162
0.158 1.54535
0.159 1.54908
0.16 1.5528
0.161 1.55652
0.162 1.56025
0.163 1.56397
0.164 1.56769
0.165 1.57141
0.166 1.57513
0.167 1.57885
0.168 1.58257
0.169 1.58629
0.17 1.59001
0.171 1.59372
0.172 1.59744
0.173 1.60116
0.174 1.60488
0.175 1.6086
0.176 1.61231
0.177 1.61603
0.178 1.61975
0.179 1.62347
0.18 1.62719
0.181 1.63091
0.182 1.63463
0.183 1.63835
0.184 1.64207
0.185 1.64579
0.186 1.64951
0.187 1.65323
0.188 1.65695
0.189 1.66068
0.19 1.6644
0.191 1.66813
0.192 1.67185
0.193 1.67558
0.194 1.67931
0.195 1.68304
0.196 1.68677
0.197 1.6905
0.198 1.69423
0.199 1.69797
0.2 1.7017
0.201 1.70544
0.202 1.70918
0.203 1.71292
0.204 1.71666
0.205 1.7204
0.206 1.72415
0.207 1.72789
0.208 1.73164
0.209 1.73539
0.21 1.73914
0.211 1.7429
0.212 1.74665
0.213 1.75041
0.214 1.75417
0.215 1.75793
0.216 1.7617
0.217 1.76546
0.218 1.76923
0.219 1.773
0.22 1.77678
0.221 1.78055
0.222 1.78433
0.223 1.78811
0.224 1.7919
0.225 1.79569
0.226 1.79947
0.227 1.80327
0.228 1.80706
0.229 1.81086
0.23 1.81466
0.231 1.81846
0.232 1.82227
0.233 1.82608
0.234 1.82989
0.235 1.83371
0.236 1.83752
0.237 1.84135
0.238 1.84517
0.239 1.849
0.24 1.85283
0.241 1.85667
0.242 1.8605
0.243 1.86435
0.244 1.86819
0.245 1.87204
0.246 1.87589
0.247 1.87975
0.248 1.88361
0.249 1.88747
0.25 1.89134
0.251 1.89521
0.252 1.89908
0.253 1.90296
0.254 1.90684
0.255 1.91073
0.256 1.91462
0.257 1.91851
0.258 1.92241
0.259 1.92631
0.26 1.93022
0.261 1.93413
0.262 1.93804
0.263 1.94196
0.264 1.94588
0.265 1.94981
0.266 1.95374
0.267 1.95768
0.268 1.96162
0.269 1.96556
0.27 1.96951
0.271 1.97346
0.272 1.97742
0.273 1.98138
0.274 1.98535
0.275 1.98932
0.276 1.99329
0.277 1.99727
0.278 2.00126
0.279 2.00524
0.28 2.00924
0.281 2.01324
0.282 2.01724
0.283 2.02125
0.284 2.02526
0.285 2.02928
0.286 2.0333
0.287 2.03732
0.288 2.04135
0.289 2.04539
0.29 2.04943
0.291 2.05348
0.292 2.05753
0.293 2.06158
0.294 2.06564
0.295 2.06971
0.296 2.07378
0.297 2.07785
0.298 2.08193
0.299 2.08602
0.3 2.09011
0.301 2.0942
0.302 2.0983
0.303 2.10241
0.304 2.10652
0.305 2.11063
0.306 2.11475
0.307 2.11888
0.308 2.12301
0.309 2.12714
0.31 2.13129
0.311 2.13543
0.312 2.13958
0.313 2.14374
0.314 2.1479
0.315 2.15206
0.316 2.15624
0.317 2.16041
0.318 2.16459
0.319 2.16878
0.32 2.17297
0.321 2.17717
0.322 2.18137
0.323 2.18558
0.324 2.18979
0.325 2.19401
0.326 2.19823
0.327 2.20246
0.328 2.2067
0.329 2.21094
0.33 2.21518
0.331 2.21943
0.332 2.22369
0.333 2.22795
0.334 2.23221
0.335 2.23648
0.336 2.24076
0.337 2.24504
0.338 2.24933
0.339 2.25362
0.34 2.25792
0.341 2.26222
0.342 2.26653
0.343 2.27084
0.344 2.27516
0.345 2.27949
0.346 2.28382
0.347 2.28815
0.348 2.2925
0.349 2.29684
0.35 2.30119
0.351 2.30555
0.352 2.30991
0.353 2.31428
0.354 2.31866
0.355 2.32304
0.356 2.32742
0.357 2.33181
0.358 2.33621
0.359 2.34061
0.36 2.34502
0.361 2.34943
0.362 2.35385
0.363 2.35827
0.364 2.3627
0.365 2.36714
0.366 2.37158
0.367 2.37603
0.368 2.38048
0.369 2.38494
0.37 2.38941
0.371 2.39388
0.372 2.39835
0.373 2.40283
0.374 2.40732
0.375 2.41182
0.376 2.41632
0.377 2.42082
0.378 2.42533
0.379 2.42985
0.38 2.43437
0.381 2.4389
0.382 2.44344
0.383 2.44798
0.384 2.45253
0.385 2.45708
0.386 2.46164
0.387 2.46621
0.388 2.47078
0.389 2.47536
0.39 2.47995
0.391 2.48454
0.392 2.48914
0.393 2.49375
0.394 2.49836
0.395 2.50297
0.396 2.5076
0.397 2.51223
0.398 2.51687
0.399 2.52151
0.4 2.52616
0.401 2.53082
0.402 2.53549
0.403 2.54016
0.404 2.54484
0.405 2.54952
0.406 2.55422
0.407 2.55892
0.408 2.56362
0.409 2.56834
0.41 2.57306
0.411 2.57779
0.412 2.58252
0.413 2.58727
0.414 2.59202
0.415 2.59677
0.416 2.60154
0.417 2.60631
0.418 2.6111
0.419 2.61588
0.42 2.62068
0.421 2.62549
0.422 2.6303
0.423 2.63512
0.424 2.63995
0.425 2.64478
0.426 2.64963
0.427 2.65448
0.428 2.65934
0.429 2.66421
0.43 2.66909
0.431 2.67398
0.432 2.67888
0.433 2.68378
0.434 2.68869
0.435 2.69362
0.436 2.69855
0.437 2.70349
0.438 2.70844
0.439 2.7134
0.44 2.71837
0.441 2.72334
0.442 2.72833
0.443 2.73333
0.444 2.73833
0.445 2.74335
0.446 2.74837
0.447 2.75341
0.448 2.75846
0.449 2.76351
0.45 2.76858
0.451 2.77365
0.452 2.77874
0.453 2.78384
0.454 2.78895
0.455 2.79407
0.456 2.7992
0.457 2.80434
0.458 2.80949
0.459 2.81465
0.46 2.81983
0.461 2.82501
0.462 2.83021
0.463 2.83542
0.464 2.84064
0.465 2.84587
0.466 2.85111
0.467 2.85637
0.468 2.86164
0.469 2.86692
0.47 2.87221
0.471 2.87752
0.472 2.88284
0.473 2.88817
0.474 2.89351
0.475 2.89887
0.476 2.90424
0.477 2.90963
0.478 2.91502
0.479 2.92043
0.48 2.92586
0.481 2.9313
0.482 2.93675
0.483 2.94222
0.484 2.9477
0.485 2.95319
0.486 2.9587
0.487 2.96423
0.488 2.96977
0.489 2.97532
0.49 2.98089
0.491 2.98648
0.492 2.99208
0.493 2.99769
0.494 3.00332
0.495 3.00897
0.496 3.01464
0.497 3.02032
0.498 3.02601
0.499 3.03173
0.5 3.03746
0.501 3.0432
0.502 3.04897
0.503 3.05475
0.504 3.06054
0.505 3.06636
0.506 3.07219
0.507 3.07804
0.508 3.08391
0.509 3.0898
0.51 3.09571
0.511 3.10163
0.512 3.10757
0.513 3.11354
0.514 3.11952
0.515 3.12552
0.516 3.13154
0.517 3.13758
0.518 3.14364
0.519 3.14971
0.52 3.15581
0.521 3.16193
0.522 3.16807
0.523 3.17424
0.524 3.18042
0.525 3.18662
0.526 3.19285
0.527 3.19909
0.528 3.20536
0.529 3.21165
0.53 3.21796
0.531 3.2243
0.532 3.23065
0.533 3.23703
0.534 3.24343
0.535 3.24986
0.536 3.25631
0.537 3.26278
0.538 3.26928
0.539 3.2758
0.54 3.28234
0.541 3.28891
0.542 3.29551
0.543 3.30212
0.544 3.30877
0.545 3.31544
0.546 3.32213
0.547 3.32885
0.548 3.3356
0.549 3.34237
0.55 3.34917
0.551 3.35599
0.552 3.36285
0.553 3.36973
0.554 3.37663
0.555 3.38357
0.556 3.39053
0.557 3.39752
0.558 3.40454
0.559 3.41158
0.56 3.41866
0.561 3.42576
0.562 3.4329
0.563 3.44006
0.564 3.44725
0.565 3.45447
0.566 3.46173
0.567 3.46901
0.568 3.47632
0.569 3.48367
0.57 3.49104
0.571 3.49845
0.572 3.50589
0.573 3.51336
0.574 3.52086
0.575 3.5284
0.576 3.53597
0.577 3.54357
0.578 3.5512
0.579 3.55887
0.58 3.56657
0.581 3.5743
0.582 3.58207
0.583 3.58988
0.584 3.59771
0.585 3.60559
0.586 3.61349
0.587 3.62144
0.588 3.62942
0.589 3.63743
0.59 3.64548
0.591 3.65357
0.592 3.66169
0.593 3.66986
0.594 3.67805
0.595 3.68629
0.596 3.69456
0.597 3.70287
0.598 3.71122
0.599 3.71961
0.6 3.72804
0.601 3.73651
0.602 3.74501
0.603 3.75356
0.604 3.76214
0.605 3.77076
0.606 3.77943
0.607 3.78814
0.608 3.79688
0.609 3.80567
0.61 3.8145
0.611 3.82337
0.612 3.83228
0.613 3.84123
0.614 3.85023
0.615 3.85927
0.616 3.86835
0.617 3.87747
0.618 3.88664
0.619 3.89585
0.62 3.90511
0.621 3.91441
0.622 3.92375
0.623 3.93314
0.624 3.94257
0.625 3.95205
0.626 3.96157
0.627 3.97114
0.628 3.98076
0.629 3.99042
0.63 4.00012
0.631 4.00987
0.632 4.01967
0.633 4.02952
0.634 4.03941
0.635 4.04935
0.636 4.05934
0.637 4.06937
0.638 4.07945
0.639 4.08958
0.64 4.09976
0.641 4.10999
0.642 4.12026
0.643 4.13059
0.644 4.14096
0.645 4.15138
0.646 4.16185
0.647 4.17237
0.648 4.18294
0.649 4.19356
0.65 4.20423
0.651 4.21495
0.652 4.22572
0.653 4.23654
0.654 4.24741
0.655 4.25833
0.656 4.2693
0.657 4.28032
0.658 4.2914
0.659 4.30252
0.66 4.3137
0.661 4.32492
0.662 4.3362
0.663 4.34753
0.664 4.35891
0.665 4.37034
0.666 4.38183
0.667 4.39336
0.668 4.40495
0.669 4.41659
0.67 4.42828
0.671 4.44002
0.672 4.45181
0.673 4.46366
0.674 4.47556
0.675 4.48751
0.676 4.49951
0.677 4.51156
0.678 4.52367
0.679 4.53582
0.68 4.54803
0.681 4.56029
0.682 4.5726
0.683 4.58496
0.684 4.59738
0.685 4.60984
0.686 4.62236
0.687 4.63493
0.688 4.64755
0.689 4.66022
0.69 4.67294
0.691 4.68571
0.692 4.69853
0.693 4.7114
0.694 4.72432
0.695 4.73729
0.696 4.75032
0.697 4.76339
0.698 4.7765
0.699 4.78967
0.7 4.80289
0.701 4.81616
0.702 4.82947
0.703 4.84283
0.704 4.85624
0.705 4.8697
0.706 4.8832
0.707 4.89675
0.708 4.91034
0.709 4.92399
0.71 4.93767
0.711 4.9514
0.712 4.96518
0.713 4.979
0.714 4.99287
0.715 5.00678
0.716 5.02073
0.717 5.03472
0.718 5.04876
0.719 5.06284
0.72 5.07695
0.721 5.09111
0.722 5.10531
0.723 5.11955
0.724 5.13383
0.725 5.14814
0.726 5.1625
0.727 5.17689
0.728 5.19132
0.729 5.20578
0.73 5.22028
0.731 5.23481
0.732 5.24938
0.733 5.26398
0.734 5.27861
0.735 5.29328
0.736 5.30797
0.737 5.3227
0.738 5.33745
0.739 5.35224
0.74 5.36705
0.741 5.38189
0.742 5.39676
0.743 5.41165
0.744 5.42657
0.745 5.44151
0.746 5.45648
0.747 5.47147
0.748 5.48648
0.749 5.50151
0.75 5.51656
0.751 5.53162
0.752 5.54671
0.753 5.56181
0.754 5.57693
0.755 5.59207
0.756 5.60722
0.757 5.62238
0.758 5.63755
0.759 5.65274
0.76 5.66794
0.761 5.68314
0.762 5.69835
0.763 5.71357
0.764 5.7288
0.765 5.74403
0.766 5.75927
0.767 5.7745
0.768 5.78974
0.769 5.80499
0.77 5.82023
0.771 5.83547
0.772 5.8507
0.773 5.86593
0.774 5.88116
0.775 5.89638
0.776 5.9116
0.777 5.92681
0.778 5.942
0.779 5.95719
0.78 5.97237
0.781 5.98753
0.782 6.00268
0.783 6.01781
0.784 6.03293
0.785 6.04803
0.786 6.06311
0.787 6.07817
0.788 6.09321
0.789 6.10823
0.79 6.12322
0.791 6.13819
0.792 6.15313
0.793 6.16805
0.794 6.18294
0.795 6.1978
0.796 6.21263
0.797 6.22743
0.798 6.24219
0.799 6.25692
0.8 6.27162
0.801 6.28627
0.802 6.30089
0.803 6.31548
0.804 6.33002
0.805 6.34452
0.806 6.35898
0.807 6.3734
0.808 6.38777
0.809 6.40209
0.81 6.41637
0.811 6.4306
0.812 6.44478
0.813 6.45891
0.814 6.47299
0.815 6.48702
0.816 6.50099
0.817 6.51491
0.818 6.52878
0.819 6.54258
0.82 6.55633
0.821 6.57002
0.822 6.58365
0.823 6.59722
0.824 6.61073
0.825 6.62417
0.826 6.63755
0.827 6.65087
0.828 6.66412
0.829 6.6773
0.83 6.69042
0.831 6.70346
0.832 6.71644
0.833 6.72935
0.834 6.74218
0.835 6.75494
0.836 6.76763
0.837 6.78025
0.838 6.79279
0.839 6.80525
0.84 6.81764
0.841 6.82995
0.842 6.84218
0.843 6.85434
0.844 6.86641
0.845 6.87841
0.846 6.89032
0.847 6.90215
0.848 6.9139
0.849 6.92557
0.85 6.93715
0.851 6.94865
0.852 6.96007
0.853 6.9714
0.854 6.98264
0.855 6.9938
0.856 7.00486
0.857 7.01585
0.858 7.02674
0.859 7.03755
0.86 7.04827
0.861 7.05889
0.862 7.06943
0.863 7.07988
0.864 7.09024
0.865 7.10051
0.866 7.11068
0.867 7.12077
0.868 7.13076
0.869 7.14066
0.87 7.15047
0.871 7.16019
0.872 7.16981
0.873 7.17934
0.874 7.18878
0.875 7.19813
0.876 7.20738
0.877 7.21654
0.878 7.2256
0.879 7.23457
0.88 7.24345
0.881 7.25223
0.882 7.26093
0.883 7.26952
0.884 7.27803
0.885 7.28643
0.886 7.29475
0.887 7.30297
0.888 7.3111
0.889 7.31914
0.89 7.32708
0.891 7.33493
0.892 7.34269
0.893 7.35035
0.894 7.35792
0.895 7.3654
0.896 7.37279
0.897 7.38008
0.898 7.38729
0.899 7.3944
0.9 7.40142
0.901 7.40835
0.902 7.41519
0.903 7.42194
0.904 7.4286
0.905 7.43517
0.906 7.44166
0.907 7.44805
0.908 7.45436
0.909 7.46057
0.91 7.4667
0.911 7.47275
0.912 7.4787
0.913 7.48457
0.914 7.49036
0.915 7.49606
0.916 7.50167
0.917 7.5072
0.918 7.51265
0.919 7.51801
0.92 7.52329
0.921 7.52849
0.922 7.53361
0.923 7.53865
0.924 7.5436
0.925 7.54848
0.926 7.55328
0.927 7.55799
0.928 7.56264
0.929 7.5672
0.93 7.57168
0.931 7.57609
0.932 7.58043
0.933 7.58469
0.934 7.58887
0.935 7.59298
0.936 7.59702
0.937 7.60098
0.938 7.60488
0.939 7.6087
0.94 7.61245
0.941 7.61613
0.942 7.61974
0.943 7.62329
0.944 7.62676
0.945 7.63017
0.946 7.63351
0.947 7.63678
0.948 7.63999
0.949 7.64314
0.95 7.64622
0.951 7.64924
0.952 7.65219
0.953 7.65509
0.954 7.65792
0.955 7.66069
0.956 7.6634
0.957 7.66605
0.958 7.66865
0.959 7.67118
0.96 7.67366
0.961 7.67608
0.962 7.67844
0.963 7.68075
0.964 7.68301
0.965 7.68521
0.966 7.68736
0.967 7.68945
0.968 7.69149
0.969 7.69349
0.97 7.69543
0.971 7.69732
0.972 7.69916
0.973 7.70095
0.974 7.70269
0.975 7.70439
0.976 7.70604
0.977 7.70764
0.978 7.7092
0.979 7.71071
0.98 7.71217
0.981 7.7136
0.982 7.71498
0.983 7.71631
0.984 7.71761
0.985 7.71886
0.986 7.72007
0.987 7.72124
0.988 7.72237
0.989 7.72347
0.99 7.72452
0.991 7.72553
0.992 7.72651
0.993 7.72745
0.994 7.72836
0.995 7.72922
0.996 7.73006
0.997 7.73085
0.998 7.73162
0.999 7.73235
1 7.73304
1.001 0
