0 0
0.001 0.551871
0.002 0.558403
0.003 0.564944
0.004 0.571494
0.005 0.578054
0.006 0.584621
0.007 0.591197
0.008 0.59778
0.009 0.604371
0.01 0.610968
0.011 0.617571
0.012 0.624179
0.013 0.630794
0.014 0.637412
0.015 0.644036
0.016 0.650663
0.017 0.657293
0.018 0.663927
0.019 0.670563
0.02 0.6772
0.021 0.68384
0.022 0.69048
0.023 0.697121
0.024 0.703762
0.025 0.710402
0.026 0.717042
0.027 0.72368
0.028 0.730317
0.029 0.736951
0.03 0.743582
0.031 0.75021
0.032 0.756834
0.033 0.763454
0.034 0.77007
0.035 0.77668
0.036 0.783284
0.037 0.789883
0.038 0.796475
0.039 0.80306
0.04 0.809637
0.041 0.816207
0.042 0.822768
0.043 0.829321
0.044 0.835864
0.045 0.842398
0.046 0.848922
0.047 0.855436
0.048 0.861938
0.049 0.86843
0.05 0.87491
0.051 0.881378
0.052 0.887833
0.053 0.894276
0.054 0.900706
0.055 0.907122
0.056 0.913525
0.057 0.919913
0.058 0.926287
0.059 0.932646
0.06 0.938991
0.061 0.945319
0.062 0.951632
0.063 0.957929
0.064 0.96421
0.065 0.970475
0.066 0.976722
0.067 0.982953
0.068 0.989166
0.069 0.995362
0.07 1.00154
0.071 1.0077
0.072 1.01384
0.073 1.01997
0.074 1.02607
0.075 1.03216
0.076 1.03823
0.077 1.04428
0.078 1.0503
0.079 1.05632
0.08 1.06231
0.081 1.06828
0.082 1.07423
0.083 1.08016
0.084 1.08607
0.085 1.09197
0.086 1.09784
0.087 1.10369
0.088 1.10952
0.089 1.11534
0.09 1.12113
0.091 1.1269
0.092 1.13265
0.093 1.13838
0.094 1.14409
0.095 1.14978
0.096 1.15545
0.097 1.1611
0.098 1.16673
0.099 1.17234
0.1 1.17793
0.101 1.1835
0.102 1.18905
0.103 1.19458
0.104 1.20009
0.105 1.20558
0.106 1.21105
0.107 1.2165
0.108 1.22193
0.109 1.22734
0.11 1.23273
0.111 1.2381
0.112 1.24345
0.113 1.24878
0.114 1.2541
0.115 1.25939
0.116 1.26466
0.117 1.26992
0.118 1.27516
0.119 1.28038
0.12 1.28558
0.121 1.29076
0.122 1.29592
0.123 1.30107
0.124 1.30619
0.125 1.3113
0.126 1.3164
0.127 1.32147
0.128 1.32653
0.129 1.33157
0.13 1.33659
0.131 1.34159
0.132 1.34658
0.133 1.35155
0.134 1.35651
0.135 1.36145
0.136 1.36637
0.137 1.37127
0.138 1.37616
0.139 1.38104
0.14 1.3859
0.141 1.39074
0.142 1.39557
0.143 1.40038
0.144 1.40518
0.145 1.40996
0.146 1.41472
0.147 1.41948
0.148 1.42422
0.149 1.42894
0.15 1.43365
0.151 1.43834
0.152 1.44302
0.153 1.44769
0.154 1.45235
0.155 1.45699
0.156 1.46161
0.157 1.46623
0.158 1.47083
0.159 1.47542
0.16 1.47999
0.161 1.48455
0.162 1.4891
0.163 1.49364
0.164 1.49817
0.165 1.50268
0.166 1.50718
0.167 1.51167
0.168 1.51615
0.169 1.52061
0.17 1.52507
0.171 1.52951
0.172 1.53394
0.173 1.53837
0.174 1.54278
0.175 1.54718
0.176 1.55157
0.177 1.55595
0.178 1.56031
0.179 1.56467
0.18 1.56902
0.181 1.57336
0.182 1.57769
0.183 1.58201
0.184 1.58632
0.185 1.59062
0.186 1.59491
0.187 1.59919
0.188 1.60346
0.189 1.60773
0.19 1.61198
0.191 1.61623
0.192 1.62046
0.193 1.62469
0.194 1.62891
0.195 1.63313
0.196 1.63733
0.197 1.64153
0.198 1.64572
0.199 1.6499
0.2 1.65407
0.201 1.65824
0.202 1.66239
0.203 1.66654
0.204 1.67069
0.205 1.67482
0.206 1.67895
0.207 1.68308
0.208 1.68719
0.209 1.6913
0.21 1.6954
0.211 1.6995
0.212 1.70359
0.213 1.70767
0.214 1.71175
0.215 1.71582
0.216 1.71988
0.217 1.72394
0.218 1.728
0.219 1.73204
0.22 1.73609
0.221 1.74012
0.222 1.74416
0.223 1.74818
0.224 1.7522
0.225 1.75622
0.226 1.76023
0.227 1.76423
0.228 1.76824
0.229 1.77223
0.23 1.77622
0.231 1.78021
0.232 1.78419
0.233 1.78817
0.234 1.79214
0.235 1.79611
0.236 1.80008
0.237 1.80404
0.238 1.808
0.239 1.81195
0.24 1.8159
0.241 1.81985
0.242 1.82379
0.243 1.82773
0.244 1.83166
0.245 1.83559
0.246 1.83952
0.247 1.84345
0.248 1.84737
0.249 1.85129
0.25 1.8552
0.251 1.85912
0.252 1.86303
0.253 1.86693
0.254 1.87084
0.255 1.87474
0.256 1.87864
0.257 1.88253
0.258 1.88642
0.259 1.89032
0.26 1.8942
0.261 1.89809
0.262 1.90197
0.263 1.90586
0.264 1.90974
0.265 1.91361
0.266 1.91749
0.267 1.92136
0.268 1.92523
0.269 1.9291
0.27 1.93297
0.271 1.93684
0.272 1.9407
0.273 1.94456
0.274 1.94842
0.275 1.95228
0.276 1.95614
0.277 1.96
0.278 1.96385
0.279 1.96771
0.28 1.97156
0.281 1.97541
0.282 1.97926
0.283 1.98311
0.284 1.98696
0.285 1.9908
0.286 1.99465
0.287 1.9985
0.288 2.00234
0.289 2.00618
0.29 2.01002
0.291 2.01387
0.292 2.01771
0.293 2.02155
0.294 2.02539
0.295 2.02922
0.296 2.03306
0.297 2.0369
0.298 2.04074
0.299 2.04457
0.3 2.04841
0.301 2.05225
0.302 2.05608
0.303 2.05992
0.304 2.06375
0.305 2.06759
0.306 2.07142
0.307 2.07525
0.308 2.07909
0.309 2.08292
0.31 2.08676
0.311 2.09059
0.312 2.09443
0.313 2.09826
0.314 2.1021
0.315 2.10593
0.316 2.10977
0.317 2.1136
0.318 2.11744
0.319 2.12127
0.32 2.12511
0.321 2.12895
0.322 2.13278
0.323 2.13662
0.324 2.14046
0.325 2.1443
0.326 2.14814
0.327 2.15198
0.328 2.15582
0.329 2.15966
0.33 2.1635
0.331 2.16735
0.332 2.17119
0.333 2.17503
0.334 2.17888
0.335 2.18273
0.336 2.18657
0.337 2.19042
0.338 2.19427
0.339 2.19812
0.34 2.20198
0.341 2.20583
0.342 2.20968
0.343 2.21354
0.344 2.2174
0.345 2.22126
0.346 2.22512
0.347 2.22898
0.348 2.23284
0.349 2.2367
0.35 2.24057
0.351 2.24444
0.352 2.24831
0.353 2.25218
0.354 2.25605
0.355 2.25993
0.356 2.2638
0.357 2.26768
0.358 2.27156
0.359 2.27545
0.36 2.27933
0.361 2.28322
0.362 2.28711
0.363 2.291
0.364 2.2949
0.365 2.29879
0.366 2.30269
0.367 2.30659
0.368 2.3105
0.369 2.3144
0.37 2.31831
0.371 2.32222
0.372 2.32614
0.373 2.33006
0.374 2.33398
0.375 2.3379
0.376 2.34183
0.377 2.34575
0.378 2.34969
0.379 2.35362
0.38 2.35756
0.381 2.3615
0.382 2.36545
0.383 2.3694
0.384 2.37335
0.385 2.37731
0.386 2.38127
0.387 2.38523
0.388 2.3892
0.389 2.39317
0.39 2.39715
0.391 2.40113
0.392 2.40511
0.393 2.4091
0.394 2.41309
0.395 2.41709
0.396 2.42109
0.397 2.42509
0.398 2.4291
0.399 2.43311
0.4 2.43713
0.401 2.44116
0.402 2.44519
0.403 2.44922
0.404 2.45326
0.405 2.4573
0.406 2.46135
0.407 2.46541
0.408 2.46947
0.409 2.47353
0.41 2.4776
0.411 2.48168
0.412 2.48576
0.413 2.48985
0.414 2.49394
0.415 2.49804
0.416 2.50215
0.417 2.50626
0.418 2.51038
0.419 2.51451
0.42 2.51864
0.421 2.52278
0.422 2.52692
0.423 2.53107
0.424 2.53523
0.425 2.5394
0.426 2.54357
0.427 2.54775
0.428 2.55194
0.429 2.55613
0.43 2.56033
0.431 2.56454
0.432 2.56876
0.433 2.57299
0.434 2.57722
0.435 2.58146
0.436 2.58571
0.437 2.58997
0.438 2.59424
0.439 2.59852
0.44 2.6028
0.441 2.60709
0.442 2.6114
0.443 2.61571
0.444 2.62003
0.445 2.62436
0.446 2.6287
0.447 2.63304
0.448 2.6374
0.449 2.64177
0.45 2.64615
0.451 2.65054
0.452 2.65494
0.453 2.65934
0.454 2.66376
0.455 2.66819
0.456 2.67264
0.457 2.67709
0.458 2.68155
0.459 2.68602
0.46 2.69051
0.461 2.69501
0.462 2.69951
0.463 2.70403
0.464 2.70857
0.465 2.71311
0.466 2.71767
0.467 2.72224
0.468 2.72682
0.469 2.73141
0.47 2.73602
0.471 2.74064
0.472 2.74527
0.473 2.74992
0.474 2.75458
0.475 2.75925
0.476 2.76394
0.477 2.76864
0.478 2.77335
0.479 2.77808
0.48 2.78283
0.481 2.78759
0.482 2.79236
0.483 2.79715
0.484 2.80195
0.485 2.80677
0.486 2.81161
0.487 2.81646
0.488 2.82132
0.489 2.8262
0.49 2.8311
0.491 2.83602
0.492 2.84095
0.493 2.8459
0.494 2.85086
0.495 2.85584
0.496 2.86084
0.497 2.86586
0.498 2.8709
0.499 2.87595
0.5 2.88102
0.501 2.88611
0.502 2.89122
0.503 2.89634
0.504 2.90149
0.505 2.90666
0.506 2.91184
0.507 2.91704
0.508 2.92227
0.509 2.92751
0.51 2.93278
0.511 2.93806
0.512 2.94337
0.513 2.94869
0.514 2.95404
0.515 2.95941
0.516 2.9648
0.517 2.97021
0.518 2.97565
0.519 2.9811
0.52 2.98658
0.521 2.99209
0.522 2.99761
0.523 3.00316
0.524 3.00873
0.525 3.01433
0.526 3.01995
0.527 3.02559
0.528 3.03126
0.529 3.03695
0.53 3.04267
0.531 3.04841
0.532 3.05418
0.533 3.05998
0.534 3.0658
0.535 3.07164
0.536 3.07752
0.537 3.08342
0.538 3.08935
0.539 3.0953
0.54 3.10128
0.541 3.10729
0.542 3.11333
0.543 3.1194
0.544 3.1255
0.545 3.13162
0.546 3.13778
0.547 3.14396
0.548 3.15017
0.549 3.15642
0.55 3.16269
0.551 3.169
0.552 3.17534
0.553 3.18171
0.554 3.18811
0.555 3.19454
0.556 3.201
0.557 3.2075
0.558 3.21403
0.559 3.22059
0.56 3.22719
0.561 3.23382
0.562 3.24049
0.563 3.24719
0.564 3.25392
0.565 3.2607
0.566 3.2675
0.567 3.27434
0.568 3.28122
0.569 3.28814
0.57 3.29509
0.571 3.30208
0.572 3.30911
0.573 3.31617
0.574 3.32327
0.575 3.33042
0.576 3.3376
0.577 3.34482
0.578 3.35208
0.579 3.35938
0.58 3.36672
0.581 3.3741
0.582 3.38153
0.583 3.38899
0.584 3.3965
0.585 3.40405
0.586 3.41164
0.587 3.41928
0.588 3.42696
0.589 3.43468
0.59 3.44245
0.591 3.45026
0.592 3.45812
0.593 3.46602
0.594 3.47397
0.595 3.48197
0.596 3.49001
0.597 3.4981
0.598 3.50623
0.599 3.51442
0.6 3.52265
0.601 3.53093
0.602 3.53926
0.603 3.54764
0.604 3.55607
0.605 3.56455
0.606 3.57308
0.607 3.58167
0.608 3.5903
0.609 3.59899
0.61 3.60772
0.611 3.61652
0.612 3.62536
0.613 3.63426
0.614 3.64321
0.615 3.65222
0.616 3.66128
0.617 3.6704
0.618 3.67957
0.619 3.6888
0.62 3.69808
0.621 3.70743
0.622 3.71683
0.623 3.72628
0.624 3.7358
0.625 3.74538
0.626 3.75501
0.627 3.76471
0.628 3.77446
0.629 3.78427
0.63 3.79415
0.631 3.80409
0.632 3.81408
0.633 3.82415
0.634 3.83427
0.635 3.84445
0.636 3.8547
0.637 3.86502
0.638 3.87539
0.639 3.88584
0.64 3.89634
0.641 3.90691
0.642 3.91755
0.643 3.92826
0.644 3.93903
0.645 3.94986
0.646 3.96077
0.647 3.97174
0.648 3.98278
0.649 3.99389
0.65 4.00507
0.651 4.01632
0.652 4.02763
0.653 4.03902
0.654 4.05047
0.655 4.062
0.656 4.0736
0.657 4.08527
0.658 4.09701
0.659 4.10882
0.66 4.1207
0.661 4.13266
0.662 4.14469
0.663 4.15679
0.664 4.16896
0.665 4.18121
0.666 4.19353
0.667 4.20593
0.668 4.2184
0.669 4.23095
0.67 4.24356
0.671 4.25626
0.672 4.26903
0.673 4.28187
0.674 4.29479
0.675 4.30779
0.676 4.32086
0.677 4.334
0.678 4.34723
0.679 4.36052
0.68 4.3739
0.681 4.38735
0.682 4.40088
0.683 4.41448
0.684 4.42816
0.685 4.44191
0.686 4.45575
0.687 4.46965
0.688 4.48364
0.689 4.4977
0.69 4.51184
0.691 4.52605
0.692 4.54034
0.693 4.5547
0.694 4.56914
0.695 4.58366
0.696 4.59825
0.697 4.61292
0.698 4.62766
0.699 4.64247
0.7 4.65736
0.701 4.67233
0.702 4.68737
0.703 4.70248
0.704 4.71766
0.705 4.73292
0.706 4.74825
0.707 4.76366
0.708 4.77913
0.709 4.79467
0.71 4.81029
0.711 4.82597
0.712 4.84173
0.713 4.85755
0.714 4.87345
0.715 4.88941
0.716 4.90543
0.717 4.92153
0.718 4.93768
0.719 4.95391
0.72 4.9702
0.721 4.98655
0.722 5.00296
0.723 5.01944
0.724 5.03598
0.725 5.05257
0.726 5.06923
0.727 5.08594
0.728 5.10272
0.729 5.11954
0.73 5.13643
0.731 5.15336
0.732 5.17035
0.733 5.1874
0.734 5.20449
0.735 5.22163
0.736 5.23882
0.737 5.25606
0.738 5.27335
0.739 5.29068
0.74 5.30805
0.741 5.32546
0.742 5.34292
0.743 5.36041
0.744 5.37794
0.745 5.39551
0.746 5.41311
0.747 5.43075
0.748 5.44842
0.749 5.46612
0.75 5.48385
0.751 5.5016
0.752 5.51938
0.753 5.53718
0.754 5.55501
0.755 5.57286
0.756 5.59072
0.757 5.6086
0.758 5.6265
0.759 5.64441
0.76 5.66233
0.761 5.68026
0.762 5.6982
0.763 5.71615
0.764 5.7341
0.765 5.75205
0.766 5.77
0.767 5.78795
0.768 5.8059
0.769 5.82384
0.77 5.84178
0.771 5.8597
0.772 5.87761
0.773 5.89551
0.774 5.91339
0.775 5.93126
0.776 5.9491
0.777 5.96692
0.778 5.98472
0.779 6.00249
0.78 6.02024
0.781 6.03795
0.782 6.05563
0.783 6.07328
0.784 6.09089
0.785 6.10846
0.786 6.12599
0.787 6.14347
0.788 6.16091
0.789 6.1783
0.79 6.19565
0.791 6.21294
0.792 6.23017
0.793 6.24735
0.794 6.26448
0.795 6.28154
0.796 6.29854
0.797 6.31547
0.798 6.33234
0.799 6.34914
0.8 6.36587
0.801 6.38252
0.802 6.3991
0.803 6.4156
0.804 6.43203
0.805 6.44837
0.806 6.46463
0.807 6.4808
0.808 6.49689
0.809 6.51289
0.81 6.5288
0.811 6.54461
0.812 6.56033
0.813 6.57595
0.814 6.59148
0.815 6.6069
0.816 6.62223
0.817 6.63745
0.818 6.65256
0.819 6.66757
0.82 6.68247
0.821 6.69726
0.822 6.71193
0.823 6.7265
0.824 6.74094
0.825 6.75528
0.826 6.76949
0.827 6.78359
0.828 6.79756
0.829 6.81141
0.83 6.82514
0.831 6.83875
0.832 6.85223
0.833 6.86558
0.834 6.8788
0.835 6.8919
0.836 6.90487
0.837 6.9177
0.838 6.9304
0.839 6.94298
0.84 6.95541
0.841 6.96771
0.842 6.97988
0.843 6.99191
0.844 7.00381
0.845 7.01556
0.846 7.02718
0.847 7.03867
0.848 7.05001
0.849 7.06121
0.85 7.07228
0.851 7.0832
0.852 7.09398
0.853 7.10463
0.854 7.11513
0.855 7.12549
0.856 7.13571
0.857 7.14579
0.858 7.15573
0.859 7.16553
0.86 7.17519
0.861 7.1847
0.862 7.19408
0.863 7.20332
0.864 7.21241
0.865 7.22137
0.866 7.23019
0.867 7.23887
0.868 7.24741
0.869 7.25581
0.87 7.26407
0.871 7.2722
0.872 7.28019
0.873 7.28805
0.874 7.29577
0.875 7.30336
0.876 7.31081
0.877 7.31813
0.878 7.32532
0.879 7.33237
0.88 7.3393
0.881 7.3461
0.882 7.35277
0.883 7.35931
0.884 7.36572
0.885 7.37201
0.886 7.37818
0.887 7.38422
0.888 7.39014
0.889 7.39593
0.89 7.40161
0.891 7.40717
0.892 7.41261
0.893 7.41794
0.894 7.42314
0.895 7.42824
0.896 7.43322
0.897 7.43809
0.898 7.44285
0.899 7.4475
0.9 7.45204
0.901 7.45648
0.902 7.46081
0.903 7.46503
0.904 7.46915
0.905 7.47318
0.906 7.4771
0.907 7.48092
0.908 7.48464
0.909 7.48827
0.91 7.49181
0.911 7.49525
0.912 7.49859
0.913 7.50185
0.914 7.50502
0.915 7.5081
0.916 7.51109
0.917 7.51399
0.918 7.51682
0.919 7.51955
0.92 7.52221
0.921 7.52479
0.922 7.52729
0.923 7.52971
0.924 7.53205
0.925 7.53432
0.926 7.53651
0.927 7.53863
0.928 7.54068
0.929 7.54266
0.93 7.54457
0.931 7.54641
0.932 7.54818
0.933 7.54989
0.934 7.55154
0.935 7.55312
0.936 7.55464
0.937 7.5561
0.938 7.55749
0.939 7.55883
0.94 7.56012
0.941 7.56134
0.942 7.56251
0.943 7.56363
0.944 7.56469
0.945 7.5657
0.946 7.56666
0.947 7.56757
0.948 7.56843
0.949 7.56924
0.95 7.57
0.951 7.57072
0.952 7.57139
0.953 7.57202
0.954 7.5726
0.955 7.57314
0.956 7.57364
0.957 7.5741
0.958 7.57452
0.959 7.5749
0.96 7.57524
0.961 7.57554
0.962 7.57581
0.963 7.57604
0.964 7.57624
0.965 7.5764
0.966 7.57652
0.967 7.57662
0.968 7.57668
0.969 7.57671
0.97 7.57671
0.971 7.57668
0.972 7.57662
0.973 7.57653
0.974 7.57641
0.975 7.57626
0.976 7.57609
0.977 7.57589
0.978 7.57567
0.979 7.57542
0.98 7.57515
0.981 7.57485
0.982 7.57453
0.983 7.57418
0.984 7.57382
0.985 7.57343
0.986 7.57302
0.987 7.57259
0.988 7.57214
0.989 7.57167
0.99 7.57118
0.991 7.57067
0.992 7.57015
0.993 7.5696
0.994 7.56904
0.995 7.56846
0.996 7.56786
0.997 7.56725
0.998 7.56662
0.999 7.56598
1 7.56532
1.001 0
