0 -10
0.001 -5.975
0.002 -5.96027
0.003 -5.94553
0.004 -5.93077
0.005 -5.91598
0.006 -5.90118
0.007 -5.88636
0.008 -5.87153
0.009 -5.85668
0.01 -5.84181
0.011 -5.82693
0.012 -5.81204
0.013 -5.79714
0.014 -5.78222
0.015 -5.7673
0.016 -5.75237
0.017 -5.73743
0.018 -5.72248
0.019 -5.70753
0.02 -5.69257
0.021 -5.67761
0.022 -5.66265
0.023 -5.64768
0.024 -5.63272
0.025 -5.61775
0.026 -5.60279
0.027 -5.58783
0.028 -5.57287
0.029 -5.55792
0.03 -5.54297
0.031 -5.52803
0.032 -5.5131
0.033 -5.49818
0.034 -5.48327
0.035 -5.46836
0.036 -5.45347
0.037 -5.4386
0.038 -5.42374
0.039 -5.40889
0.04 -5.39406
0.041 -5.37925
0.042 -5.36445
0.043 -5.34967
0.044 -5.33492
0.045 -5.32018
0.046 -5.30547
0.047 -5.29078
0.048 -5.27612
0.049 -5.26148
0.05 -5.24686
0.051 -5.23228
0.052 -5.21772
0.053 -5.20319
0.054 -5.18868
0.055 -5.17421
0.056 -5.15977
0.057 -5.14537
0.058 -5.13099
0.059 -5.11665
0.06 -5.10235
0.061 -5.08808
0.062 -5.07384
0.063 -5.05965
0.064 -5.04549
0.065 -5.03137
0.066 -5.01728
0.067 -5.00324
0.068 -4.98924
0.069 -4.97528
0.07 -4.96136
0.071 -4.94748
0.072 -4.93365
0.073 -4.91986
0.074 -4.90611
0.075 -4.89241
0.076 -4.87876
0.077 -4.86515
0.078 -4.85158
0.079 -4.83806
0.08 -4.82459
0.081 -4.81117
0.082 -4.79779
0.083 -4.78446
0.084 -4.77119
0.085 -4.75796
0.086 -4.74478
0.087 -4.73164
0.088 -4.71856
0.089 -4.70553
0.09 -4.69255
0.091 -4.67962
0.092 -4.66674
0.093 -4.65392
0.094 -4.64114
0.095 -4.62842
0.096 -4.61574
0.097 -4.60312
0.098 -4.59055
0.099 -4.57804
0.1 -4.56557
0.101 -4.55316
0.102 -4.5408
0.103 -4.52849
0.104 -4.51624
0.105 -4.50404
0.106 -4.49189
0.107 -4.47979
0.108 -4.46775
0.109 -4.45575
0.11 -4.44381
0.111 -4.43193
0.112 -4.42009
0.113 -4.40831
0.114 -4.39658
0.115 -4.3849
0.116 -4.37328
0.117 -4.36171
0.118 -4.35018
0.119 -4.33872
0.12 -4.3273
0.121 -4.31593
0.122 -4.30462
0.123 -4.29335
0.124 -4.28214
0.125 -4.27098
0.126 -4.25987
0.127 -4.24881
0.128 -4.2378
0.129 -4.22684
0.13 -4.21593
0.131 -4.20507
0.132 -4.19426
0.133 -4.1835
0.134 -4.17279
0.135 -4.16213
0.136 -4.15152
0.137 -4.14095
0.138 -4.13044
0.139 -4.11997
0.14 -4.10955
0.141 -4.09918
0.142 -4.08886
0.143 -4.07858
0.144 -4.06835
0.145 -4.05817
0.146 -4.04803
0.147 -4.03794
0.148 -4.02789
0.149 -4.0179
0.15 -4.00794
0.151 -3.99803
0.152 -3.98817
0.153 -3.97835
0.154 -3.96858
0.155 -3.95885
0.156 -3.94917
0.157 -3.93952
0.158 -3.92993
0.159 -3.92037
0.16 -3.91086
0.161 -3.90139
0.162 -3.89196
0.163 -3.88258
0.164 -3.87324
0.165 -3.86393
0.166 -3.85468
0.167 -3.84546
0.168 -3.83628
0.169 -3.82714
0.17 -3.81805
0.171 -3.80899
0.172 -3.79997
0.173 -3.791
0.174 -3.78206
0.175 -3.77316
0.176 -3.7643
0.177 -3.75548
0.178 -3.7467
0.179 -3.73795
0.18 -3.72925
0.181 -3.72058
0.182 -3.71194
0.183 -3.70335
0.184 -3.69479
0.185 -3.68627
0.186 -3.67778
0.187 -3.66934
0.188 -3.66092
0.189 -3.65254
0.19 -3.6442
0.191 -3.63589
0.192 -3.62762
0.193 -3.61938
0.194 -3.61118
0.195 -3.60301
0.196 -3.59487
0.197 -3.58677
0.198 -3.5787
0.199 -3.57067
0.2 -3.56266
0.201 -3.55469
0.202 -3.54675
0.203 -3.53885
0.204 -3.53097
0.205 -3.52313
0.206 -3.51532
0.207 -3.50754
0.208 -3.49979
0.209 -3.49207
0.21 -3.48439
0.211 -3.47673
0.212 -3.4691
0.213 -3.4615
0.214 -3.45394
0.215 -3.4464
0.216 -3.43889
0.217 -3.43141
0.218 -3.42396
0.219 -3.41654
0.22 -3.40914
0.221 -3.40177
0.222 -3.39444
0.223 -3.38713
0.224 -3.37984
0.225 -3.37259
0.226 -3.36536
0.227 -3.35816
0.228 -3.35098
0.229 -3.34383
0.23 -3.33671
0.231 -3.32961
0.232 -3.32254
0.233 -3.3155
0.234 -3.30848
0.235 -3.30149
0.236 -3.29452
0.237 -3.28757
0.238 -3.28065
0.239 -3.27376
0.24 -3.26689
0.241 -3.26004
0.242 -3.25322
0.243 -3.24642
0.244 -3.23965
0.245 -3.2329
0.246 -3.22617
0.247 -3.21947
0.248 -3.21278
0.249 -3.20613
0.25 -3.19949
0.251 -3.19288
0.252 -3.18629
0.253 -3.17972
0.254 -3.17317
0.255 -3.16664
0.256 -3.16014
0.257 -3.15366
0.258 -3.1472
0.259 -3.14076
0.26 -3.13434
0.261 -3.12794
0.262 -3.12157
0.263 -3.11521
0.264 -3.10888
0.265 -3.10256
0.266 -3.09627
0.267 -3.08999
0.268 -3.08374
0.269 -3.0775
0.27 -3.07129
0.271 -3.06509
0.272 -3.05891
0.273 -3.05276
0.274 -3.04662
0.275 -3.0405
0.276 -3.0344
0.277 -3.02832
0.278 -3.02226
0.279 -3.01621
0.28 -3.01019
0.281 -3.00418
0.282 -2.99819
0.283 -2.99222
0.284 -2.98626
0.285 -2.98033
0.286 -2.97441
0.287 -2.96851
0.288 -2.96263
0.289 -2.95676
0.29 -2.95091
0.291 -2.94508
0.292 -2.93927
0.293 -2.93347
0.294 -2.92769
0.295 -2.92192
0.296 -2.91617
0.297 -2.91044
0.298 -2.90473
0.299 -2.89903
0.3 -2.89335
0.301 -2.88768
0.302 -2.88203
0.303 -2.8764
0.304 -2.87078
0.305 -2.86517
0.306 -2.85959
0.307 -2.85401
0.308 -2.84846
0.309 -2.84291
0.31 -2.83739
0.311 -2.83188
0.312 -2.82638
0.313 -2.8209
0.314 -2.81543
0.315 -2.80998
0.316 -2.80454
0.317 -2.79912
0.318 -2.79371
0.319 -2.78831
0.32 -2.78293
0.321 -2.77757
0.322 -2.77221
0.323 -2.76687
0.324 -2.76155
0.325 -2.75624
0.326 -2.75094
0.327 -2.74566
0.328 -2.74039
0.329 -2.73513
0.33 -2.72988
0.331 -2.72465
0.332 -2.71944
0.333 -2.71423
0.334 -2.70904
0.335 -2.70386
0.336 -2.69869
0.337 -2.69354
0.338 -2.6884
0.339 -2.68327
0.34 -2.67815
0.341 -2.67305
0.342 -2.66796
0.343 -2.66288
0.344 -2.65781
0.345 -2.65275
0.346 -2.64771
0.347 -2.64268
0.348 -2.63766
0.349 -2.63265
0.35 -2.62765
0.351 -2.62266
0.352 -2.61769
0.353 -2.61272
0.354 -2.60777
0.355 -2.60283
0.356 -2.59789
0.357 -2.59297
0.358 -2.58806
0.359 -2.58316
0.36 -2.57827
0.361 -2.5734
0.362 -2.56853
0.363 -2.56367
0.364 -2.55882
0.365 -2.55398
0.366 -2.54915
0.367 -2.54434
0.368 -2.53953
0.369 -2.53473
0.37 -2.52994
0.371 -2.52516
0.372 -2.52039
0.373 -2.51563
0.374 -2.51088
0.375 -2.50613
0.376 -2.5014
0.377 -2.49667
0.378 -2.49196
0.379 -2.48725
0.38 -2.48255
0.381 -2.47786
0.382 -2.47318
0.383 -2.4685
0.384 -2.46384
0.385 -2.45918
0.386 -2.45453
0.387 -2.44989
0.388 -2.44525
0.389 -2.44062
0.39 -2.43601
0.391 -2.43139
0.392 -2.42679
0.393 -2.42219
0.394 -2.4176
0.395 -2.41302
0.396 -2.40844
0.397 -2.40388
0.398 -2.39931
0.399 -2.39476
0.4 -2.39021
0.401 -2.38567
0.402 -2.38113
0.403 -2.3766
0.404 -2.37208
0.405 -2.36756
0.406 -2.36305
0.407 -2.35854
0.408 -2.35404
0.409 -2.34954
0.41 -2.34505
0.411 -2.34057
0.412 -2.33609
0.413 -2.33162
0.414 -2.32715
0.415 -2.32269
0.416 -2.31823
0.417 -2.31377
0.418 -2.30932
0.419 -2.30488
0.42 -2.30044
0.421 -2.296
0.422 -2.29157
0.423 -2.28714
0.424 -2.28272
0.425 -2.2783
0.426 -2.27388
0.427 -2.26947
0.428 -2.26506
0.429 -2.26065
0.43 -2.25625
0.431 -2.25185
0.432 -2.24746
0.433 -2.24306
0.434 -2.23867
0.435 -2.23429
0.436 -2.2299
0.437 -2.22552
0.438 -2.22114
0.439 -2.21676
0.44 -2.21238
0.441 -2.20801
0.442 -2.20364
0.443 -2.19927
0.444 -2.1949
0.445 -2.19054
0.446 -2.18617
0.447 -2.18181
0.448 -2.17744
0.449 -2.17308
0.45 -2.16872
0.451 -2.16436
0.452 -2.16001
0.453 -2.15565
0.454 -2.15129
0.455 -2.14693
0.456 -2.14258
0.457 -2.13822
0.458 -2.13386
0.459 -2.12951
0.46 -2.12515
0.461 -2.1208
0.462 -2.11644
0.463 -2.11208
0.464 -2.10772
0.465 -2.10336
0.466 -2.099
0.467 -2.09464
0.468 -2.09028
0.469 -2.08592
0.47 -2.08155
0.471 -2.07719
0.472 -2.07282
0.473 -2.06845
0.474 -2.06408
0.475 -2.0597
0.476 -2.05533
0.477 -2.05095
0.478 -2.04657
0.479 -2.04219
0.48 -2.0378
0.481 -2.03341
0.482 -2.02902
0.483 -2.02463
0.484 -2.02023
0.485 -2.01583
0.486 -2.01143
0.487 -2.00702
0.488 -2.00261
0.489 -1.9982
0.49 -1.99378
0.491 -1.98936
0.492 -1.98493
0.493 -1.9805
0.494 -1.97607
0.495 -1.97163
0.496 -1.96718
0.497 -1.96273
0.498 -1.95828
0.499 -1.95382
0.5 -1.94936
0.501 -1.94489
0.502 -1.94041
0.503 -1.93593
0.504 -1.93145
0.505 -1.92696
0.506 -1.92246
0.507 -1.91795
0.508 -1.91344
0.509 -1.90893
0.51 -1.9044
0.511 -1.89987
0.512 -1.89534
0.513 -1.89079
0.514 -1.88624
0.515 -1.88169
0.516 -1.87712
0.517 -1.87255
0.518 -1.86797
0.519 -1.86338
0.52 -1.85879
0.521 -1.85418
0.522 -1.84957
0.523 -1.84495
0.524 -1.84032
0.525 -1.83569
0.526 -1.83104
0.527 -1.82638
0.528 -1.82172
0.529 -1.81705
0.53 -1.81237
0.531 -1.80768
0.532 -1.80297
0.533 -1.79826
0.534 -1.79354
0.535 -1.78881
0.536 -1.78407
0.537 -1.77932
0.538 -1.77456
0.539 -1.76979
0.54 -1.76501
0.541 -1.76021
0.542 -1.75541
0.543 -1.75059
0.544 -1.74577
0.545 -1.74093
0.546 -1.73608
0.547 -1.73122
0.548 -1.72634
0.549 -1.72146
0.55 -1.71656
0.551 -1.71165
0.552 -1.70673
0.553 -1.70179
0.554 -1.69684
0.555 -1.69188
0.556 -1.68691
0.557 -1.68192
0.558 -1.67692
0.559 -1.67191
0.56 -1.66688
0.561 -1.66184
0.562 -1.65678
0.563 -1.65172
0.564 -1.64663
0.565 -1.64153
0.566 -1.63642
0.567 -1.63129
0.568 -1.62615
0.569 -1.621
0.57 -1.61582
0.571 -1.61064
0.572 -1.60543
0.573 -1.60022
0.574 -1.59498
0.575 -1.58973
0.576 -1.58447
0.577 -1.57918
0.578 -1.57389
0.579 -1.56857
0.58 -1.56324
0.581 -1.55789
0.582 -1.55253
0.583 -1.54715
0.584 -1.54175
0.585 -1.53633
0.586 -1.5309
0.587 -1.52545
0.588 -1.51998
0.589 -1.51449
0.59 -1.50899
0.591 -1.50346
0.592 -1.49792
0.593 -1.49236
0.594 -1.48679
0.595 -1.48119
0.596 -1.47557
0.597 -1.46994
0.598 -1.46429
0.599 -1.45862
0.6 -1.45292
0.601 -1.44721
0.602 -1.44148
0.603 -1.43573
0.604 -1.42996
0.605 -1.42418
0.606 -1.41837
0.607 -1.41254
0.608 -1.40669
0.609 -1.40082
0.61 -1.39493
0.611 -1.38902
0.612 -1.38309
0.613 -1.37714
0.614 -1.37116
0.615 -1.36517
0.616 -1.35916
0.617 -1.35312
0.618 -1.34707
0.619 -1.34099
0.62 -1.33489
0.621 -1.32877
0.622 -1.32263
0.623 -1.31647
0.624 -1.31029
0.625 -1.30408
0.626 -1.29786
0.627 -1.29161
0.628 -1.28534
0.629 -1.27905
0.63 -1.27273
0.631 -1.2664
0.632 -1.26004
0.633 -1.25367
0.634 -1.24727
0.635 -1.24085
0.636 -1.2344
0.637 -1.22794
0.638 -1.22145
0.639 -1.21495
0.64 -1.20842
0.641 -1.20187
0.642 -1.1953
0.643 -1.1887
0.644 -1.18209
0.645 -1.17545
0.646 -1.16879
0.647 -1.16212
0.648 -1.15542
0.649 -1.1487
0.65 -1.14196
0.651 -1.13519
0.652 -1.12841
0.653 -1.12161
0.654 -1.11479
0.655 -1.10794
0.656 -1.10108
0.657 -1.0942
0.658 -1.0873
0.659 -1.08037
0.66 -1.07343
0.661 -1.06647
0.662 -1.0595
0.663 -1.0525
0.664 -1.04548
0.665 -1.03845
0.666 -1.0314
0.667 -1.02433
0.668 -1.01725
0.669 -1.01015
0.67 -1.00303
0.671 -0.995895
0.672 -0.988746
0.673 -0.981581
0.674 -0.974402
0.675 -0.967208
0.676 -0.96
0.677 -0.952779
0.678 -0.945544
0.679 -0.938297
0.68 -0.931038
0.681 -0.923767
0.682 -0.916484
0.683 -0.909192
0.684 -0.901889
0.685 -0.894577
0.686 -0.887256
0.687 -0.879927
0.688 -0.87259
0.689 -0.865246
0.69 -0.857896
0.691 -0.85054
0.692 -0.84318
0.693 -0.835815
0.694 -0.828447
0.695 -0.821076
0.696 -0.813703
0.697 -0.806329
0.698 -0.798955
0.699 -0.791582
0.7 -0.78421
0.701 -0.77684
0.702 -0.769474
0.703 -0.762112
0.704 -0.754755
0.705 -0.747404
0.706 -0.74006
0.707 -0.732725
0.708 -0.725398
0.709 -0.718082
0.71 -0.710778
0.711 -0.703486
0.712 -0.696207
0.713 -0.688943
0.714 -0.681695
0.715 -0.674464
0.716 -0.667252
0.717 -0.660059
0.718 -0.652887
0.719 -0.645737
0.72 -0.638611
0.721 -0.631509
0.722 -0.624434
0.723 -0.617386
0.724 -0.610367
0.725 -0.603378
0.726 -0.596421
0.727 -0.589498
0.728 -0.582609
0.729 -0.575756
0.73 -0.568941
0.731 -0.562166
0.732 -0.555431
0.733 -0.548739
0.734 -0.542091
0.735 -0.535488
0.736 -0.528933
0.737 -0.522427
0.738 -0.515972
0.739 -0.509569
0.74 -0.50322
0.741 -0.496926
0.742 -0.490691
0.743 -0.484514
0.744 -0.478399
0.745 -0.472346
0.746 -0.466359
0.747 -0.460437
0.748 -0.454584
0.749 -0.448801
0.75 -0.44309
0.751 -0.437453
0.752 -0.431891
0.753 -0.426407
0.754 -0.421002
0.755 -0.415679
0.756 -0.410439
0.757 -0.405284
0.758 -0.400215
0.759 -0.395236
0.76 -0.390347
0.761 -0.385552
0.762 -0.38085
0.763 -0.376245
0.764 -0.371739
0.765 -0.367332
0.766 -0.363028
0.767 -0.358828
0.768 -0.354734
0.769 -0.350747
0.77 -0.34687
0.771 -0.343105
0.772 -0.339453
0.773 -0.335916
0.774 -0.332496
0.775 -0.329195
0.776 -0.326015
0.777 -0.322957
0.778 -0.320023
0.779 -0.317215
0.78 -0.314534
0.781 -0.311983
0.782 -0.309563
0.783 -0.307276
0.784 -0.305123
0.785 -0.303105
0.786 -0.301226
0.787 -0.299485
0.788 -0.297885
0.789 -0.296427
0.79 -0.295113
0.791 -0.293943
0.792 -0.29292
0.793 -0.292045
0.794 -0.29132
0.795 -0.290744
0.796 -0.290321
0.797 -0.29005
0.798 -0.289934
0.799 -0.289973
0.8 -0.290169
0.801 -0.290522
0.802 -0.291034
0.803 -0.291705
0.804 -0.292538
0.805 -0.293531
0.806 -0.294688
0.807 -0.296007
0.808 -0.297491
0.809 -0.299139
0.81 -0.300954
0.811 -0.302934
0.812 -0.305081
0.813 -0.307395
0.814 -0.309877
0.815 -0.312528
0.816 -0.315347
0.817 -0.318336
0.818 -0.321493
0.819 -0.324821
0.82 -0.328318
0.821 -0.331986
0.822 -0.335823
0.823 -0.339831
0.824 -0.344009
0.825 -0.348358
0.826 -0.352876
0.827 -0.357564
0.828 -0.362422
0.829 -0.36745
0.83 -0.372647
0.831 -0.378012
0.832 -0.383546
0.833 -0.389249
0.834 -0.395118
0.835 -0.401155
0.836 -0.407357
0.837 -0.413726
0.838 -0.420259
0.839 -0.426957
0.84 -0.433817
0.841 -0.440841
0.842 -0.448026
0.843 -0.455371
0.844 -0.462877
0.845 -0.47054
0.846 -0.478362
0.847 -0.486339
0.848 -0.494472
0.849 -0.502758
0.85 -0.511198
0.851 -0.519788
0.852 -0.528528
0.853 -0.537417
0.854 -0.546453
0.855 -0.555635
0.856 -0.56496
0.857 -0.574428
0.858 -0.584036
0.859 -0.593784
0.86 -0.60367
0.861 -0.613691
0.862 -0.623846
0.863 -0.634133
0.864 -0.644551
0.865 -0.655097
0.866 -0.66577
0.867 -0.676567
0.868 -0.687487
0.869 -0.698528
0.87 -0.709688
0.871 -0.720965
0.872 -0.732356
0.873 -0.74386
0.874 -0.755475
0.875 -0.767198
0.876 -0.779028
0.877 -0.790961
0.878 -0.802997
0.879 -0.815132
0.88 -0.827365
0.881 -0.839694
0.882 -0.852115
0.883 -0.864628
0.884 -0.877229
0.885 -0.889917
0.886 -0.902689
0.887 -0.915543
0.888 -0.928476
0.889 -0.941487
0.89 -0.954573
0.891 -0.967732
0.892 -0.980961
0.893 -0.994258
0.894 -1.00762
0.895 -1.02105
0.896 -1.03454
0.897 -1.04808
0.898 -1.06169
0.899 -1.07535
0.9 -1.08906
0.901 -1.10282
0.902 -1.11663
0.903 -1.13048
0.904 -1.14438
0.905 -1.15832
0.906 -1.1723
0.907 -1.18631
0.908 -1.20036
0.909 -1.21444
0.91 -1.22856
0.911 -1.2427
0.912 -1.25686
0.913 -1.27106
0.914 -1.28527
0.915 -1.2995
0.916 -1.31375
0.917 -1.32802
0.918 -1.3423
0.919 -1.3566
0.92 -1.3709
0.921 -1.38521
0.922 -1.39953
0.923 -1.41385
0.924 -1.42818
0.925 -1.44251
0.926 -1.45683
0.927 -1.47115
0.928 -1.48547
0.929 -1.49979
0.93 -1.51409
0.931 -1.52839
0.932 -1.54268
0.933 -1.55695
0.934 -1.57121
0.935 -1.58545
0.936 -1.59968
0.937 -1.61389
0.938 -1.62808
0.939 -1.64224
0.94 -1.65639
0.941 -1.67051
0.942 -1.6846
0.943 -1.69867
0.944 -1.71271
0.945 -1.72672
0.946 -1.74071
0.947 -1.75466
0.948 -1.76857
0.949 -1.78246
0.95 -1.79631
0.951 -1.81012
0.952 -1.8239
0.953 -1.83764
0.954 -1.85134
0.955 -1.865
0.956 -1.87862
0.957 -1.89219
0.958 -1.90573
0.959 -1.91922
0.96 -1.93267
0.961 -1.94607
0.962 -1.95943
0.963 -1.97274
0.964 -1.98601
0.965 -1.99923
0.966 -2.01239
0.967 -2.02551
0.968 -2.03858
0.969 -2.0516
0.97 -2.06457
0.971 -2.07749
0.972 -2.09036
0.973 -2.10317
0.974 -2.11593
0.975 -2.12864
0.976 -2.1413
0.977 -2.1539
0.978 -2.16645
0.979 -2.17894
0.98 -2.19138
0.981 -2.20376
0.982 -2.21609
0.983 -2.22836
0.984 -2.24057
0.985 -2.25273
0.986 -2.26483
0.987 -2.27688
0.988 -2.28887
0.989 -2.3008
0.99 -2.31267
0.991 -2.32449
0.992 -2.33625
0.993 -2.34795
0.994 -2.35959
0.995 -2.37118
0.996 -2.3827
0.997 -2.39418
0.998 -2.40559
0.999 -2.41694
1 -2.42824
1.001 -10
