0 5
0.001 3.32493
0.002 3.32223
0.003 3.31953
0.004 3.31683
0.005 3.31414
0.006 3.31145
0.007 3.30877
0.008 3.30609
0.009 3.30341
0.01 3.30074
0.011 3.29808
0.012 3.29542
0.013 3.29277
0.014 3.29013
0.015 3.28749
0.016 3.28486
0.017 3.28223
0.018 3.27962
0.019 3.27701
0.02 3.27441
0.021 3.27182
0.022 3.26924
0.023 3.26667
0.024 3.26411
0.025 3.26156
0.026 3.25902
0.027 3.25649
0.028 3.25398
0.029 3.25147
0.03 3.24898
0.031 3.2465
0.032 3.24404
0.033 3.24159
0.034 3.23915
0.035 3.23673
0.036 3.23432
0.037 3.23192
0.038 3.22954
0.039 3.22718
0.04 3.22483
0.041 3.2225
0.042 3.22019
0.043 3.21789
0.044 3.21561
0.045 3.21335
0.046 3.2111
0.047 3.20888
0.048 3.20667
0.049 3.20448
0.05 3.20232
0.051 3.20017
0.052 3.19804
0.053 3.19593
0.054 3.19384
0.055 3.19178
0.056 3.18973
0.057 3.18771
0.058 3.18571
0.059 3.18373
0.06 3.18177
0.061 3.17984
0.062 3.17793
0.063 3.17604
0.064 3.17418
0.065 3.17234
0.066 3.17052
0.067 3.16873
0.068 3.16696
0.069 3.16521
0.07 3.1635
0.071 3.1618
0.072 3.16013
0.073 3.15849
0.074 3.15687
0.075 3.15528
0.076 3.15372
0.077 3.15218
0.078 3.15066
0.079 3.14917
0.08 3.14771
0.081 3.14628
0.082 3.14487
0.083 3.14349
0.084 3.14214
0.085 3.14081
0.086 3.13951
0.087 3.13824
0.088 3.13699
0.089 3.13578
0.09 3.13459
0.091 3.13342
0.092 3.13229
0.093 3.13118
0.094 3.1301
0.095 3.12905
0.096 3.12802
0.097 3.12702
0.098 3.12605
0.099 3.12511
0.1 3.12419
0.101 3.1233
0.102 3.12244
0.103 3.12161
0.104 3.1208
0.105 3.12002
0.106 3.11927
0.107 3.11854
0.108 3.11784
0.109 3.11717
0.11 3.11653
0.111 3.11591
0.112 3.11531
0.113 3.11475
0.114 3.11421
0.115 3.11369
0.116 3.11321
0.117 3.11274
0.118 3.11231
0.119 3.1119
0.12 3.11151
0.121 3.11115
0.122 3.11081
0.123 3.1105
0.124 3.11022
0.125 3.10996
0.126 3.10972
0.127 3.1095
0.128 3.10931
0.129 3.10915
0.13 3.109
0.131 3.10888
0.132 3.10879
0.133 3.10871
0.134 3.10866
0.135 3.10863
0.136 3.10862
0.137 3.10864
0.138 3.10867
0.139 3.10873
0.14 3.10881
0.141 3.10891
0.142 3.10903
0.143 3.10917
0.144 3.10933
0.145 3.10951
0.146 3.10971
0.147 3.10993
0.148 3.11016
0.149 3.11042
0.15 3.1107
0.151 3.11099
0.152 3.1113
0.153 3.11163
0.154 3.11198
0.155 3.11234
0.156 3.11272
0.157 3.11312
0.158 3.11353
0.159 3.11396
0.16 3.11441
0.161 3.11487
0.162 3.11535
0.163 3.11584
0.164 3.11635
0.165 3.11687
0.166 3.11741
0.167 3.11796
0.168 3.11852
0.169 3.1191
0.17 3.11969
0.171 3.1203
0.172 3.12091
0.173 3.12154
0.174 3.12219
0.175 3.12284
0.176 3.12351
0.177 3.12419
0.178 3.12488
0.179 3.12558
0.18 3.12629
0.181 3.12701
0.182 3.12775
0.183 3.12849
0.184 3.12925
0.185 3.13001
0.186 3.13078
0.187 3.13157
0.188 3.13236
0.189 3.13316
0.19 3.13397
0.191 3.13479
0.192 3.13562
0.193 3.13645
0.194 3.1373
0.195 3.13815
0.196 3.139
0.197 3.13987
0.198 3.14074
0.199 3.14162
0.2 3.14251
0.201 3.14341
0.202 3.14431
0.203 3.14521
0.204 3.14613
0.205 3.14705
0.206 3.14797
0.207 3.1489
0.208 3.14984
0.209 3.15078
0.21 3.15172
0.211 3.15267
0.212 3.15363
0.213 3.15459
0.214 3.15556
0.215 3.15653
0.216 3.1575
0.217 3.15848
0.218 3.15946
0.219 3.16045
0.22 3.16144
0.221 3.16243
0.222 3.16343
0.223 3.16443
0.224 3.16543
0.225 3.16644
0.226 3.16745
0.227 3.16846
0.228 3.16947
0.229 3.17049
0.23 3.17151
0.231 3.17253
0.232 3.17356
0.233 3.17458
0.234 3.17561
0.235 3.17664
0.236 3.17768
0.237 3.17871
0.238 3.17975
0.239 3.18078
0.24 3.18182
0.241 3.18286
0.242 3.1839
0.243 3.18495
0.244 3.18599
0.245 3.18703
0.246 3.18808
0.247 3.18913
0.248 3.19017
0.249 3.19122
0.25 3.19227
0.251 3.19332
0.252 3.19437
0.253 3.19542
0.254 3.19647
0.255 3.19752
0.256 3.19857
0.257 3.19962
0.258 3.20067
0.259 3.20172
0.26 3.20277
0.261 3.20382
0.262 3.20487
0.263 3.20592
0.264 3.20697
0.265 3.20801
0.266 3.20906
0.267 3.21011
0.268 3.21116
0.269 3.2122
0.27 3.21325
0.271 3.21429
0.272 3.21533
0.273 3.21638
0.274 3.21742
0.275 3.21846
0.276 3.2195
0.277 3.22054
0.278 3.22158
0.279 3.22261
0.28 3.22365
0.281 3.22468
0.282 3.22571
0.283 3.22674
0.284 3.22777
0.285 3.2288
0.286 3.22983
0.287 3.23085
0.288 3.23188
0.289 3.2329
0.29 3.23392
0.291 3.23494
0.292 3.23596
0.293 3.23697
0.294 3.23798
0.295 3.239
0.296 3.24001
0.297 3.24101
0.298 3.24202
0.299 3.24302
0.3 3.24403
0.301 3.24503
0.302 3.24602
0.303 3.24702
0.304 3.24801
0.305 3.24901
0.306 3.25
0.307 3.25098
0.308 3.25197
0.309 3.25295
0.31 3.25393
0.311 3.25491
0.312 3.25589
0.313 3.25686
0.314 3.25783
0.315 3.2588
0.316 3.25977
0.317 3.26073
0.318 3.2617
0.319 3.26266
0.32 3.26361
0.321 3.26457
0.322 3.26552
0.323 3.26647
0.324 3.26742
0.325 3.26836
0.326 3.2693
0.327 3.27024
0.328 3.27118
0.329 3.27212
0.33 3.27305
0.331 3.27398
0.332 3.2749
0.333 3.27583
0.334 3.27675
0.335 3.27767
0.336 3.27858
0.337 3.2795
0.338 3.28041
0.339 3.28132
0.34 3.28222
0.341 3.28312
0.342 3.28402
0.343 3.28492
0.344 3.28582
0.345 3.28671
0.346 3.2876
0.347 3.28848
0.348 3.28937
0.349 3.29025
0.35 3.29112
0.351 3.292
0.352 3.29287
0.353 3.29374
0.354 3.29461
0.355 3.29547
0.356 3.29633
0.357 3.29719
0.358 3.29804
0.359 3.2989
0.36 3.29975
0.361 3.30059
0.362 3.30144
0.363 3.30228
0.364 3.30312
0.365 3.30395
0.366 3.30479
0.367 3.30562
0.368 3.30644
0.369 3.30727
0.37 3.30809
0.371 3.30891
0.372 3.30972
0.373 3.31054
0.374 3.31135
0.375 3.31216
0.376 3.31296
0.377 3.31376
0.378 3.31456
0.379 3.31536
0.38 3.31615
0.381 3.31694
0.382 3.31773
0.383 3.31852
0.384 3.3193
0.385 3.32008
0.386 3.32085
0.387 3.32163
0.388 3.3224
0.389 3.32317
0.39 3.32393
0.391 3.3247
0.392 3.32546
0.393 3.32622
0.394 3.32697
0.395 3.32772
0.396 3.32847
0.397 3.32922
0.398 3.32996
0.399 3.3307
0.4 3.33144
0.401 3.33218
0.402 3.33291
0.403 3.33364
0.404 3.33437
0.405 3.3351
0.406 3.33582
0.407 3.33654
0.408 3.33726
0.409 3.33797
0.41 3.33869
0.411 3.3394
0.412 3.3401
0.413 3.34081
0.414 3.34151
0.415 3.34221
0.416 3.34291
0.417 3.3436
0.418 3.34429
0.419 3.34498
0.42 3.34567
0.421 3.34635
0.422 3.34703
0.423 3.34771
0.424 3.34839
0.425 3.34906
0.426 3.34973
0.427 3.3504
0.428 3.35107
0.429 3.35174
0.43 3.3524
0.431 3.35306
0.432 3.35371
0.433 3.35437
0.434 3.35502
0.435 3.35567
0.436 3.35632
0.437 3.35696
0.438 3.35761
0.439 3.35825
0.44 3.35888
0.441 3.35952
0.442 3.36015
0.443 3.36079
0.444 3.36141
0.445 3.36204
0.446 3.36266
0.447 3.36329
0.448 3.36391
0.449 3.36452
0.45 3.36514
0.451 3.36575
0.452 3.36636
0.453 3.36697
0.454 3.36758
0.455 3.36818
0.456 3.36878
0.457 3.36938
0.458 3.36998
0.459 3.37057
0.46 3.37117
0.461 3.37176
0.462 3.37235
0.463 3.37293
0.464 3.37352
0.465 3.3741
0.466 3.37468
0.467 3.37526
0.468 3.37584
0.469 3.37641
0.47 3.37698
0.471 3.37755
0.472 3.37812
0.473 3.37868
0.474 3.37925
0.475 3.37981
0.476 3.38037
0.477 3.38093
0.478 3.38148
0.479 3.38203
0.48 3.38259
0.481 3.38314
0.482 3.38368
0.483 3.38423
0.484 3.38477
0.485 3.38531
0.486 3.38585
0.487 3.38639
0.488 3.38693
0.489 3.38746
0.49 3.38799
0.491 3.38852
0.492 3.38905
0.493 3.38957
0.494 3.3901
0.495 3.39062
0.496 3.39114
0.497 3.39166
0.498 3.39218
0.499 3.39269
0.5 3.3932
0.501 3.39371
0.502 3.39422
0.503 3.39473
0.504 3.39524
0.505 3.39574
0.506 3.39624
0.507 3.39674
0.508 3.39724
0.509 3.39773
0.51 3.39823
0.511 3.39872
0.512 3.39921
0.513 3.3997
0.514 3.40019
0.515 3.40067
0.516 3.40116
0.517 3.40164
0.518 3.40212
0.519 3.40259
0.52 3.40307
0.521 3.40355
0.522 3.40402
0.523 3.40449
0.524 3.40496
0.525 3.40543
0.526 3.40589
0.527 3.40636
0.528 3.40682
0.529 3.40728
0.53 3.40774
0.531 3.40819
0.532 3.40865
0.533 3.4091
0.534 3.40955
0.535 3.41
0.536 3.41045
0.537 3.4109
0.538 3.41134
0.539 3.41179
0.54 3.41223
0.541 3.41267
0.542 3.41311
0.543 3.41354
0.544 3.41398
0.545 3.41441
0.546 3.41484
0.547 3.41527
0.548 3.4157
0.549 3.41612
0.55 3.41655
0.551 3.41697
0.552 3.41739
0.553 3.41781
0.554 3.41823
0.555 3.41864
0.556 3.41906
0.557 3.41947
0.558 3.41988
0.559 3.42029
0.56 3.4207
0.561 3.4211
0.562 3.42151
0.563 3.42191
0.564 3.42231
0.565 3.42271
0.566 3.4231
0.567 3.4235
0.568 3.42389
0.569 3.42428
0.57 3.42467
0.571 3.42506
0.572 3.42545
0.573 3.42583
0.574 3.42622
0.575 3.4266
0.576 3.42698
0.577 3.42736
0.578 3.42773
0.579 3.42811
0.58 3.42848
0.581 3.42885
0.582 3.42922
0.583 3.42959
0.584 3.42995
0.585 3.43031
0.586 3.43068
0.587 3.43104
0.588 3.43139
0.589 3.43175
0.59 3.43211
0.591 3.43246
0.592 3.43281
0.593 3.43316
0.594 3.4335
0.595 3.43385
0.596 3.43419
0.597 3.43453
0.598 3.43487
0.599 3.43521
0.6 3.43555
0.601 3.43588
0.602 3.43621
0.603 3.43654
0.604 3.43687
0.605 3.4372
0.606 3.43752
0.607 3.43784
0.608 3.43816
0.609 3.43848
0.61 3.4388
0.611 3.43911
0.612 3.43942
0.613 3.43973
0.614 3.44004
0.615 3.44034
0.616 3.44064
0.617 3.44094
0.618 3.44124
0.619 3.44154
0.62 3.44183
0.621 3.44212
0.622 3.44241
0.623 3.4427
0.624 3.44298
0.625 3.44327
0.626 3.44355
0.627 3.44382
0.628 3.4441
0.629 3.44437
0.63 3.44464
0.631 3.44491
0.632 3.44517
0.633 3.44543
0.634 3.44569
0.635 3.44595
0.636 3.4462
0.637 3.44645
0.638 3.4467
0.639 3.44694
0.64 3.44718
0.641 3.44742
0.642 3.44766
0.643 3.44789
0.644 3.44812
0.645 3.44835
0.646 3.44857
0.647 3.44879
0.648 3.44901
0.649 3.44922
0.65 3.44943
0.651 3.44964
0.652 3.44984
0.653 3.45004
0.654 3.45023
0.655 3.45042
0.656 3.45061
0.657 3.45079
0.658 3.45097
0.659 3.45115
0.66 3.45132
0.661 3.45149
0.662 3.45165
0.663 3.45181
0.664 3.45196
0.665 3.45211
0.666 3.45226
0.667 3.4524
0.668 3.45253
0.669 3.45266
0.67 3.45279
0.671 3.45291
0.672 3.45302
0.673 3.45313
0.674 3.45324
0.675 3.45333
0.676 3.45343
0.677 3.45351
0.678 3.4536
0.679 3.45367
0.68 3.45374
0.681 3.4538
0.682 3.45386
0.683 3.45391
0.684 3.45395
0.685 3.45399
0.686 3.45402
0.687 3.45404
0.688 3.45406
0.689 3.45406
0.69 3.45406
0.691 3.45406
0.692 3.45404
0.693 3.45402
0.694 3.45399
0.695 3.45395
0.696 3.4539
0.697 3.45384
0.698 3.45377
0.699 3.4537
0.7 3.45362
0.701 3.45352
0.702 3.45342
0.703 3.45331
0.704 3.45318
0.705 3.45305
0.706 3.45291
0.707 3.45275
0.708 3.45259
0.709 3.45241
0.71 3.45223
0.711 3.45203
0.712 3.45182
0.713 3.4516
0.714 3.45136
0.715 3.45112
0.716 3.45086
0.717 3.45059
0.718 3.4503
0.719 3.45001
0.72 3.44969
0.721 3.44937
0.722 3.44903
0.723 3.44868
0.724 3.44831
0.725 3.44793
0.726 3.44754
0.727 3.44713
0.728 3.4467
0.729 3.44626
0.73 3.4458
0.731 3.44533
0.732 3.44484
0.733 3.44433
0.734 3.44381
0.735 3.44327
0.736 3.44271
0.737 3.44214
0.738 3.44155
0.739 3.44094
0.74 3.44031
0.741 3.43966
0.742 3.439
0.743 3.43832
0.744 3.43761
0.745 3.43689
0.746 3.43615
0.747 3.43539
0.748 3.43461
0.749 3.43381
0.75 3.43299
0.751 3.43214
0.752 3.43128
0.753 3.4304
0.754 3.42949
0.755 3.42857
0.756 3.42762
0.757 3.42665
0.758 3.42566
0.759 3.42465
0.76 3.42362
0.761 3.42256
0.762 3.42148
0.763 3.42038
0.764 3.41926
0.765 3.41812
0.766 3.41695
0.767 3.41576
0.768 3.41455
0.769 3.41331
0.77 3.41205
0.771 3.41077
0.772 3.40946
0.773 3.40814
0.774 3.40679
0.775 3.40541
0.776 3.40402
0.777 3.4026
0.778 3.40116
0.779 3.39969
0.78 3.3982
0.781 3.3967
0.782 3.39516
0.783 3.39361
0.784 3.39203
0.785 3.39043
0.786 3.38881
0.787 3.38717
0.788 3.38551
0.789 3.38382
0.79 3.38211
0.791 3.38039
0.792 3.37864
0.793 3.37687
0.794 3.37508
0.795 3.37327
0.796 3.37144
0.797 3.36959
0.798 3.36773
0.799 3.36584
0.8 3.36394
0.801 3.36202
0.802 3.36008
0.803 3.35812
0.804 3.35615
0.805 3.35416
0.806 3.35215
0.807 3.35013
0.808 3.34809
0.809 3.34604
0.81 3.34398
0.811 3.3419
0.812 3.33981
0.813 3.3377
0.814 3.33558
0.815 3.33346
0.816 3.33132
0.817 3.32917
0.818 3.32701
0.819 3.32484
0.82 3.32266
0.821 3.32047
0.822 3.31828
0.823 3.31608
0.824 3.31387
0.825 3.31165
0.826 3.30943
0.827 3.30721
0.828 3.30498
0.829 3.30274
0.83 3.30051
0.831 3.29827
0.832 3.29603
0.833 3.29379
0.834 3.29154
0.835 3.2893
0.836 3.28706
0.837 3.28481
0.838 3.28257
0.839 3.28033
0.84 3.2781
0.841 3.27587
0.842 3.27364
0.843 3.27141
0.844 3.26919
0.845 3.26698
0.846 3.26477
0.847 3.26257
0.848 3.26037
0.849 3.25819
0.85 3.25601
0.851 3.25384
0.852 3.25168
0.853 3.24952
0.854 3.24738
0.855 3.24525
0.856 3.24313
0.857 3.24102
0.858 3.23892
0.859 3.23683
0.86 3.23476
0.861 3.2327
0.862 3.23065
0.863 3.22861
0.864 3.22659
0.865 3.22458
0.866 3.22259
0.867 3.22061
0.868 3.21865
0.869 3.2167
0.87 3.21477
0.871 3.21286
0.872 3.21096
0.873 3.20907
0.874 3.20721
0.875 3.20536
0.876 3.20352
0.877 3.20171
0.878 3.19991
0.879 3.19813
0.88 3.19636
0.881 3.19461
0.882 3.19289
0.883 3.19117
0.884 3.18948
0.885 3.18781
0.886 3.18615
0.887 3.18451
0.888 3.18289
0.889 3.18129
0.89 3.1797
0.891 3.17814
0.892 3.17659
0.893 3.17506
0.894 3.17355
0.895 3.17205
0.896 3.17058
0.897 3.16912
0.898 3.16768
0.899 3.16626
0.9 3.16486
0.901 3.16348
0.902 3.16211
0.903 3.16076
0.904 3.15943
0.905 3.15812
0.906 3.15682
0.907 3.15554
0.908 3.15428
0.909 3.15304
0.91 3.15181
0.911 3.1506
0.912 3.14941
0.913 3.14823
0.914 3.14707
0.915 3.14593
0.916 3.1448
0.917 3.14369
0.918 3.14259
0.919 3.14152
0.92 3.14045
0.921 3.1394
0.922 3.13837
0.923 3.13736
0.924 3.13635
0.925 3.13537
0.926 3.1344
0.927 3.13344
0.928 3.13249
0.929 3.13157
0.93 3.13065
0.931 3.12975
0.932 3.12887
0.933 3.12799
0.934 3.12713
0.935 3.12629
0.936 3.12545
0.937 3.12463
0.938 3.12383
0.939 3.12303
0.94 3.12225
0.941 3.12148
0.942 3.12073
0.943 3.11998
0.944 3.11925
0.945 3.11853
0.946 3.11782
0.947 3.11712
0.948 3.11643
0.949 3.11576
0.95 3.11509
0.951 3.11444
0.952 3.1138
0.953 3.11316
0.954 3.11254
0.955 3.11193
0.956 3.11133
0.957 3.11074
0.958 3.11016
0.959 3.10958
0.96 3.10902
0.961 3.10847
0.962 3.10793
0.963 3.10739
0.964 3.10687
0.965 3.10635
0.966 3.10584
0.967 3.10534
0.968 3.10485
0.969 3.10437
0.97 3.1039
0.971 3.10343
0.972 3.10298
0.973 3.10253
0.974 3.10209
0.975 3.10165
0.976 3.10123
0.977 3.10081
0.978 3.1004
0.979 3.1
0.98 3.0996
0.981 3.09921
0.982 3.09883
0.983 3.09846
0.984 3.09809
0.985 3.09773
0.986 3.09737
0.987 3.09703
0.988 3.09668
0.989 3.09635
0.99 3.09602
0.991 3.0957
0.992 3.09538
0.993 3.09507
0.994 3.09477
0.995 3.09447
0.996 3.09418
0.997 3.09389
0.998 3.09361
0.999 3.09333
1 3.09306
1.001 5
