0 -10
0.001 -5.51571
0.002 -5.50643
0.003 -5.49715
0.004 -5.48788
0.005 -5.4786
0.006 -5.46933
0.007 -5.46006
0.008 -5.45079
0.009 -5.44152
0.01 -5.43226
0.011 -5.42299
0.012 -5.41373
0.013 -5.40447
0.014 -5.39522
0.015 -5.38597
0.016 -5.37672
0.017 -5.36747
0.018 -5.35823
0.019 -5.34899
0.02 -5.33975
0.021 -5.33052
0.022 -5.32129
0.023 -5.31207
0.024 -5.30285
0.025 -5.29363
0.026 -5.28442
0.027 -5.27521
0.028 -5.26601
0.029 -5.25681
0.03 -5.24761
0.031 -5.23843
0.032 -5.22924
0.033 -5.22006
0.034 -5.21089
0.035 -5.20172
0.036 -5.19256
0.037 -5.18341
0.038 -5.17426
0.039 -5.16511
0.04 -5.15597
0.041 -5.14684
0.042 -5.13772
0.043 -5.1286
0.044 -5.11949
0.045 -5.11038
0.046 -5.10128
0.047 -5.09219
0.048 -5.08311
0.049 -5.07403
0.05 -5.06496
0.051 -5.0559
0.052 -5.04685
0.053 -5.0378
0.054 -5.02876
0.055 -5.01973
0.056 -5.01071
0.057 -5.0017
0.058 -4.99269
0.059 -4.98369
0.06 -4.97471
0.061 -4.96573
0.062 -4.95675
0.063 -4.94779
0.064 -4.93884
0.065 -4.92989
0.066 -4.92096
0.067 -4.91203
0.068 -4.90312
0.069 -4.89421
0.07 -4.88531
0.071 -4.87643
0.072 -4.86755
0.073 -4.85868
0.074 -4.84982
0.075 -4.84098
0.076 -4.83214
0.077 -4.82331
0.078 -4.81449
0.079 -4.80569
0.08 -4.79689
0.081 -4.78811
0.082 -4.77933
0.083 -4.77057
0.084 -4.76182
0.085 -4.75307
0.086 -4.74434
0.087 -4.73562
0.088 -4.72692
0.089 -4.71822
0.09 -4.70953
0.091 -4.70086
0.092 -4.69219
0.093 -4.68354
0.094 -4.6749
0.095 -4.66627
0.096 -4.65766
0.097 -4.64905
0.098 -4.64046
0.099 -4.63188
0.1 -4.62331
0.101 -4.61475
0.102 -4.60621
0.103 -4.59767
0.104 -4.58915
0.105 -4.58064
0.106 -4.57215
0.107 -4.56366
0.108 -4.55519
0.109 -4.54673
0.11 -4.53828
0.111 -4.52985
0.112 -4.52142
0.113 -4.51301
0.114 -4.50462
0.115 -4.49623
0.116 -4.48786
0.117 -4.4795
0.118 -4.47115
0.119 -4.46282
0.12 -4.4545
0.121 -4.44619
0.122 -4.43789
0.123 -4.42961
0.124 -4.42134
0.125 -4.41308
0.126 -4.40484
0.127 -4.39661
0.128 -4.38839
0.129 -4.38018
0.13 -4.37199
0.131 -4.36381
0.132 -4.35565
0.133 -4.34749
0.134 -4.33935
0.135 -4.33122
0.136 -4.32311
0.137 -4.31501
0.138 -4.30692
0.139 -4.29884
0.14 -4.29078
0.141 -4.28273
0.142 -4.27469
0.143 -4.26667
0.144 -4.25866
0.145 -4.25066
0.146 -4.24268
0.147 -4.23471
0.148 -4.22675
0.149 -4.2188
0.15 -4.21087
0.151 -4.20295
0.152 -4.19504
0.153 -4.18715
0.154 -4.17927
0.155 -4.1714
0.156 -4.16355
0.157 -4.15571
0.158 -4.14788
0.159 -4.14006
0.16 -4.13226
0.161 -4.12447
0.162 -4.11669
0.163 -4.10892
0.164 -4.10117
0.165 -4.09343
0.166 -4.0857
0.167 -4.07799
0.168 -4.07029
0.169 -4.0626
0.17 -4.05492
0.171 -4.04726
0.172 -4.03961
0.173 -4.03197
0.174 -4.02434
0.175 -4.01673
0.176 -4.00913
0.177 -4.00154
0.178 -3.99396
0.179 -3.98639
0.18 -3.97884
0.181 -3.9713
0.182 -3.96377
0.183 -3.95626
0.184 -3.94875
0.185 -3.94126
0.186 -3.93378
0.187 -3.92631
0.188 -3.91885
0.189 -3.91141
0.19 -3.90398
0.191 -3.89656
0.192 -3.88915
0.193 -3.88175
0.194 -3.87436
0.195 -3.86699
0.196 -3.85962
0.197 -3.85227
0.198 -3.84493
0.199 -3.8376
0.2 -3.83028
0.201 -3.82298
0.202 -3.81568
0.203 -3.80839
0.204 -3.80112
0.205 -3.79386
0.206 -3.78661
0.207 -3.77936
0.208 -3.77213
0.209 -3.76491
0.21 -3.75771
0.211 -3.75051
0.212 -3.74332
0.213 -3.73614
0.214 -3.72897
0.215 -3.72182
0.216 -3.71467
0.217 -3.70754
0.218 -3.70041
0.219 -3.69329
0.22 -3.68619
0.221 -3.67909
0.222 -3.67201
0.223 -3.66493
0.224 -3.65787
0.225 -3.65081
0.226 -3.64376
0.227 -3.63673
0.228 -3.6297
0.229 -3.62268
0.23 -3.61567
0.231 -3.60867
0.232 -3.60168
0.233 -3.5947
0.234 -3.58773
0.235 -3.58077
0.236 -3.57382
0.237 -3.56687
0.238 -3.55994
0.239 -3.55301
0.24 -3.5461
0.241 -3.53919
0.242 -3.53229
0.243 -3.5254
0.244 -3.51852
0.245 -3.51164
0.246 -3.50478
0.247 -3.49792
0.248 -3.49107
0.249 -3.48424
0.25 -3.4774
0.251 -3.47058
0.252 -3.46377
0.253 -3.45696
0.254 -3.45016
0.255 -3.44337
0.256 -3.43659
0.257 -3.42982
0.258 -3.42305
0.259 -3.41629
0.26 -3.40954
0.261 -3.4028
0.262 -3.39607
0.263 -3.38934
0.264 -3.38262
0.265 -3.37591
0.266 -3.36921
0.267 -3.36251
0.268 -3.35582
0.269 -3.34914
0.27 -3.34247
0.271 -3.3358
0.272 -3.32914
0.273 -3.32249
0.274 -3.31585
0.275 -3.30921
0.276 -3.30259
0.277 -3.29596
0.278 -3.28935
0.279 -3.28274
0.28 -3.27614
0.281 -3.26955
0.282 -3.26297
0.283 -3.25639
0.284 -3.24982
0.285 -3.24325
0.286 -3.2367
0.287 -3.23015
0.288 -3.2236
0.289 -3.21707
0.29 -3.21054
0.291 -3.20402
0.292 -3.19751
0.293 -3.191
0.294 -3.1845
0.295 -3.17801
0.296 -3.17152
0.297 -3.16504
0.298 -3.15857
0.299 -3.1521
0.3 -3.14564
0.301 -3.13919
0.302 -3.13275
0.303 -3.12631
0.304 -3.11988
0.305 -3.11346
0.306 -3.10704
0.307 -3.10063
0.308 -3.09423
0.309 -3.08783
0.31 -3.08144
0.311 -3.07506
0.312 -3.06868
0.313 -3.06231
0.314 -3.05595
0.315 -3.0496
0.316 -3.04325
0.317 -3.03691
0.318 -3.03057
0.319 -3.02425
0.32 -3.01793
0.321 -3.01161
0.322 -3.00531
0.323 -2.99901
0.324 -2.99272
0.325 -2.98643
0.326 -2.98015
0.327 -2.97388
0.328 -2.96761
0.329 -2.96136
0.33 -2.95511
0.331 -2.94886
0.332 -2.94262
0.333 -2.93639
0.334 -2.93017
0.335 -2.92395
0.336 -2.91774
0.337 -2.91154
0.338 -2.90535
0.339 -2.89916
0.34 -2.89297
0.341 -2.8868
0.342 -2.88063
0.343 -2.87447
0.344 -2.86832
0.345 -2.86217
0.346 -2.85603
0.347 -2.84989
0.348 -2.84377
0.349 -2.83765
0.35 -2.83153
0.351 -2.82543
0.352 -2.81933
0.353 -2.81324
0.354 -2.80715
0.355 -2.80107
0.356 -2.795
0.357 -2.78893
0.358 -2.78287
0.359 -2.77682
0.36 -2.77078
0.361 -2.76474
0.362 -2.75871
0.363 -2.75268
0.364 -2.74666
0.365 -2.74065
0.366 -2.73464
0.367 -2.72864
0.368 -2.72265
0.369 -2.71667
0.37 -2.71069
0.371 -2.70471
0.372 -2.69875
0.373 -2.69279
0.374 -2.68683
0.375 -2.68088
0.376 -2.67494
0.377 -2.66901
0.378 -2.66308
0.379 -2.65716
0.38 -2.65124
0.381 -2.64533
0.382 -2.63942
0.383 -2.63353
0.384 -2.62763
0.385 -2.62175
0.386 -2.61586
0.387 -2.60999
0.388 -2.60412
0.389 -2.59826
0.39 -2.5924
0.391 -2.58654
0.392 -2.5807
0.393 -2.57486
0.394 -2.56902
0.395 -2.56319
0.396 -2.55736
0.397 -2.55154
0.398 -2.54572
0.399 -2.53991
0.4 -2.53411
0.401 -2.52831
0.402 -2.52251
0.403 -2.51672
0.404 -2.51093
0.405 -2.50515
0.406 -2.49937
0.407 -2.4936
0.408 -2.48783
0.409 -2.48206
0.41 -2.4763
0.411 -2.47054
0.412 -2.46479
0.413 -2.45904
0.414 -2.4533
0.415 -2.44756
0.416 -2.44182
0.417 -2.43608
0.418 -2.43035
0.419 -2.42462
0.42 -2.4189
0.421 -2.41318
0.422 -2.40746
0.423 -2.40174
0.424 -2.39603
0.425 -2.39031
0.426 -2.38461
0.427 -2.3789
0.428 -2.3732
0.429 -2.36749
0.43 -2.36179
0.431 -2.3561
0.432 -2.3504
0.433 -2.34471
0.434 -2.33901
0.435 -2.33332
0.436 -2.32763
0.437 -2.32194
0.438 -2.31625
0.439 -2.31056
0.44 -2.30488
0.441 -2.29919
0.442 -2.2935
0.443 -2.28782
0.444 -2.28213
0.445 -2.27645
0.446 -2.27076
0.447 -2.26508
0.448 -2.25939
0.449 -2.2537
0.45 -2.24801
0.451 -2.24233
0.452 -2.23664
0.453 -2.23094
0.454 -2.22525
0.455 -2.21956
0.456 -2.21386
0.457 -2.20817
0.458 -2.20247
0.459 -2.19676
0.46 -2.19106
0.461 -2.18535
0.462 -2.17964
0.463 -2.17393
0.464 -2.16822
0.465 -2.1625
0.466 -2.15678
0.467 -2.15105
0.468 -2.14532
0.469 -2.13959
0.47 -2.13385
0.471 -2.12811
0.472 -2.12237
0.473 -2.11662
0.474 -2.11086
0.475 -2.1051
0.476 -2.09934
0.477 -2.09356
0.478 -2.08779
0.479 -2.08201
0.48 -2.07622
0.481 -2.07042
0.482 -2.06462
0.483 -2.05882
0.484 -2.053
0.485 -2.04718
0.486 -2.04135
0.487 -2.03552
0.488 -2.02968
0.489 -2.02382
0.49 -2.01797
0.491 -2.0121
0.492 -2.00622
0.493 -2.00034
0.494 -1.99445
0.495 -1.98855
0.496 -1.98264
0.497 -1.97672
0.498 -1.97079
0.499 -1.96485
0.5 -1.9589
0.501 -1.95294
0.502 -1.94697
0.503 -1.94099
0.504 -1.93499
0.505 -1.92899
0.506 -1.92298
0.507 -1.91695
0.508 -1.91091
0.509 -1.90486
0.51 -1.8988
0.511 -1.89273
0.512 -1.88664
0.513 -1.88054
0.514 -1.87442
0.515 -1.8683
0.516 -1.86216
0.517 -1.856
0.518 -1.84983
0.519 -1.84365
0.52 -1.83745
0.521 -1.83124
0.522 -1.82501
0.523 -1.81877
0.524 -1.81251
0.525 -1.80624
0.526 -1.79995
0.527 -1.79365
0.528 -1.78732
0.529 -1.78099
0.53 -1.77463
0.531 -1.76826
0.532 -1.76187
0.533 -1.75546
0.534 -1.74904
0.535 -1.7426
0.536 -1.73613
0.537 -1.72966
0.538 -1.72316
0.539 -1.71664
0.54 -1.7101
0.541 -1.70355
0.542 -1.69698
0.543 -1.69038
0.544 -1.68377
0.545 -1.67713
0.546 -1.67048
0.547 -1.6638
0.548 -1.65711
0.549 -1.65039
0.55 -1.64365
0.551 -1.63689
0.552 -1.63011
0.553 -1.62331
0.554 -1.61648
0.555 -1.60963
0.556 -1.60276
0.557 -1.59587
0.558 -1.58896
0.559 -1.58202
0.56 -1.57506
0.561 -1.56807
0.562 -1.56106
0.563 -1.55403
0.564 -1.54698
0.565 -1.5399
0.566 -1.5328
0.567 -1.52567
0.568 -1.51852
0.569 -1.51134
0.57 -1.50414
0.571 -1.49691
0.572 -1.48966
0.573 -1.48238
0.574 -1.47508
0.575 -1.46776
0.576 -1.46041
0.577 -1.45303
0.578 -1.44563
0.579 -1.4382
0.58 -1.43074
0.581 -1.42327
0.582 -1.41576
0.583 -1.40823
0.584 -1.40067
0.585 -1.39309
0.586 -1.38548
0.587 -1.37785
0.588 -1.37019
0.589 -1.36251
0.59 -1.35479
0.591 -1.34706
0.592 -1.3393
0.593 -1.33151
0.594 -1.32369
0.595 -1.31586
0.596 -1.30799
0.597 -1.3001
0.598 -1.29219
0.599 -1.28425
0.6 -1.27629
0.601 -1.2683
0.602 -1.26029
0.603 -1.25225
0.604 -1.24419
0.605 -1.23611
0.606 -1.228
0.607 -1.21988
0.608 -1.21172
0.609 -1.20355
0.61 -1.19535
0.611 -1.18714
0.612 -1.1789
0.613 -1.17064
0.614 -1.16236
0.615 -1.15406
0.616 -1.14574
0.617 -1.1374
0.618 -1.12904
0.619 -1.12067
0.62 -1.11228
0.621 -1.10387
0.622 -1.09544
0.623 -1.087
0.624 -1.07855
0.625 -1.07008
0.626 -1.0616
0.627 -1.0531
0.628 -1.04459
0.629 -1.03608
0.63 -1.02755
0.631 -1.01901
0.632 -1.01047
0.633 -1.00191
0.634 -0.993355
0.635 -0.98479
0.636 -0.976221
0.637 -0.967649
0.638 -0.959074
0.639 -0.950498
0.64 -0.941922
0.641 -0.933348
0.642 -0.924775
0.643 -0.916207
0.644 -0.907643
0.645 -0.899086
0.646 -0.890536
0.647 -0.881996
0.648 -0.873466
0.649 -0.864948
0.65 -0.856443
0.651 -0.847953
0.652 -0.83948
0.653 -0.831025
0.654 -0.82259
0.655 -0.814177
0.656 -0.805786
0.657 -0.797421
0.658 -0.789082
0.659 -0.780772
0.66 -0.772492
0.661 -0.764245
0.662 -0.756031
0.663 -0.747854
0.664 -0.739715
0.665 -0.731616
0.666 -0.72356
0.667 -0.715547
0.668 -0.707582
0.669 -0.699664
0.67 -0.691798
0.671 -0.683984
0.672 -0.676225
0.673 -0.668524
0.674 -0.660883
0.675 -0.653304
0.676 -0.645789
0.677 -0.638341
0.678 -0.630962
0.679 -0.623654
0.68 -0.61642
0.681 -0.609263
0.682 -0.602185
0.683 -0.595188
0.684 -0.588275
0.685 -0.581448
0.686 -0.57471
0.687 -0.568064
0.688 -0.561511
0.689 -0.555055
0.69 -0.548698
0.691 -0.542443
0.692 -0.536293
0.693 -0.530249
0.694 -0.524314
0.695 -0.518492
0.696 -0.512784
0.697 -0.507193
0.698 -0.501722
0.699 -0.496374
0.7 -0.49115
0.701 -0.486054
0.702 -0.481087
0.703 -0.476253
0.704 -0.471555
0.705 -0.466993
0.706 -0.462572
0.707 -0.458293
0.708 -0.454159
0.709 -0.450172
0.71 -0.446335
0.711 -0.442649
0.712 -0.439118
0.713 -0.435744
0.714 -0.432528
0.715 -0.429473
0.716 -0.426582
0.717 -0.423855
0.718 -0.421297
0.719 -0.418907
0.72 -0.416689
0.721 -0.414645
0.722 -0.412776
0.723 -0.411084
0.724 -0.409571
0.725 -0.408239
0.726 -0.407089
0.727 -0.406124
0.728 -0.405344
0.729 -0.404752
0.73 -0.404348
0.731 -0.404135
0.732 -0.404113
0.733 -0.404284
0.734 -0.404649
0.735 -0.40521
0.736 -0.405967
0.737 -0.406921
0.738 -0.408073
0.739 -0.409425
0.74 -0.410977
0.741 -0.41273
0.742 -0.414685
0.743 -0.416841
0.744 -0.419201
0.745 -0.421764
0.746 -0.42453
0.747 -0.4275
0.748 -0.430675
0.749 -0.434053
0.75 -0.437637
0.751 -0.441425
0.752 -0.445417
0.753 -0.449614
0.754 -0.454015
0.755 -0.45862
0.756 -0.463428
0.757 -0.46844
0.758 -0.473654
0.759 -0.479071
0.76 -0.484689
0.761 -0.490508
0.762 -0.496526
0.763 -0.502744
0.764 -0.50916
0.765 -0.515774
0.766 -0.522583
0.767 -0.529588
0.768 -0.536786
0.769 -0.544177
0.77 -0.551759
0.771 -0.55953
0.772 -0.56749
0.773 -0.575637
0.774 -0.583968
0.775 -0.592484
0.776 -0.601181
0.777 -0.610057
0.778 -0.619112
0.779 -0.628343
0.78 -0.637748
0.781 -0.647326
0.782 -0.657073
0.783 -0.666988
0.784 -0.677069
0.785 -0.687314
0.786 -0.69772
0.787 -0.708284
0.788 -0.719005
0.789 -0.729881
0.79 -0.740908
0.791 -0.752084
0.792 -0.763406
0.793 -0.774873
0.794 -0.786481
0.795 -0.798227
0.796 -0.81011
0.797 -0.822126
0.798 -0.834272
0.799 -0.846547
0.8 -0.858946
0.801 -0.871467
0.802 -0.884108
0.803 -0.896865
0.804 -0.909736
0.805 -0.922718
0.806 -0.935807
0.807 -0.949001
0.808 -0.962297
0.809 -0.975692
0.81 -0.989183
0.811 -1.00277
0.812 -1.01644
0.813 -1.0302
0.814 -1.04405
0.815 -1.05797
0.816 -1.07198
0.817 -1.08606
0.818 -1.10021
0.819 -1.11443
0.82 -1.12872
0.821 -1.14307
0.822 -1.15749
0.823 -1.17196
0.824 -1.18648
0.825 -1.20106
0.826 -1.21568
0.827 -1.23036
0.828 -1.24507
0.829 -1.25983
0.83 -1.27462
0.831 -1.28945
0.832 -1.30431
0.833 -1.3192
0.834 -1.33412
0.835 -1.34907
0.836 -1.36403
0.837 -1.37901
0.838 -1.39402
0.839 -1.40903
0.84 -1.42406
0.841 -1.4391
0.842 -1.45414
0.843 -1.46919
0.844 -1.48424
0.845 -1.49929
0.846 -1.51434
0.847 -1.52938
0.848 -1.54442
0.849 -1.55945
0.85 -1.57446
0.851 -1.58947
0.852 -1.60446
0.853 -1.61943
0.854 -1.63438
0.855 -1.64932
0.856 -1.66423
0.857 -1.67911
0.858 -1.69397
0.859 -1.7088
0.86 -1.72361
0.861 -1.73838
0.862 -1.75311
0.863 -1.76782
0.864 -1.78248
0.865 -1.79711
0.866 -1.81171
0.867 -1.82626
0.868 -1.84076
0.869 -1.85523
0.87 -1.86965
0.871 -1.88403
0.872 -1.89836
0.873 -1.91264
0.874 -1.92687
0.875 -1.94105
0.876 -1.95518
0.877 -1.96926
0.878 -1.98329
0.879 -1.99726
0.88 -2.01118
0.881 -2.02504
0.882 -2.03884
0.883 -2.05259
0.884 -2.06628
0.885 -2.07991
0.886 -2.09347
0.887 -2.10698
0.888 -2.12043
0.889 -2.13382
0.89 -2.14714
0.891 -2.1604
0.892 -2.1736
0.893 -2.18674
0.894 -2.19981
0.895 -2.21281
0.896 -2.22575
0.897 -2.23863
0.898 -2.25144
0.899 -2.26418
0.9 -2.27686
0.901 -2.28947
0.902 -2.30202
0.903 -2.31449
0.904 -2.3269
0.905 -2.33924
0.906 -2.35152
0.907 -2.36373
0.908 -2.37587
0.909 -2.38794
0.91 -2.39994
0.911 -2.41188
0.912 -2.42374
0.913 -2.43554
0.914 -2.44727
0.915 -2.45894
0.916 -2.47053
0.917 -2.48206
0.918 -2.49352
0.919 -2.50491
0.92 -2.51624
0.921 -2.52749
0.922 -2.53868
0.923 -2.5498
0.924 -2.56086
0.925 -2.57185
0.926 -2.58277
0.927 -2.59362
0.928 -2.60441
0.929 -2.61513
0.93 -2.62579
0.931 -2.63638
0.932 -2.6469
0.933 -2.65736
0.934 -2.66776
0.935 -2.67809
0.936 -2.68835
0.937 -2.69856
0.938 -2.70869
0.939 -2.71877
0.94 -2.72878
0.941 -2.73873
0.942 -2.74861
0.943 -2.75844
0.944 -2.7682
0.945 -2.7779
0.946 -2.78754
0.947 -2.79712
0.948 -2.80664
0.949 -2.81609
0.95 -2.82549
0.951 -2.83483
0.952 -2.84411
0.953 -2.85333
0.954 -2.86249
0.955 -2.8716
0.956 -2.88065
0.957 -2.88964
0.958 -2.89857
0.959 -2.90745
0.96 -2.91627
0.961 -2.92504
0.962 -2.93375
0.963 -2.9424
0.964 -2.95101
0.965 -2.95955
0.966 -2.96805
0.967 -2.97649
0.968 -2.98488
0.969 -2.99322
0.97 -3.0015
0.971 -3.00973
0.972 -3.01792
0.973 -3.02605
0.974 -3.03413
0.975 -3.04216
0.976 -3.05014
0.977 -3.05807
0.978 -3.06596
0.979 -3.0738
0.98 -3.08158
0.981 -3.08933
0.982 -3.09702
0.983 -3.10467
0.984 -3.11227
0.985 -3.11982
0.986 -3.12733
0.987 -3.1348
0.988 -3.14222
0.989 -3.1496
0.99 -3.15693
0.991 -3.16422
0.992 -3.17146
0.993 -3.17867
0.994 -3.18583
0.995 -3.19295
0.996 -3.20002
0.997 -3.20706
0.998 -3.21406
0.999 -3.22101
1 -3.22793
1.001 -10
