0 5
0.001 3.17721
0.002 3.17569
0.003 3.17417
0.004 3.17266
0.005 3.17116
0.006 3.16966
0.007 3.16818
0.008 3.1667
0.009 3.16523
0.01 3.16376
0.011 3.16231
0.012 3.16086
0.013 3.15942
0.014 3.15799
0.015 3.15657
0.016 3.15516
0.017 3.15375
0.018 3.15236
0.019 3.15097
0.02 3.14959
0.021 3.14822
0.022 3.14686
0.023 3.14551
0.024 3.14417
0.025 3.14284
0.026 3.14152
0.027 3.1402
0.028 3.1389
0.029 3.1376
0.03 3.13632
0.031 3.13505
0.032 3.13378
0.033 3.13253
0.034 3.13129
0.035 3.13005
0.036 3.12883
0.037 3.12762
0.038 3.12641
0.039 3.12522
0.04 3.12404
0.041 3.12287
0.042 3.12171
0.043 3.12056
0.044 3.11943
0.045 3.1183
0.046 3.11719
0.047 3.11608
0.048 3.11499
0.049 3.11391
0.05 3.11284
0.051 3.11178
0.052 3.11073
0.053 3.1097
0.054 3.10868
0.055 3.10767
0.056 3.10667
0.057 3.10568
0.058 3.10471
0.059 3.10374
0.06 3.10279
0.061 3.10185
0.062 3.10093
0.063 3.10001
0.064 3.09911
0.065 3.09822
0.066 3.09735
0.067 3.09648
0.068 3.09563
0.069 3.09479
0.07 3.09397
0.071 3.09316
0.072 3.09236
0.073 3.09157
0.074 3.09079
0.075 3.09003
0.076 3.08929
0.077 3.08855
0.078 3.08783
0.079 3.08712
0.08 3.08642
0.081 3.08574
0.082 3.08507
0.083 3.08442
0.084 3.08377
0.085 3.08314
0.086 3.08253
0.087 3.08192
0.088 3.08133
0.089 3.08076
0.09 3.0802
0.091 3.07965
0.092 3.07911
0.093 3.07859
0.094 3.07808
0.095 3.07758
0.096 3.0771
0.097 3.07663
0.098 3.07618
0.099 3.07574
0.1 3.07531
0.101 3.07489
0.102 3.07449
0.103 3.0741
0.104 3.07373
0.105 3.07337
0.106 3.07302
0.107 3.07269
0.108 3.07236
0.109 3.07206
0.11 3.07176
0.111 3.07148
0.112 3.07121
0.113 3.07096
0.114 3.07072
0.115 3.07049
0.116 3.07027
0.117 3.07007
0.118 3.06988
0.119 3.06971
0.12 3.06955
0.121 3.0694
0.122 3.06926
0.123 3.06914
0.124 3.06902
0.125 3.06893
0.126 3.06884
0.127 3.06877
0.128 3.06871
0.129 3.06866
0.13 3.06863
0.131 3.0686
0.132 3.06859
0.133 3.0686
0.134 3.06861
0.135 3.06864
0.136 3.06868
0.137 3.06873
0.138 3.06879
0.139 3.06887
0.14 3.06896
0.141 3.06906
0.142 3.06917
0.143 3.06929
0.144 3.06942
0.145 3.06957
0.146 3.06973
0.147 3.0699
0.148 3.07008
0.149 3.07027
0.15 3.07047
0.151 3.07069
0.152 3.07091
0.153 3.07115
0.154 3.0714
0.155 3.07166
0.156 3.07193
0.157 3.07221
0.158 3.0725
0.159 3.0728
0.16 3.07311
0.161 3.07343
0.162 3.07376
0.163 3.0741
0.164 3.07446
0.165 3.07482
0.166 3.07519
0.167 3.07557
0.168 3.07597
0.169 3.07637
0.17 3.07678
0.171 3.0772
0.172 3.07763
0.173 3.07807
0.174 3.07852
0.175 3.07898
0.176 3.07945
0.177 3.07992
0.178 3.08041
0.179 3.0809
0.18 3.08141
0.181 3.08192
0.182 3.08244
0.183 3.08297
0.184 3.0835
0.185 3.08405
0.186 3.0846
0.187 3.08517
0.188 3.08574
0.189 3.08631
0.19 3.0869
0.191 3.0875
0.192 3.0881
0.193 3.08871
0.194 3.08932
0.195 3.08995
0.196 3.09058
0.197 3.09122
0.198 3.09187
0.199 3.09252
0.2 3.09318
0.201 3.09385
0.202 3.09452
0.203 3.09521
0.204 3.0959
0.205 3.09659
0.206 3.09729
0.207 3.098
0.208 3.09872
0.209 3.09944
0.21 3.10017
0.211 3.1009
0.212 3.10164
0.213 3.10239
0.214 3.10314
0.215 3.1039
0.216 3.10466
0.217 3.10543
0.218 3.10621
0.219 3.10699
0.22 3.10778
0.221 3.10857
0.222 3.10937
0.223 3.11017
0.224 3.11098
0.225 3.1118
0.226 3.11262
0.227 3.11344
0.228 3.11427
0.229 3.1151
0.23 3.11594
0.231 3.11679
0.232 3.11764
0.233 3.11849
0.234 3.11935
0.235 3.12021
0.236 3.12108
0.237 3.12195
0.238 3.12283
0.239 3.12371
0.24 3.1246
0.241 3.12549
0.242 3.12638
0.243 3.12728
0.244 3.12818
0.245 3.12909
0.246 3.13
0.247 3.13091
0.248 3.13183
0.249 3.13275
0.25 3.13368
0.251 3.1346
0.252 3.13554
0.253 3.13647
0.254 3.13741
0.255 3.13835
0.256 3.1393
0.257 3.14025
0.258 3.1412
0.259 3.14216
0.26 3.14312
0.261 3.14408
0.262 3.14505
0.263 3.14601
0.264 3.14699
0.265 3.14796
0.266 3.14894
0.267 3.14992
0.268 3.1509
0.269 3.15188
0.27 3.15287
0.271 3.15386
0.272 3.15486
0.273 3.15585
0.274 3.15685
0.275 3.15785
0.276 3.15885
0.277 3.15986
0.278 3.16086
0.279 3.16187
0.28 3.16288
0.281 3.1639
0.282 3.16491
0.283 3.16593
0.284 3.16695
0.285 3.16797
0.286 3.16899
0.287 3.17002
0.288 3.17104
0.289 3.17207
0.29 3.1731
0.291 3.17413
0.292 3.17516
0.293 3.1762
0.294 3.17723
0.295 3.17827
0.296 3.17931
0.297 3.18035
0.298 3.18139
0.299 3.18243
0.3 3.18347
0.301 3.18452
0.302 3.18556
0.303 3.18661
0.304 3.18766
0.305 3.18871
0.306 3.18975
0.307 3.1908
0.308 3.19185
0.309 3.19291
0.31 3.19396
0.311 3.19501
0.312 3.19606
0.313 3.19712
0.314 3.19817
0.315 3.19923
0.316 3.20028
0.317 3.20134
0.318 3.20239
0.319 3.20345
0.32 3.2045
0.321 3.20556
0.322 3.20662
0.323 3.20767
0.324 3.20873
0.325 3.20979
0.326 3.21084
0.327 3.2119
0.328 3.21296
0.329 3.21401
0.33 3.21507
0.331 3.21612
0.332 3.21718
0.333 3.21824
0.334 3.21929
0.335 3.22034
0.336 3.2214
0.337 3.22245
0.338 3.2235
0.339 3.22456
0.34 3.22561
0.341 3.22666
0.342 3.22771
0.343 3.22876
0.344 3.22981
0.345 3.23086
0.346 3.2319
0.347 3.23295
0.348 3.234
0.349 3.23504
0.35 3.23608
0.351 3.23713
0.352 3.23817
0.353 3.23921
0.354 3.24025
0.355 3.24129
0.356 3.24232
0.357 3.24336
0.358 3.24439
0.359 3.24543
0.36 3.24646
0.361 3.24749
0.362 3.24852
0.363 3.24954
0.364 3.25057
0.365 3.25159
0.366 3.25262
0.367 3.25364
0.368 3.25466
0.369 3.25568
0.37 3.2567
0.371 3.25771
0.372 3.25872
0.373 3.25974
0.374 3.26075
0.375 3.26175
0.376 3.26276
0.377 3.26377
0.378 3.26477
0.379 3.26577
0.38 3.26677
0.381 3.26777
0.382 3.26876
0.383 3.26976
0.384 3.27075
0.385 3.27174
0.386 3.27272
0.387 3.27371
0.388 3.27469
0.389 3.27568
0.39 3.27665
0.391 3.27763
0.392 3.27861
0.393 3.27958
0.394 3.28055
0.395 3.28152
0.396 3.28249
0.397 3.28345
0.398 3.28441
0.399 3.28537
0.4 3.28633
0.401 3.28729
0.402 3.28824
0.403 3.28919
0.404 3.29014
0.405 3.29109
0.406 3.29203
0.407 3.29297
0.408 3.29391
0.409 3.29485
0.41 3.29579
0.411 3.29672
0.412 3.29765
0.413 3.29858
0.414 3.2995
0.415 3.30042
0.416 3.30135
0.417 3.30226
0.418 3.30318
0.419 3.30409
0.42 3.305
0.421 3.30591
0.422 3.30682
0.423 3.30772
0.424 3.30863
0.425 3.30952
0.426 3.31042
0.427 3.31132
0.428 3.31221
0.429 3.3131
0.43 3.31398
0.431 3.31487
0.432 3.31575
0.433 3.31663
0.434 3.31751
0.435 3.31838
0.436 3.31926
0.437 3.32013
0.438 3.32099
0.439 3.32186
0.44 3.32272
0.441 3.32358
0.442 3.32444
0.443 3.3253
0.444 3.32615
0.445 3.327
0.446 3.32785
0.447 3.3287
0.448 3.32954
0.449 3.33038
0.45 3.33122
0.451 3.33206
0.452 3.33289
0.453 3.33372
0.454 3.33455
0.455 3.33538
0.456 3.33621
0.457 3.33703
0.458 3.33785
0.459 3.33867
0.46 3.33949
0.461 3.3403
0.462 3.34111
0.463 3.34192
0.464 3.34273
0.465 3.34353
0.466 3.34433
0.467 3.34513
0.468 3.34593
0.469 3.34673
0.47 3.34752
0.471 3.34831
0.472 3.3491
0.473 3.34989
0.474 3.35068
0.475 3.35146
0.476 3.35224
0.477 3.35302
0.478 3.3538
0.479 3.35457
0.48 3.35534
0.481 3.35611
0.482 3.35688
0.483 3.35765
0.484 3.35841
0.485 3.35918
0.486 3.35994
0.487 3.3607
0.488 3.36145
0.489 3.36221
0.49 3.36296
0.491 3.36371
0.492 3.36446
0.493 3.36521
0.494 3.36595
0.495 3.3667
0.496 3.36744
0.497 3.36818
0.498 3.36891
0.499 3.36965
0.5 3.37039
0.501 3.37112
0.502 3.37185
0.503 3.37258
0.504 3.37331
0.505 3.37403
0.506 3.37476
0.507 3.37548
0.508 3.3762
0.509 3.37692
0.51 3.37763
0.511 3.37835
0.512 3.37906
0.513 3.37978
0.514 3.38049
0.515 3.3812
0.516 3.38191
0.517 3.38261
0.518 3.38332
0.519 3.38402
0.52 3.38472
0.521 3.38542
0.522 3.38612
0.523 3.38682
0.524 3.38751
0.525 3.38821
0.526 3.3889
0.527 3.38959
0.528 3.39028
0.529 3.39097
0.53 3.39166
0.531 3.39235
0.532 3.39303
0.533 3.39371
0.534 3.3944
0.535 3.39508
0.536 3.39576
0.537 3.39644
0.538 3.39711
0.539 3.39779
0.54 3.39846
0.541 3.39914
0.542 3.39981
0.543 3.40048
0.544 3.40115
0.545 3.40182
0.546 3.40248
0.547 3.40315
0.548 3.40381
0.549 3.40448
0.55 3.40514
0.551 3.4058
0.552 3.40646
0.553 3.40712
0.554 3.40777
0.555 3.40843
0.556 3.40909
0.557 3.40974
0.558 3.41039
0.559 3.41104
0.56 3.41169
0.561 3.41234
0.562 3.41299
0.563 3.41363
0.564 3.41428
0.565 3.41492
0.566 3.41556
0.567 3.4162
0.568 3.41684
0.569 3.41748
0.57 3.41812
0.571 3.41875
0.572 3.41939
0.573 3.42002
0.574 3.42065
0.575 3.42128
0.576 3.42191
0.577 3.42254
0.578 3.42316
0.579 3.42379
0.58 3.42441
0.581 3.42503
0.582 3.42565
0.583 3.42626
0.584 3.42688
0.585 3.42749
0.586 3.4281
0.587 3.42871
0.588 3.42932
0.589 3.42992
0.59 3.43053
0.591 3.43113
0.592 3.43173
0.593 3.43232
0.594 3.43292
0.595 3.43351
0.596 3.4341
0.597 3.43468
0.598 3.43527
0.599 3.43585
0.6 3.43643
0.601 3.437
0.602 3.43757
0.603 3.43814
0.604 3.43871
0.605 3.43927
0.606 3.43983
0.607 3.44038
0.608 3.44093
0.609 3.44148
0.61 3.44203
0.611 3.44257
0.612 3.4431
0.613 3.44363
0.614 3.44416
0.615 3.44468
0.616 3.4452
0.617 3.44571
0.618 3.44622
0.619 3.44672
0.62 3.44721
0.621 3.4477
0.622 3.44819
0.623 3.44867
0.624 3.44914
0.625 3.4496
0.626 3.45006
0.627 3.45051
0.628 3.45096
0.629 3.45139
0.63 3.45182
0.631 3.45225
0.632 3.45266
0.633 3.45307
0.634 3.45346
0.635 3.45385
0.636 3.45423
0.637 3.4546
0.638 3.45496
0.639 3.45531
0.64 3.45565
0.641 3.45598
0.642 3.4563
0.643 3.4566
0.644 3.4569
0.645 3.45718
0.646 3.45745
0.647 3.45771
0.648 3.45796
0.649 3.45819
0.65 3.45841
0.651 3.45862
0.652 3.45881
0.653 3.45899
0.654 3.45915
0.655 3.4593
0.656 3.45943
0.657 3.45954
0.658 3.45964
0.659 3.45972
0.66 3.45979
0.661 3.45983
0.662 3.45986
0.663 3.45987
0.664 3.45986
0.665 3.45984
0.666 3.45979
0.667 3.45972
0.668 3.45963
0.669 3.45952
0.67 3.45939
0.671 3.45924
0.672 3.45906
0.673 3.45887
0.674 3.45864
0.675 3.4584
0.676 3.45813
0.677 3.45784
0.678 3.45752
0.679 3.45718
0.68 3.45681
0.681 3.45641
0.682 3.45599
0.683 3.45555
0.684 3.45507
0.685 3.45457
0.686 3.45404
0.687 3.45348
0.688 3.45289
0.689 3.45227
0.69 3.45163
0.691 3.45095
0.692 3.45024
0.693 3.44951
0.694 3.44874
0.695 3.44794
0.696 3.44711
0.697 3.44625
0.698 3.44536
0.699 3.44443
0.7 3.44347
0.701 3.44248
0.702 3.44146
0.703 3.4404
0.704 3.43931
0.705 3.43819
0.706 3.43704
0.707 3.43585
0.708 3.43462
0.709 3.43337
0.71 3.43208
0.711 3.43075
0.712 3.4294
0.713 3.42801
0.714 3.42658
0.715 3.42512
0.716 3.42363
0.717 3.4221
0.718 3.42054
0.719 3.41895
0.72 3.41732
0.721 3.41566
0.722 3.41397
0.723 3.41225
0.724 3.41049
0.725 3.4087
0.726 3.40688
0.727 3.40503
0.728 3.40315
0.729 3.40123
0.73 3.39929
0.731 3.39731
0.732 3.39531
0.733 3.39328
0.734 3.39122
0.735 3.38913
0.736 3.38701
0.737 3.38487
0.738 3.3827
0.739 3.3805
0.74 3.37828
0.741 3.37603
0.742 3.37376
0.743 3.37146
0.744 3.36915
0.745 3.36681
0.746 3.36445
0.747 3.36207
0.748 3.35967
0.749 3.35725
0.75 3.35481
0.751 3.35235
0.752 3.34988
0.753 3.34739
0.754 3.34488
0.755 3.34236
0.756 3.33983
0.757 3.33728
0.758 3.33472
0.759 3.33215
0.76 3.32957
0.761 3.32698
0.762 3.32438
0.763 3.32178
0.764 3.31916
0.765 3.31654
0.766 3.31392
0.767 3.31129
0.768 3.30865
0.769 3.30601
0.77 3.30338
0.771 3.30073
0.772 3.29809
0.773 3.29545
0.774 3.29281
0.775 3.29017
0.776 3.28754
0.777 3.28491
0.778 3.28228
0.779 3.27966
0.78 3.27704
0.781 3.27443
0.782 3.27182
0.783 3.26923
0.784 3.26664
0.785 3.26406
0.786 3.26149
0.787 3.25893
0.788 3.25639
0.789 3.25385
0.79 3.25133
0.791 3.24882
0.792 3.24632
0.793 3.24383
0.794 3.24136
0.795 3.23891
0.796 3.23647
0.797 3.23405
0.798 3.23164
0.799 3.22925
0.8 3.22688
0.801 3.22452
0.802 3.22218
0.803 3.21986
0.804 3.21756
0.805 3.21528
0.806 3.21302
0.807 3.21077
0.808 3.20855
0.809 3.20635
0.81 3.20416
0.811 3.202
0.812 3.19986
0.813 3.19774
0.814 3.19564
0.815 3.19356
0.816 3.1915
0.817 3.18946
0.818 3.18745
0.819 3.18546
0.82 3.18349
0.821 3.18154
0.822 3.17961
0.823 3.17771
0.824 3.17582
0.825 3.17396
0.826 3.17212
0.827 3.17031
0.828 3.16851
0.829 3.16674
0.83 3.16499
0.831 3.16326
0.832 3.16156
0.833 3.15987
0.834 3.15821
0.835 3.15657
0.836 3.15495
0.837 3.15335
0.838 3.15177
0.839 3.15022
0.84 3.14868
0.841 3.14717
0.842 3.14568
0.843 3.14421
0.844 3.14276
0.845 3.14133
0.846 3.13992
0.847 3.13853
0.848 3.13716
0.849 3.13581
0.85 3.13449
0.851 3.13318
0.852 3.13189
0.853 3.13062
0.854 3.12937
0.855 3.12813
0.856 3.12692
0.857 3.12572
0.858 3.12455
0.859 3.12339
0.86 3.12225
0.861 3.12113
0.862 3.12002
0.863 3.11894
0.864 3.11787
0.865 3.11681
0.866 3.11578
0.867 3.11476
0.868 3.11375
0.869 3.11277
0.87 3.1118
0.871 3.11084
0.872 3.1099
0.873 3.10898
0.874 3.10807
0.875 3.10718
0.876 3.1063
0.877 3.10544
0.878 3.10459
0.879 3.10376
0.88 3.10294
0.881 3.10213
0.882 3.10134
0.883 3.10056
0.884 3.0998
0.885 3.09904
0.886 3.09831
0.887 3.09758
0.888 3.09687
0.889 3.09617
0.89 3.09548
0.891 3.09481
0.892 3.09414
0.893 3.09349
0.894 3.09285
0.895 3.09222
0.896 3.09161
0.897 3.091
0.898 3.09041
0.899 3.08982
0.9 3.08925
0.901 3.08869
0.902 3.08814
0.903 3.08759
0.904 3.08706
0.905 3.08654
0.906 3.08603
0.907 3.08553
0.908 3.08504
0.909 3.08455
0.91 3.08408
0.911 3.08362
0.912 3.08316
0.913 3.08271
0.914 3.08228
0.915 3.08185
0.916 3.08143
0.917 3.08101
0.918 3.08061
0.919 3.08021
0.92 3.07983
0.921 3.07945
0.922 3.07907
0.923 3.07871
0.924 3.07835
0.925 3.078
0.926 3.07766
0.927 3.07733
0.928 3.077
0.929 3.07668
0.93 3.07636
0.931 3.07606
0.932 3.07575
0.933 3.07546
0.934 3.07517
0.935 3.07489
0.936 3.07462
0.937 3.07435
0.938 3.07408
0.939 3.07383
0.94 3.07358
0.941 3.07333
0.942 3.07309
0.943 3.07286
0.944 3.07263
0.945 3.07241
0.946 3.07219
0.947 3.07198
0.948 3.07177
0.949 3.07157
0.95 3.07137
0.951 3.07118
0.952 3.07099
0.953 3.07081
0.954 3.07063
0.955 3.07046
0.956 3.07029
0.957 3.07013
0.958 3.06997
0.959 3.06981
0.96 3.06966
0.961 3.06952
0.962 3.06938
0.963 3.06924
0.964 3.06911
0.965 3.06898
0.966 3.06885
0.967 3.06873
0.968 3.06861
0.969 3.0685
0.97 3.06839
0.971 3.06828
0.972 3.06818
0.973 3.06808
0.974 3.06799
0.975 3.06789
0.976 3.06781
0.977 3.06772
0.978 3.06764
0.979 3.06756
0.98 3.06748
0.981 3.06741
0.982 3.06734
0.983 3.06728
0.984 3.06722
0.985 3.06716
0.986 3.0671
0.987 3.06705
0.988 3.067
0.989 3.06695
0.99 3.0669
0.991 3.06686
0.992 3.06682
0.993 3.06678
0.994 3.06675
0.995 3.06672
0.996 3.06669
0.997 3.06666
0.998 3.06664
0.999 3.06662
1 3.0666
1.001 5
