0 0
0.001 0.648928
0.002 0.653136
0.003 0.657342
0.004 0.661546
0.005 0.665747
0.006 0.669946
0.007 0.674143
0.008 0.678337
0.009 0.682529
0.01 0.686718
0.011 0.690905
0.012 0.695089
0.013 0.69927
0.014 0.703448
0.015 0.707624
0.016 0.711797
0.017 0.715967
0.018 0.720133
0.019 0.724297
0.02 0.728458
0.021 0.732615
0.022 0.736769
0.023 0.74092
0.024 0.745068
0.025 0.749212
0.026 0.753353
0.027 0.75749
0.028 0.761624
0.029 0.765754
0.03 0.769881
0.031 0.774004
0.032 0.778123
0.033 0.782239
0.034 0.78635
0.035 0.790458
0.036 0.794562
0.037 0.798662
0.038 0.802758
0.039 0.80685
0.04 0.810938
0.041 0.815022
0.042 0.819101
0.043 0.823177
0.044 0.827248
0.045 0.831315
0.046 0.835378
0.047 0.839436
0.048 0.84349
0.049 0.84754
0.05 0.851585
0.051 0.855626
0.052 0.859662
0.053 0.863694
0.054 0.867721
0.055 0.871744
0.056 0.875762
0.057 0.879776
0.058 0.883785
0.059 0.887789
0.06 0.891789
0.061 0.895784
0.062 0.899774
0.063 0.90376
0.064 0.90774
0.065 0.911717
0.066 0.915688
0.067 0.919655
0.068 0.923616
0.069 0.927573
0.07 0.931526
0.071 0.935473
0.072 0.939416
0.073 0.943354
0.074 0.947287
0.075 0.951215
0.076 0.955139
0.077 0.959058
0.078 0.962971
0.079 0.966881
0.08 0.970785
0.081 0.974685
0.082 0.978579
0.083 0.982469
0.084 0.986355
0.085 0.990235
0.086 0.994111
0.087 0.997982
0.088 1.00185
0.089 1.00571
0.09 1.00957
0.091 1.01342
0.092 1.01727
0.093 1.02111
0.094 1.02495
0.095 1.02878
0.096 1.03261
0.097 1.03644
0.098 1.04026
0.099 1.04408
0.1 1.04789
0.101 1.0517
0.102 1.0555
0.103 1.0593
0.104 1.06309
0.105 1.06688
0.106 1.07067
0.107 1.07445
0.108 1.07823
0.109 1.082
0.11 1.08577
0.111 1.08954
0.112 1.0933
0.113 1.09706
0.114 1.10081
0.115 1.10456
0.116 1.1083
0.117 1.11205
0.118 1.11579
0.119 1.11952
0.12 1.12325
0.121 1.12698
0.122 1.1307
0.123 1.13442
0.124 1.13814
0.125 1.14186
0.126 1.14557
0.127 1.14927
0.128 1.15298
0.129 1.15668
0.13 1.16038
0.131 1.16407
0.132 1.16776
0.133 1.17145
0.134 1.17514
0.135 1.17882
0.136 1.1825
0.137 1.18618
0.138 1.18986
0.139 1.19353
0.14 1.1972
0.141 1.20087
0.142 1.20453
0.143 1.2082
0.144 1.21186
0.145 1.21552
0.146 1.21917
0.147 1.22283
0.148 1.22648
0.149 1.23013
0.15 1.23378
0.151 1.23743
0.152 1.24107
0.153 1.24471
0.154 1.24836
0.155 1.252
0.156 1.25564
0.157 1.25927
0.158 1.26291
0.159 1.26654
0.16 1.27018
0.161 1.27381
0.162 1.27744
0.163 1.28107
0.164 1.2847
0.165 1.28833
0.166 1.29196
0.167 1.29559
0.168 1.29921
0.169 1.30284
0.17 1.30647
0.171 1.31009
0.172 1.31372
0.173 1.31734
0.174 1.32097
0.175 1.32459
0.176 1.32822
0.177 1.33184
0.178 1.33547
0.179 1.33909
0.18 1.34272
0.181 1.34634
0.182 1.34997
0.183 1.35359
0.184 1.35722
0.185 1.36085
0.186 1.36448
0.187 1.36811
0.188 1.37174
0.189 1.37537
0.19 1.379
0.191 1.38263
0.192 1.38627
0.193 1.3899
0.194 1.39354
0.195 1.39718
0.196 1.40082
0.197 1.40446
0.198 1.4081
0.199 1.41174
0.2 1.41539
0.201 1.41904
0.202 1.42269
0.203 1.42634
0.204 1.43
0.205 1.43365
0.206 1.43731
0.207 1.44097
0.208 1.44464
0.209 1.4483
0.21 1.45197
0.211 1.45564
0.212 1.45931
0.213 1.46299
0.214 1.46667
0.215 1.47035
0.216 1.47404
0.217 1.47773
0.218 1.48142
0.219 1.48511
0.22 1.48881
0.221 1.49251
0.222 1.49622
0.223 1.49992
0.224 1.50364
0.225 1.50735
0.226 1.51107
0.227 1.5148
0.228 1.51852
0.229 1.52225
0.23 1.52599
0.231 1.52973
0.232 1.53347
0.233 1.53722
0.234 1.54097
0.235 1.54473
0.236 1.54849
0.237 1.55226
0.238 1.55603
0.239 1.5598
0.24 1.56358
0.241 1.56737
0.242 1.57116
0.243 1.57495
0.244 1.57876
0.245 1.58256
0.246 1.58637
0.247 1.59019
0.248 1.59401
0.249 1.59784
0.25 1.60167
0.251 1.60551
0.252 1.60935
0.253 1.6132
0.254 1.61705
0.255 1.62091
0.256 1.62478
0.257 1.62865
0.258 1.63253
0.259 1.63642
0.26 1.64031
0.261 1.64421
0.262 1.64811
0.263 1.65202
0.264 1.65594
0.265 1.65986
0.266 1.66379
0.267 1.66773
0.268 1.67167
0.269 1.67562
0.27 1.67958
0.271 1.68354
0.272 1.68751
0.273 1.69149
0.274 1.69547
0.275 1.69947
0.276 1.70346
0.277 1.70747
0.278 1.71148
0.279 1.7155
0.28 1.71953
0.281 1.72357
0.282 1.72761
0.283 1.73166
0.284 1.73572
0.285 1.73979
0.286 1.74386
0.287 1.74794
0.288 1.75203
0.289 1.75613
0.29 1.76023
0.291 1.76434
0.292 1.76846
0.293 1.77259
0.294 1.77673
0.295 1.78088
0.296 1.78503
0.297 1.78919
0.298 1.79336
0.299 1.79754
0.3 1.80172
0.301 1.80592
0.302 1.81012
0.303 1.81433
0.304 1.81855
0.305 1.82278
0.306 1.82702
0.307 1.83127
0.308 1.83552
0.309 1.83978
0.31 1.84406
0.311 1.84834
0.312 1.85263
0.313 1.85692
0.314 1.86123
0.315 1.86555
0.316 1.86987
0.317 1.87421
0.318 1.87855
0.319 1.8829
0.32 1.88727
0.321 1.89164
0.322 1.89602
0.323 1.90041
0.324 1.9048
0.325 1.90921
0.326 1.91363
0.327 1.91805
0.328 1.92249
0.329 1.92694
0.33 1.93139
0.331 1.93585
0.332 1.94033
0.333 1.94481
0.334 1.9493
0.335 1.95381
0.336 1.95832
0.337 1.96284
0.338 1.96737
0.339 1.97191
0.34 1.97646
0.341 1.98102
0.342 1.98559
0.343 1.99017
0.344 1.99476
0.345 1.99936
0.346 2.00397
0.347 2.00859
0.348 2.01322
0.349 2.01786
0.35 2.02251
0.351 2.02718
0.352 2.03185
0.353 2.03653
0.354 2.04122
0.355 2.04592
0.356 2.05063
0.357 2.05535
0.358 2.06009
0.359 2.06483
0.36 2.06958
0.361 2.07435
0.362 2.07912
0.363 2.08391
0.364 2.0887
0.365 2.09351
0.366 2.09833
0.367 2.10315
0.368 2.10799
0.369 2.11284
0.37 2.1177
0.371 2.12258
0.372 2.12746
0.373 2.13235
0.374 2.13726
0.375 2.14217
0.376 2.1471
0.377 2.15204
0.378 2.15699
0.379 2.16195
0.38 2.16692
0.381 2.17191
0.382 2.17691
0.383 2.18191
0.384 2.18693
0.385 2.19196
0.386 2.19701
0.387 2.20206
0.388 2.20713
0.389 2.21221
0.39 2.2173
0.391 2.22241
0.392 2.22752
0.393 2.23265
0.394 2.23779
0.395 2.24294
0.396 2.24811
0.397 2.25329
0.398 2.25848
0.399 2.26369
0.4 2.2689
0.401 2.27413
0.402 2.27938
0.403 2.28464
0.404 2.28991
0.405 2.29519
0.406 2.30049
0.407 2.3058
0.408 2.31112
0.409 2.31646
0.41 2.32181
0.411 2.32718
0.412 2.33256
0.413 2.33796
0.414 2.34337
0.415 2.34879
0.416 2.35423
0.417 2.35969
0.418 2.36515
0.419 2.37064
0.42 2.37614
0.421 2.38165
0.422 2.38718
0.423 2.39273
0.424 2.39829
0.425 2.40386
0.426 2.40946
0.427 2.41507
0.428 2.42069
0.429 2.42633
0.43 2.43199
0.431 2.43767
0.432 2.44336
0.433 2.44907
0.434 2.4548
0.435 2.46054
0.436 2.4663
0.437 2.47208
0.438 2.47788
0.439 2.4837
0.44 2.48953
0.441 2.49538
0.442 2.50125
0.443 2.50714
0.444 2.51305
0.445 2.51898
0.446 2.52493
0.447 2.5309
0.448 2.53688
0.449 2.54289
0.45 2.54892
0.451 2.55497
0.452 2.56104
0.453 2.56713
0.454 2.57324
0.455 2.57937
0.456 2.58552
0.457 2.5917
0.458 2.5979
0.459 2.60412
0.46 2.61036
0.461 2.61663
0.462 2.62292
0.463 2.62923
0.464 2.63556
0.465 2.64192
0.466 2.64831
0.467 2.65471
0.468 2.66115
0.469 2.6676
0.47 2.67408
0.471 2.68059
0.472 2.68713
0.473 2.69369
0.474 2.70027
0.475 2.70688
0.476 2.71352
0.477 2.72019
0.478 2.72688
0.479 2.7336
0.48 2.74035
0.481 2.74713
0.482 2.75394
0.483 2.76077
0.484 2.76764
0.485 2.77453
0.486 2.78146
0.487 2.78841
0.488 2.7954
0.489 2.80242
0.49 2.80946
0.491 2.81654
0.492 2.82366
0.493 2.8308
0.494 2.83798
0.495 2.84519
0.496 2.85243
0.497 2.85971
0.498 2.86702
0.499 2.87437
0.5 2.88175
0.501 2.88917
0.502 2.89662
0.503 2.90411
0.504 2.91164
0.505 2.9192
0.506 2.92681
0.507 2.93444
0.508 2.94212
0.509 2.94984
0.51 2.95759
0.511 2.96539
0.512 2.97322
0.513 2.9811
0.514 2.98902
0.515 2.99697
0.516 3.00498
0.517 3.01302
0.518 3.0211
0.519 3.02923
0.52 3.0374
0.521 3.04562
0.522 3.05388
0.523 3.06219
0.524 3.07054
0.525 3.07894
0.526 3.08738
0.527 3.09588
0.528 3.10442
0.529 3.113
0.53 3.12164
0.531 3.13033
0.532 3.13906
0.533 3.14785
0.534 3.15669
0.535 3.16557
0.536 3.17451
0.537 3.18351
0.538 3.19255
0.539 3.20165
0.54 3.21081
0.541 3.22001
0.542 3.22928
0.543 3.2386
0.544 3.24797
0.545 3.2574
0.546 3.26689
0.547 3.27644
0.548 3.28605
0.549 3.29571
0.55 3.30544
0.551 3.31523
0.552 3.32507
0.553 3.33498
0.554 3.34495
0.555 3.35499
0.556 3.36509
0.557 3.37525
0.558 3.38547
0.559 3.39577
0.56 3.40612
0.561 3.41655
0.562 3.42704
0.563 3.4376
0.564 3.44822
0.565 3.45892
0.566 3.46969
0.567 3.48052
0.568 3.49143
0.569 3.50241
0.57 3.51346
0.571 3.52458
0.572 3.53578
0.573 3.54705
0.574 3.5584
0.575 3.56982
0.576 3.58132
0.577 3.59289
0.578 3.60454
0.579 3.61627
0.58 3.62807
0.581 3.63996
0.582 3.65193
0.583 3.66397
0.584 3.6761
0.585 3.68831
0.586 3.7006
0.587 3.71297
0.588 3.72542
0.589 3.73796
0.59 3.75059
0.591 3.7633
0.592 3.77609
0.593 3.78897
0.594 3.80194
0.595 3.81499
0.596 3.82813
0.597 3.84136
0.598 3.85468
0.599 3.86809
0.6 3.88159
0.601 3.89517
0.602 3.90885
0.603 3.92262
0.604 3.93648
0.605 3.95044
0.606 3.96448
0.607 3.97862
0.608 3.99285
0.609 4.00718
0.61 4.0216
0.611 4.03611
0.612 4.05072
0.613 4.06543
0.614 4.08022
0.615 4.09512
0.616 4.11011
0.617 4.1252
0.618 4.14038
0.619 4.15566
0.62 4.17104
0.621 4.18651
0.622 4.20208
0.623 4.21775
0.624 4.23351
0.625 4.24937
0.626 4.26533
0.627 4.28139
0.628 4.29754
0.629 4.3138
0.63 4.33014
0.631 4.34659
0.632 4.36313
0.633 4.37977
0.634 4.39651
0.635 4.41334
0.636 4.43027
0.637 4.44729
0.638 4.46441
0.639 4.48163
0.64 4.49894
0.641 4.51634
0.642 4.53384
0.643 4.55143
0.644 4.56911
0.645 4.58689
0.646 4.60475
0.647 4.62271
0.648 4.64076
0.649 4.6589
0.65 4.67712
0.651 4.69544
0.652 4.71384
0.653 4.73233
0.654 4.7509
0.655 4.76955
0.656 4.78829
0.657 4.80712
0.658 4.82602
0.659 4.845
0.66 4.86406
0.661 4.8832
0.662 4.90241
0.663 4.9217
0.664 4.94106
0.665 4.96049
0.666 4.97999
0.667 4.99957
0.668 5.0192
0.669 5.03891
0.67 5.05868
0.671 5.07851
0.672 5.0984
0.673 5.11835
0.674 5.13835
0.675 5.15841
0.676 5.17853
0.677 5.19869
0.678 5.2189
0.679 5.23916
0.68 5.25947
0.681 5.27982
0.682 5.30021
0.683 5.32063
0.684 5.3411
0.685 5.36159
0.686 5.38212
0.687 5.40268
0.688 5.42326
0.689 5.44387
0.69 5.4645
0.691 5.48515
0.692 5.50582
0.693 5.5265
0.694 5.54719
0.695 5.5679
0.696 5.5886
0.697 5.60932
0.698 5.63003
0.699 5.65074
0.7 5.67145
0.701 5.69215
0.702 5.71284
0.703 5.73352
0.704 5.75419
0.705 5.77484
0.706 5.79546
0.707 5.81606
0.708 5.83664
0.709 5.85718
0.71 5.8777
0.711 5.89818
0.712 5.91862
0.713 5.93902
0.714 5.95938
0.715 5.97969
0.716 5.99995
0.717 6.02016
0.718 6.04032
0.719 6.06042
0.72 6.08045
0.721 6.10043
0.722 6.12033
0.723 6.14017
0.724 6.15994
0.725 6.17963
0.726 6.19925
0.727 6.21878
0.728 6.23824
0.729 6.2576
0.73 6.27688
0.731 6.29607
0.732 6.31517
0.733 6.33417
0.734 6.35307
0.735 6.37187
0.736 6.39057
0.737 6.40916
0.738 6.42765
0.739 6.44602
0.74 6.46428
0.741 6.48242
0.742 6.50045
0.743 6.51836
0.744 6.53614
0.745 6.5538
0.746 6.57134
0.747 6.58875
0.748 6.60602
0.749 6.62316
0.75 6.64017
0.751 6.65705
0.752 6.67378
0.753 6.69038
0.754 6.70683
0.755 6.72314
0.756 6.73931
0.757 6.75533
0.758 6.7712
0.759 6.78692
0.76 6.80249
0.761 6.81791
0.762 6.83317
0.763 6.84828
0.764 6.86324
0.765 6.87804
0.766 6.89268
0.767 6.90716
0.768 6.92148
0.769 6.93563
0.77 6.94963
0.771 6.96347
0.772 6.97714
0.773 6.99065
0.774 7.00399
0.775 7.01717
0.776 7.03018
0.777 7.04303
0.778 7.05571
0.779 7.06822
0.78 7.08057
0.781 7.09275
0.782 7.10476
0.783 7.11661
0.784 7.12829
0.785 7.1398
0.786 7.15115
0.787 7.16233
0.788 7.17334
0.789 7.18418
0.79 7.19486
0.791 7.20538
0.792 7.21573
0.793 7.22592
0.794 7.23594
0.795 7.2458
0.796 7.25549
0.797 7.26503
0.798 7.2744
0.799 7.28361
0.8 7.29267
0.801 7.30156
0.802 7.3103
0.803 7.31888
0.804 7.3273
0.805 7.33557
0.806 7.34369
0.807 7.35166
0.808 7.35947
0.809 7.36713
0.81 7.37465
0.811 7.38201
0.812 7.38923
0.813 7.39631
0.814 7.40324
0.815 7.41003
0.816 7.41668
0.817 7.42319
0.818 7.42956
0.819 7.43579
0.82 7.44189
0.821 7.44785
0.822 7.45369
0.823 7.45939
0.824 7.46496
0.825 7.47041
0.826 7.47573
0.827 7.48092
0.828 7.486
0.829 7.49095
0.83 7.49578
0.831 7.50049
0.832 7.50509
0.833 7.50957
0.834 7.51394
0.835 7.5182
0.836 7.52235
0.837 7.52639
0.838 7.53032
0.839 7.53414
0.84 7.53787
0.841 7.54149
0.842 7.54501
0.843 7.54843
0.844 7.55175
0.845 7.55498
0.846 7.55812
0.847 7.56116
0.848 7.56411
0.849 7.56697
0.85 7.56974
0.851 7.57243
0.852 7.57503
0.853 7.57755
0.854 7.57998
0.855 7.58234
0.856 7.58462
0.857 7.58681
0.858 7.58894
0.859 7.59098
0.86 7.59296
0.861 7.59486
0.862 7.59669
0.863 7.59845
0.864 7.60015
0.865 7.60177
0.866 7.60334
0.867 7.60483
0.868 7.60627
0.869 7.60764
0.87 7.60895
0.871 7.61021
0.872 7.6114
0.873 7.61254
0.874 7.61362
0.875 7.61465
0.876 7.61563
0.877 7.61655
0.878 7.61742
0.879 7.61824
0.88 7.61902
0.881 7.61974
0.882 7.62042
0.883 7.62105
0.884 7.62164
0.885 7.62218
0.886 7.62268
0.887 7.62314
0.888 7.62356
0.889 7.62394
0.89 7.62428
0.891 7.62458
0.892 7.62484
0.893 7.62506
0.894 7.62525
0.895 7.62541
0.896 7.62553
0.897 7.62562
0.898 7.62567
0.899 7.6257
0.9 7.62569
0.901 7.62565
0.902 7.62558
0.903 7.62548
0.904 7.62536
0.905 7.62521
0.906 7.62503
0.907 7.62482
0.908 7.62459
0.909 7.62434
0.91 7.62405
0.911 7.62375
0.912 7.62342
0.913 7.62307
0.914 7.6227
0.915 7.62231
0.916 7.62189
0.917 7.62146
0.918 7.621
0.919 7.62053
0.92 7.62004
0.921 7.61953
0.922 7.619
0.923 7.61845
0.924 7.61789
0.925 7.61731
0.926 7.61671
0.927 7.6161
0.928 7.61547
0.929 7.61483
0.93 7.61418
0.931 7.61351
0.932 7.61282
0.933 7.61212
0.934 7.61141
0.935 7.61069
0.936 7.60996
0.937 7.60921
0.938 7.60845
0.939 7.60768
0.94 7.6069
0.941 7.60611
0.942 7.60531
0.943 7.6045
0.944 7.60367
0.945 7.60284
0.946 7.602
0.947 7.60115
0.948 7.6003
0.949 7.59943
0.95 7.59856
0.951 7.59767
0.952 7.59678
0.953 7.59589
0.954 7.59498
0.955 7.59407
0.956 7.59315
0.957 7.59223
0.958 7.59129
0.959 7.59036
0.96 7.58941
0.961 7.58846
0.962 7.58751
0.963 7.58655
0.964 7.58558
0.965 7.58461
0.966 7.58363
0.967 7.58265
0.968 7.58167
0.969 7.58068
0.97 7.57968
0.971 7.57868
0.972 7.57768
0.973 7.57668
0.974 7.57567
0.975 7.57465
0.976 7.57363
0.977 7.57261
0.978 7.57159
0.979 7.57056
0.98 7.56953
0.981 7.5685
0.982 7.56746
0.983 7.56642
0.984 7.56538
0.985 7.56434
0.986 7.56329
0.987 7.56224
0.988 7.56119
0.989 7.56014
0.99 7.55908
0.991 7.55802
0.992 7.55696
0.993 7.5559
0.994 7.55484
0.995 7.55378
0.996 7.55271
0.997 7.55164
0.998 7.55057
0.999 7.5495
1 7.54843
1.001 0
