0 5
0.001 3.39509
0.002 3.39215
0.003 3.38922
0.004 3.3863
0.005 3.38339
0.006 3.38049
0.007 3.3776
0.008 3.37471
0.009 3.37184
0.01 3.36898
0.011 3.36613
0.012 3.36329
0.013 3.36047
0.014 3.35765
0.015 3.35485
0.016 3.35206
0.017 3.34928
0.018 3.34651
0.019 3.34376
0.02 3.34102
0.021 3.3383
0.022 3.33559
0.023 3.3329
0.024 3.33022
0.025 3.32755
0.026 3.3249
0.027 3.32227
0.028 3.31965
0.029 3.31705
0.03 3.31447
0.031 3.3119
0.032 3.30935
0.033 3.30681
0.034 3.3043
0.035 3.3018
0.036 3.29932
0.037 3.29686
0.038 3.29442
0.039 3.29199
0.04 3.28959
0.041 3.2872
0.042 3.28483
0.043 3.28249
0.044 3.28016
0.045 3.27786
0.046 3.27557
0.047 3.2733
0.048 3.27106
0.049 3.26884
0.05 3.26664
0.051 3.26446
0.052 3.2623
0.053 3.26016
0.054 3.25805
0.055 3.25595
0.056 3.25388
0.057 3.25183
0.058 3.24981
0.059 3.24781
0.06 3.24583
0.061 3.24387
0.062 3.24194
0.063 3.24003
0.064 3.23814
0.065 3.23628
0.066 3.23444
0.067 3.23262
0.068 3.23083
0.069 3.22906
0.07 3.22732
0.071 3.2256
0.072 3.2239
0.073 3.22223
0.074 3.22058
0.075 3.21896
0.076 3.21736
0.077 3.21579
0.078 3.21424
0.079 3.21272
0.08 3.21122
0.081 3.20974
0.082 3.20829
0.083 3.20686
0.084 3.20546
0.085 3.20408
0.086 3.20273
0.087 3.2014
0.088 3.2001
0.089 3.19882
0.09 3.19757
0.091 3.19634
0.092 3.19513
0.093 3.19395
0.094 3.1928
0.095 3.19166
0.096 3.19056
0.097 3.18947
0.098 3.18841
0.099 3.18738
0.1 3.18637
0.101 3.18538
0.102 3.18442
0.103 3.18348
0.104 3.18256
0.105 3.18167
0.106 3.1808
0.107 3.17995
0.108 3.17913
0.109 3.17833
0.11 3.17756
0.111 3.1768
0.112 3.17607
0.113 3.17537
0.114 3.17468
0.115 3.17402
0.116 3.17338
0.117 3.17276
0.118 3.17216
0.119 3.17158
0.12 3.17103
0.121 3.1705
0.122 3.16999
0.123 3.1695
0.124 3.16903
0.125 3.16858
0.126 3.16816
0.127 3.16775
0.128 3.16736
0.129 3.167
0.13 3.16665
0.131 3.16633
0.132 3.16602
0.133 3.16573
0.134 3.16546
0.135 3.16522
0.136 3.16499
0.137 3.16477
0.138 3.16458
0.139 3.16441
0.14 3.16425
0.141 3.16411
0.142 3.16399
0.143 3.16389
0.144 3.16381
0.145 3.16374
0.146 3.16369
0.147 3.16365
0.148 3.16364
0.149 3.16364
0.15 3.16365
0.151 3.16368
0.152 3.16373
0.153 3.16379
0.154 3.16387
0.155 3.16397
0.156 3.16408
0.157 3.1642
0.158 3.16434
0.159 3.16449
0.16 3.16466
0.161 3.16484
0.162 3.16504
0.163 3.16525
0.164 3.16547
0.165 3.16571
0.166 3.16596
0.167 3.16622
0.168 3.1665
0.169 3.16679
0.17 3.16709
0.171 3.1674
0.172 3.16773
0.173 3.16807
0.174 3.16842
0.175 3.16878
0.176 3.16915
0.177 3.16953
0.178 3.16993
0.179 3.17033
0.18 3.17075
0.181 3.17118
0.182 3.17162
0.183 3.17207
0.184 3.17252
0.185 3.17299
0.186 3.17347
0.187 3.17396
0.188 3.17446
0.189 3.17496
0.19 3.17548
0.191 3.176
0.192 3.17654
0.193 3.17708
0.194 3.17763
0.195 3.17819
0.196 3.17876
0.197 3.17933
0.198 3.17992
0.199 3.18051
0.2 3.18111
0.201 3.18172
0.202 3.18233
0.203 3.18295
0.204 3.18358
0.205 3.18422
0.206 3.18486
0.207 3.18551
0.208 3.18617
0.209 3.18683
0.21 3.1875
0.211 3.18818
0.212 3.18886
0.213 3.18955
0.214 3.19024
0.215 3.19094
0.216 3.19165
0.217 3.19236
0.218 3.19308
0.219 3.1938
0.22 3.19453
0.221 3.19526
0.222 3.196
0.223 3.19674
0.224 3.19749
0.225 3.19824
0.226 3.199
0.227 3.19976
0.228 3.20053
0.229 3.2013
0.23 3.20207
0.231 3.20285
0.232 3.20364
0.233 3.20442
0.234 3.20522
0.235 3.20601
0.236 3.20681
0.237 3.20761
0.238 3.20842
0.239 3.20923
0.24 3.21004
0.241 3.21086
0.242 3.21168
0.243 3.2125
0.244 3.21333
0.245 3.21416
0.246 3.21499
0.247 3.21582
0.248 3.21666
0.249 3.2175
0.25 3.21835
0.251 3.21919
0.252 3.22004
0.253 3.22089
0.254 3.22174
0.255 3.2226
0.256 3.22346
0.257 3.22432
0.258 3.22518
0.259 3.22604
0.26 3.22691
0.261 3.22778
0.262 3.22865
0.263 3.22952
0.264 3.23039
0.265 3.23127
0.266 3.23214
0.267 3.23302
0.268 3.2339
0.269 3.23478
0.27 3.23566
0.271 3.23655
0.272 3.23743
0.273 3.23832
0.274 3.2392
0.275 3.24009
0.276 3.24098
0.277 3.24187
0.278 3.24276
0.279 3.24366
0.28 3.24455
0.281 3.24544
0.282 3.24634
0.283 3.24723
0.284 3.24813
0.285 3.24902
0.286 3.24992
0.287 3.25082
0.288 3.25172
0.289 3.25262
0.29 3.25351
0.291 3.25441
0.292 3.25531
0.293 3.25621
0.294 3.25711
0.295 3.25801
0.296 3.25891
0.297 3.25981
0.298 3.26071
0.299 3.26161
0.3 3.26251
0.301 3.26341
0.302 3.26431
0.303 3.26521
0.304 3.26611
0.305 3.267
0.306 3.2679
0.307 3.2688
0.308 3.2697
0.309 3.27059
0.31 3.27149
0.311 3.27239
0.312 3.27328
0.313 3.27418
0.314 3.27507
0.315 3.27597
0.316 3.27686
0.317 3.27775
0.318 3.27864
0.319 3.27953
0.32 3.28042
0.321 3.28131
0.322 3.2822
0.323 3.28308
0.324 3.28397
0.325 3.28486
0.326 3.28574
0.327 3.28662
0.328 3.2875
0.329 3.28838
0.33 3.28926
0.331 3.29014
0.332 3.29102
0.333 3.2919
0.334 3.29277
0.335 3.29364
0.336 3.29451
0.337 3.29539
0.338 3.29625
0.339 3.29712
0.34 3.29799
0.341 3.29885
0.342 3.29972
0.343 3.30058
0.344 3.30144
0.345 3.3023
0.346 3.30315
0.347 3.30401
0.348 3.30486
0.349 3.30571
0.35 3.30656
0.351 3.30741
0.352 3.30826
0.353 3.30911
0.354 3.30995
0.355 3.31079
0.356 3.31163
0.357 3.31247
0.358 3.3133
0.359 3.31414
0.36 3.31497
0.361 3.3158
0.362 3.31663
0.363 3.31745
0.364 3.31828
0.365 3.3191
0.366 3.31992
0.367 3.32074
0.368 3.32156
0.369 3.32237
0.37 3.32318
0.371 3.32399
0.372 3.3248
0.373 3.32561
0.374 3.32641
0.375 3.32721
0.376 3.32801
0.377 3.32881
0.378 3.3296
0.379 3.33039
0.38 3.33118
0.381 3.33197
0.382 3.33276
0.383 3.33354
0.384 3.33432
0.385 3.3351
0.386 3.33588
0.387 3.33665
0.388 3.33742
0.389 3.33819
0.39 3.33896
0.391 3.33973
0.392 3.34049
0.393 3.34125
0.394 3.34201
0.395 3.34276
0.396 3.34351
0.397 3.34426
0.398 3.34501
0.399 3.34576
0.4 3.3465
0.401 3.34724
0.402 3.34798
0.403 3.34872
0.404 3.34945
0.405 3.35018
0.406 3.35091
0.407 3.35164
0.408 3.35236
0.409 3.35308
0.41 3.3538
0.411 3.35451
0.412 3.35523
0.413 3.35594
0.414 3.35665
0.415 3.35735
0.416 3.35806
0.417 3.35876
0.418 3.35946
0.419 3.36015
0.42 3.36085
0.421 3.36154
0.422 3.36222
0.423 3.36291
0.424 3.36359
0.425 3.36427
0.426 3.36495
0.427 3.36563
0.428 3.3663
0.429 3.36697
0.43 3.36764
0.431 3.3683
0.432 3.36897
0.433 3.36963
0.434 3.37029
0.435 3.37094
0.436 3.37159
0.437 3.37224
0.438 3.37289
0.439 3.37354
0.44 3.37418
0.441 3.37482
0.442 3.37546
0.443 3.37609
0.444 3.37673
0.445 3.37736
0.446 3.37798
0.447 3.37861
0.448 3.37923
0.449 3.37985
0.45 3.38047
0.451 3.38108
0.452 3.3817
0.453 3.38231
0.454 3.38291
0.455 3.38352
0.456 3.38412
0.457 3.38472
0.458 3.38532
0.459 3.38591
0.46 3.38651
0.461 3.3871
0.462 3.38768
0.463 3.38827
0.464 3.38885
0.465 3.38943
0.466 3.39001
0.467 3.39059
0.468 3.39116
0.469 3.39173
0.47 3.3923
0.471 3.39286
0.472 3.39343
0.473 3.39399
0.474 3.39455
0.475 3.3951
0.476 3.39566
0.477 3.39621
0.478 3.39676
0.479 3.3973
0.48 3.39785
0.481 3.39839
0.482 3.39893
0.483 3.39947
0.484 3.4
0.485 3.40054
0.486 3.40107
0.487 3.4016
0.488 3.40212
0.489 3.40264
0.49 3.40317
0.491 3.40368
0.492 3.4042
0.493 3.40472
0.494 3.40523
0.495 3.40574
0.496 3.40625
0.497 3.40675
0.498 3.40725
0.499 3.40776
0.5 3.40825
0.501 3.40875
0.502 3.40924
0.503 3.40974
0.504 3.41023
0.505 3.41071
0.506 3.4112
0.507 3.41168
0.508 3.41216
0.509 3.41264
0.51 3.41312
0.511 3.4136
0.512 3.41407
0.513 3.41454
0.514 3.41501
0.515 3.41547
0.516 3.41594
0.517 3.4164
0.518 3.41686
0.519 3.41732
0.52 3.41777
0.521 3.41823
0.522 3.41868
0.523 3.41913
0.524 3.41958
0.525 3.42002
0.526 3.42046
0.527 3.42091
0.528 3.42135
0.529 3.42178
0.53 3.42222
0.531 3.42265
0.532 3.42308
0.533 3.42351
0.534 3.42394
0.535 3.42437
0.536 3.42479
0.537 3.42521
0.538 3.42563
0.539 3.42605
0.54 3.42646
0.541 3.42688
0.542 3.42729
0.543 3.4277
0.544 3.42811
0.545 3.42851
0.546 3.42892
0.547 3.42932
0.548 3.42972
0.549 3.43012
0.55 3.43052
0.551 3.43091
0.552 3.4313
0.553 3.43169
0.554 3.43208
0.555 3.43247
0.556 3.43286
0.557 3.43324
0.558 3.43362
0.559 3.434
0.56 3.43438
0.561 3.43476
0.562 3.43513
0.563 3.4355
0.564 3.43588
0.565 3.43624
0.566 3.43661
0.567 3.43698
0.568 3.43734
0.569 3.4377
0.57 3.43806
0.571 3.43842
0.572 3.43878
0.573 3.43914
0.574 3.43949
0.575 3.43984
0.576 3.44019
0.577 3.44054
0.578 3.44089
0.579 3.44123
0.58 3.44157
0.581 3.44191
0.582 3.44225
0.583 3.44259
0.584 3.44293
0.585 3.44326
0.586 3.4436
0.587 3.44393
0.588 3.44426
0.589 3.44458
0.59 3.44491
0.591 3.44523
0.592 3.44556
0.593 3.44588
0.594 3.4462
0.595 3.44652
0.596 3.44683
0.597 3.44715
0.598 3.44746
0.599 3.44777
0.6 3.44808
0.601 3.44839
0.602 3.44869
0.603 3.449
0.604 3.4493
0.605 3.4496
0.606 3.4499
0.607 3.4502
0.608 3.45049
0.609 3.45079
0.61 3.45108
0.611 3.45137
0.612 3.45166
0.613 3.45194
0.614 3.45223
0.615 3.45251
0.616 3.4528
0.617 3.45308
0.618 3.45336
0.619 3.45363
0.62 3.45391
0.621 3.45418
0.622 3.45445
0.623 3.45472
0.624 3.45499
0.625 3.45526
0.626 3.45552
0.627 3.45579
0.628 3.45605
0.629 3.45631
0.63 3.45656
0.631 3.45682
0.632 3.45707
0.633 3.45732
0.634 3.45757
0.635 3.45782
0.636 3.45807
0.637 3.45831
0.638 3.45856
0.639 3.4588
0.64 3.45903
0.641 3.45927
0.642 3.45951
0.643 3.45974
0.644 3.45997
0.645 3.4602
0.646 3.46042
0.647 3.46065
0.648 3.46087
0.649 3.46109
0.65 3.46131
0.651 3.46152
0.652 3.46174
0.653 3.46195
0.654 3.46216
0.655 3.46236
0.656 3.46257
0.657 3.46277
0.658 3.46297
0.659 3.46317
0.66 3.46336
0.661 3.46356
0.662 3.46375
0.663 3.46393
0.664 3.46412
0.665 3.4643
0.666 3.46448
0.667 3.46466
0.668 3.46483
0.669 3.465
0.67 3.46517
0.671 3.46534
0.672 3.4655
0.673 3.46566
0.674 3.46582
0.675 3.46597
0.676 3.46612
0.677 3.46627
0.678 3.46641
0.679 3.46655
0.68 3.46669
0.681 3.46683
0.682 3.46696
0.683 3.46708
0.684 3.46721
0.685 3.46733
0.686 3.46745
0.687 3.46756
0.688 3.46767
0.689 3.46777
0.69 3.46787
0.691 3.46797
0.692 3.46807
0.693 3.46815
0.694 3.46824
0.695 3.46832
0.696 3.4684
0.697 3.46847
0.698 3.46854
0.699 3.4686
0.7 3.46866
0.701 3.46871
0.702 3.46876
0.703 3.4688
0.704 3.46884
0.705 3.46887
0.706 3.4689
0.707 3.46892
0.708 3.46894
0.709 3.46895
0.71 3.46895
0.711 3.46895
0.712 3.46895
0.713 3.46893
0.714 3.46892
0.715 3.46889
0.716 3.46886
0.717 3.46882
0.718 3.46878
0.719 3.46873
0.72 3.46867
0.721 3.46861
0.722 3.46853
0.723 3.46845
0.724 3.46837
0.725 3.46827
0.726 3.46817
0.727 3.46806
0.728 3.46795
0.729 3.46782
0.73 3.46769
0.731 3.46755
0.732 3.4674
0.733 3.46724
0.734 3.46707
0.735 3.4669
0.736 3.46671
0.737 3.46652
0.738 3.46631
0.739 3.4661
0.74 3.46588
0.741 3.46564
0.742 3.4654
0.743 3.46515
0.744 3.46488
0.745 3.46461
0.746 3.46433
0.747 3.46403
0.748 3.46373
0.749 3.46341
0.75 3.46308
0.751 3.46274
0.752 3.46239
0.753 3.46203
0.754 3.46165
0.755 3.46126
0.756 3.46086
0.757 3.46045
0.758 3.46003
0.759 3.45959
0.76 3.45914
0.761 3.45868
0.762 3.4582
0.763 3.45771
0.764 3.45721
0.765 3.45669
0.766 3.45616
0.767 3.45561
0.768 3.45505
0.769 3.45448
0.77 3.45389
0.771 3.45329
0.772 3.45267
0.773 3.45203
0.774 3.45138
0.775 3.45072
0.776 3.45004
0.777 3.44934
0.778 3.44863
0.779 3.4479
0.78 3.44716
0.781 3.4464
0.782 3.44562
0.783 3.44483
0.784 3.44402
0.785 3.44319
0.786 3.44235
0.787 3.44149
0.788 3.44061
0.789 3.43972
0.79 3.4388
0.791 3.43787
0.792 3.43693
0.793 3.43596
0.794 3.43498
0.795 3.43398
0.796 3.43296
0.797 3.43192
0.798 3.43086
0.799 3.42979
0.8 3.4287
0.801 3.42759
0.802 3.42646
0.803 3.42531
0.804 3.42414
0.805 3.42296
0.806 3.42175
0.807 3.42053
0.808 3.41929
0.809 3.41803
0.81 3.41676
0.811 3.41546
0.812 3.41414
0.813 3.41281
0.814 3.41146
0.815 3.41009
0.816 3.4087
0.817 3.40729
0.818 3.40586
0.819 3.40442
0.82 3.40295
0.821 3.40147
0.822 3.39997
0.823 3.39846
0.824 3.39692
0.825 3.39537
0.826 3.3938
0.827 3.39221
0.828 3.3906
0.829 3.38898
0.83 3.38733
0.831 3.38568
0.832 3.384
0.833 3.38231
0.834 3.3806
0.835 3.37888
0.836 3.37714
0.837 3.37538
0.838 3.37361
0.839 3.37182
0.84 3.37001
0.841 3.36819
0.842 3.36636
0.843 3.36451
0.844 3.36265
0.845 3.36077
0.846 3.35888
0.847 3.35698
0.848 3.35506
0.849 3.35313
0.85 3.35119
0.851 3.34923
0.852 3.34726
0.853 3.34528
0.854 3.34329
0.855 3.34129
0.856 3.33928
0.857 3.33725
0.858 3.33522
0.859 3.33318
0.86 3.33112
0.861 3.32906
0.862 3.32699
0.863 3.32491
0.864 3.32283
0.865 3.32073
0.866 3.31863
0.867 3.31652
0.868 3.31441
0.869 3.31228
0.87 3.31016
0.871 3.30803
0.872 3.30589
0.873 3.30375
0.874 3.3016
0.875 3.29945
0.876 3.2973
0.877 3.29515
0.878 3.29299
0.879 3.29083
0.88 3.28867
0.881 3.28651
0.882 3.28434
0.883 3.28218
0.884 3.28001
0.885 3.27785
0.886 3.27569
0.887 3.27353
0.888 3.27137
0.889 3.26921
0.89 3.26705
0.891 3.2649
0.892 3.26275
0.893 3.26061
0.894 3.25846
0.895 3.25633
0.896 3.25419
0.897 3.25206
0.898 3.24994
0.899 3.24783
0.9 3.24571
0.901 3.24361
0.902 3.24151
0.903 3.23942
0.904 3.23734
0.905 3.23526
0.906 3.2332
0.907 3.23114
0.908 3.22909
0.909 3.22705
0.91 3.22502
0.911 3.223
0.912 3.22099
0.913 3.21899
0.914 3.217
0.915 3.21502
0.916 3.21305
0.917 3.21109
0.918 3.20915
0.919 3.20721
0.92 3.20529
0.921 3.20338
0.922 3.20148
0.923 3.1996
0.924 3.19773
0.925 3.19587
0.926 3.19403
0.927 3.1922
0.928 3.19038
0.929 3.18858
0.93 3.18679
0.931 3.18501
0.932 3.18325
0.933 3.18151
0.934 3.17978
0.935 3.17806
0.936 3.17636
0.937 3.17467
0.938 3.173
0.939 3.17134
0.94 3.1697
0.941 3.16808
0.942 3.16647
0.943 3.16487
0.944 3.16329
0.945 3.16173
0.946 3.16018
0.947 3.15865
0.948 3.15713
0.949 3.15563
0.95 3.15415
0.951 3.15268
0.952 3.15123
0.953 3.14979
0.954 3.14837
0.955 3.14696
0.956 3.14558
0.957 3.1442
0.958 3.14285
0.959 3.1415
0.96 3.14018
0.961 3.13887
0.962 3.13758
0.963 3.1363
0.964 3.13504
0.965 3.13379
0.966 3.13256
0.967 3.13134
0.968 3.13014
0.969 3.12896
0.97 3.12779
0.971 3.12663
0.972 3.12549
0.973 3.12437
0.974 3.12326
0.975 3.12217
0.976 3.12109
0.977 3.12003
0.978 3.11898
0.979 3.11794
0.98 3.11692
0.981 3.11592
0.982 3.11493
0.983 3.11395
0.984 3.11298
0.985 3.11204
0.986 3.1111
0.987 3.11018
0.988 3.10927
0.989 3.10838
0.99 3.1075
0.991 3.10663
0.992 3.10577
0.993 3.10493
0.994 3.10411
0.995 3.10329
0.996 3.10249
0.997 3.1017
0.998 3.10092
0.999 3.10016
1 3.0994
1.001 5
