0 -10
0.001 -6.02451
0.002 -6.0105
0.003 -5.9965
0.004 -5.9825
0.005 -5.9685
0.006 -5.95451
0.007 -5.94053
0.008 -5.92656
0.009 -5.91259
0.01 -5.89864
0.011 -5.88469
0.012 -5.87076
0.013 -5.85683
0.014 -5.84292
0.015 -5.82903
0.016 -5.81514
0.017 -5.80127
0.018 -5.78742
0.019 -5.77358
0.02 -5.75976
0.021 -5.74596
0.022 -5.73218
0.023 -5.71841
0.024 -5.70467
0.025 -5.69095
0.026 -5.67724
0.027 -5.66356
0.028 -5.64991
0.029 -5.63627
0.03 -5.62266
0.031 -5.60908
0.032 -5.59552
0.033 -5.58199
0.034 -5.56848
0.035 -5.555
0.036 -5.54155
0.037 -5.52813
0.038 -5.51474
0.039 -5.50138
0.04 -5.48805
0.041 -5.47475
0.042 -5.46148
0.043 -5.44824
0.044 -5.43504
0.045 -5.42187
0.046 -5.40874
0.047 -5.39564
0.048 -5.38257
0.049 -5.36954
0.05 -5.35655
0.051 -5.34359
0.052 -5.33067
0.053 -5.31779
0.054 -5.30494
0.055 -5.29213
0.056 -5.27937
0.057 -5.26664
0.058 -5.25395
0.059 -5.2413
0.06 -5.22869
0.061 -5.21612
0.062 -5.20359
0.063 -5.1911
0.064 -5.17866
0.065 -5.16626
0.066 -5.15389
0.067 -5.14158
0.068 -5.1293
0.069 -5.11707
0.07 -5.10488
0.071 -5.09273
0.072 -5.08062
0.073 -5.06856
0.074 -5.05655
0.075 -5.04458
0.076 -5.03265
0.077 -5.02077
0.078 -5.00893
0.079 -4.99713
0.08 -4.98538
0.081 -4.97368
0.082 -4.96202
0.083 -4.9504
0.084 -4.93883
0.085 -4.9273
0.086 -4.91582
0.087 -4.90439
0.088 -4.893
0.089 -4.88165
0.09 -4.87035
0.091 -4.8591
0.092 -4.84789
0.093 -4.83672
0.094 -4.8256
0.095 -4.81453
0.096 -4.8035
0.097 -4.79251
0.098 -4.78157
0.099 -4.77067
0.1 -4.75982
0.101 -4.74901
0.102 -4.73825
0.103 -4.72753
0.104 -4.71686
0.105 -4.70623
0.106 -4.69564
0.107 -4.6851
0.108 -4.6746
0.109 -4.66414
0.11 -4.65373
0.111 -4.64336
0.112 -4.63303
0.113 -4.62275
0.114 -4.6125
0.115 -4.6023
0.116 -4.59215
0.117 -4.58203
0.118 -4.57196
0.119 -4.56192
0.12 -4.55193
0.121 -4.54198
0.122 -4.53207
0.123 -4.5222
0.124 -4.51238
0.125 -4.50259
0.126 -4.49284
0.127 -4.48313
0.128 -4.47346
0.129 -4.46384
0.13 -4.45425
0.131 -4.44469
0.132 -4.43518
0.133 -4.42571
0.134 -4.41627
0.135 -4.40687
0.136 -4.39751
0.137 -4.38819
0.138 -4.3789
0.139 -4.36966
0.14 -4.36044
0.141 -4.35127
0.142 -4.34213
0.143 -4.33302
0.144 -4.32396
0.145 -4.31492
0.146 -4.30593
0.147 -4.29696
0.148 -4.28804
0.149 -4.27914
0.15 -4.27028
0.151 -4.26146
0.152 -4.25267
0.153 -4.24391
0.154 -4.23518
0.155 -4.22649
0.156 -4.21783
0.157 -4.2092
0.158 -4.20061
0.159 -4.19205
0.16 -4.18352
0.161 -4.17502
0.162 -4.16655
0.163 -4.15811
0.164 -4.1497
0.165 -4.14133
0.166 -4.13298
0.167 -4.12466
0.168 -4.11638
0.169 -4.10812
0.17 -4.09989
0.171 -4.09169
0.172 -4.08352
0.173 -4.07538
0.174 -4.06727
0.175 -4.05918
0.176 -4.05113
0.177 -4.0431
0.178 -4.03509
0.179 -4.02712
0.18 -4.01917
0.181 -4.01125
0.182 -4.00335
0.183 -3.99549
0.184 -3.98764
0.185 -3.97983
0.186 -3.97203
0.187 -3.96427
0.188 -3.95653
0.189 -3.94881
0.19 -3.94112
0.191 -3.93345
0.192 -3.92581
0.193 -3.91819
0.194 -3.9106
0.195 -3.90303
0.196 -3.89548
0.197 -3.88796
0.198 -3.88046
0.199 -3.87298
0.2 -3.86552
0.201 -3.85809
0.202 -3.85068
0.203 -3.84329
0.204 -3.83592
0.205 -3.82858
0.206 -3.82125
0.207 -3.81395
0.208 -3.80667
0.209 -3.79941
0.21 -3.79217
0.211 -3.78495
0.212 -3.77775
0.213 -3.77057
0.214 -3.76341
0.215 -3.75627
0.216 -3.74915
0.217 -3.74205
0.218 -3.73497
0.219 -3.72791
0.22 -3.72086
0.221 -3.71384
0.222 -3.70683
0.223 -3.69985
0.224 -3.69288
0.225 -3.68593
0.226 -3.67899
0.227 -3.67208
0.228 -3.66518
0.229 -3.6583
0.23 -3.65144
0.231 -3.64459
0.232 -3.63776
0.233 -3.63095
0.234 -3.62415
0.235 -3.61737
0.236 -3.61061
0.237 -3.60386
0.238 -3.59713
0.239 -3.59042
0.24 -3.58372
0.241 -3.57704
0.242 -3.57037
0.243 -3.56372
0.244 -3.55708
0.245 -3.55046
0.246 -3.54386
0.247 -3.53726
0.248 -3.53069
0.249 -3.52413
0.25 -3.51758
0.251 -3.51105
0.252 -3.50453
0.253 -3.49802
0.254 -3.49153
0.255 -3.48505
0.256 -3.47859
0.257 -3.47214
0.258 -3.46571
0.259 -3.45929
0.26 -3.45288
0.261 -3.44648
0.262 -3.4401
0.263 -3.43373
0.264 -3.42737
0.265 -3.42103
0.266 -3.4147
0.267 -3.40838
0.268 -3.40208
0.269 -3.39579
0.27 -3.38951
0.271 -3.38324
0.272 -3.37698
0.273 -3.37074
0.274 -3.36451
0.275 -3.35829
0.276 -3.35208
0.277 -3.34589
0.278 -3.3397
0.279 -3.33353
0.28 -3.32737
0.281 -3.32122
0.282 -3.31508
0.283 -3.30896
0.284 -3.30284
0.285 -3.29674
0.286 -3.29064
0.287 -3.28456
0.288 -3.27849
0.289 -3.27243
0.29 -3.26638
0.291 -3.26035
0.292 -3.25432
0.293 -3.2483
0.294 -3.2423
0.295 -3.2363
0.296 -3.23032
0.297 -3.22434
0.298 -3.21838
0.299 -3.21243
0.3 -3.20648
0.301 -3.20055
0.302 -3.19463
0.303 -3.18872
0.304 -3.18281
0.305 -3.17692
0.306 -3.17104
0.307 -3.16517
0.308 -3.1593
0.309 -3.15345
0.31 -3.14761
0.311 -3.14177
0.312 -3.13595
0.313 -3.13014
0.314 -3.12433
0.315 -3.11854
0.316 -3.11275
0.317 -3.10698
0.318 -3.10121
0.319 -3.09545
0.32 -3.08971
0.321 -3.08397
0.322 -3.07824
0.323 -3.07252
0.324 -3.06681
0.325 -3.06111
0.326 -3.05542
0.327 -3.04973
0.328 -3.04406
0.329 -3.03839
0.33 -3.03274
0.331 -3.02709
0.332 -3.02145
0.333 -3.01582
0.334 -3.0102
0.335 -3.00459
0.336 -2.99899
0.337 -2.99339
0.338 -2.98781
0.339 -2.98223
0.34 -2.97666
0.341 -2.9711
0.342 -2.96555
0.343 -2.96001
0.344 -2.95448
0.345 -2.94895
0.346 -2.94343
0.347 -2.93792
0.348 -2.93242
0.349 -2.92693
0.35 -2.92145
0.351 -2.91597
0.352 -2.9105
0.353 -2.90504
0.354 -2.89959
0.355 -2.89415
0.356 -2.88871
0.357 -2.88328
0.358 -2.87786
0.359 -2.87245
0.36 -2.86705
0.361 -2.86165
0.362 -2.85626
0.363 -2.85088
0.364 -2.84551
0.365 -2.84014
0.366 -2.83479
0.367 -2.82944
0.368 -2.82409
0.369 -2.81876
0.37 -2.81343
0.371 -2.80811
0.372 -2.8028
0.373 -2.79749
0.374 -2.79219
0.375 -2.7869
0.376 -2.78162
0.377 -2.77634
0.378 -2.77107
0.379 -2.76581
0.38 -2.76056
0.381 -2.75531
0.382 -2.75007
0.383 -2.74483
0.384 -2.7396
0.385 -2.73438
0.386 -2.72917
0.387 -2.72396
0.388 -2.71876
0.389 -2.71357
0.39 -2.70838
0.391 -2.7032
0.392 -2.69802
0.393 -2.69285
0.394 -2.68769
0.395 -2.68253
0.396 -2.67738
0.397 -2.67224
0.398 -2.6671
0.399 -2.66197
0.4 -2.65685
0.401 -2.65173
0.402 -2.64661
0.403 -2.6415
0.404 -2.6364
0.405 -2.6313
0.406 -2.62621
0.407 -2.62113
0.408 -2.61605
0.409 -2.61097
0.41 -2.6059
0.411 -2.60084
0.412 -2.59578
0.413 -2.59073
0.414 -2.58568
0.415 -2.58063
0.416 -2.5756
0.417 -2.57056
0.418 -2.56553
0.419 -2.56051
0.42 -2.55549
0.421 -2.55048
0.422 -2.54547
0.423 -2.54046
0.424 -2.53546
0.425 -2.53046
0.426 -2.52547
0.427 -2.52048
0.428 -2.5155
0.429 -2.51052
0.43 -2.50554
0.431 -2.50057
0.432 -2.4956
0.433 -2.49063
0.434 -2.48567
0.435 -2.48072
0.436 -2.47576
0.437 -2.47081
0.438 -2.46586
0.439 -2.46092
0.44 -2.45598
0.441 -2.45104
0.442 -2.44611
0.443 -2.44117
0.444 -2.43625
0.445 -2.43132
0.446 -2.4264
0.447 -2.42148
0.448 -2.41656
0.449 -2.41164
0.45 -2.40673
0.451 -2.40182
0.452 -2.39691
0.453 -2.392
0.454 -2.38709
0.455 -2.38219
0.456 -2.37729
0.457 -2.37239
0.458 -2.36749
0.459 -2.3626
0.46 -2.3577
0.461 -2.35281
0.462 -2.34791
0.463 -2.34302
0.464 -2.33813
0.465 -2.33324
0.466 -2.32835
0.467 -2.32347
0.468 -2.31858
0.469 -2.31369
0.47 -2.30881
0.471 -2.30392
0.472 -2.29904
0.473 -2.29415
0.474 -2.28927
0.475 -2.28438
0.476 -2.2795
0.477 -2.27461
0.478 -2.26973
0.479 -2.26484
0.48 -2.25995
0.481 -2.25507
0.482 -2.25018
0.483 -2.24529
0.484 -2.2404
0.485 -2.23551
0.486 -2.23062
0.487 -2.22573
0.488 -2.22083
0.489 -2.21594
0.49 -2.21104
0.491 -2.20614
0.492 -2.20124
0.493 -2.19634
0.494 -2.19143
0.495 -2.18652
0.496 -2.18162
0.497 -2.1767
0.498 -2.17179
0.499 -2.16687
0.5 -2.16196
0.501 -2.15703
0.502 -2.15211
0.503 -2.14718
0.504 -2.14225
0.505 -2.13732
0.506 -2.13238
0.507 -2.12744
0.508 -2.1225
0.509 -2.11755
0.51 -2.1126
0.511 -2.10764
0.512 -2.10268
0.513 -2.09772
0.514 -2.09275
0.515 -2.08778
0.516 -2.0828
0.517 -2.07782
0.518 -2.07283
0.519 -2.06784
0.52 -2.06285
0.521 -2.05785
0.522 -2.05284
0.523 -2.04783
0.524 -2.04281
0.525 -2.03779
0.526 -2.03276
0.527 -2.02773
0.528 -2.02269
0.529 -2.01764
0.53 -2.01259
0.531 -2.00753
0.532 -2.00247
0.533 -1.99739
0.534 -1.99232
0.535 -1.98723
0.536 -1.98214
0.537 -1.97704
0.538 -1.97194
0.539 -1.96682
0.54 -1.9617
0.541 -1.95657
0.542 -1.95144
0.543 -1.9463
0.544 -1.94114
0.545 -1.93598
0.546 -1.93082
0.547 -1.92564
0.548 -1.92046
0.549 -1.91527
0.55 -1.91006
0.551 -1.90485
0.552 -1.89963
0.553 -1.89441
0.554 -1.88917
0.555 -1.88392
0.556 -1.87867
0.557 -1.8734
0.558 -1.86813
0.559 -1.86284
0.56 -1.85755
0.561 -1.85224
0.562 -1.84693
0.563 -1.8416
0.564 -1.83627
0.565 -1.83092
0.566 -1.82556
0.567 -1.8202
0.568 -1.81482
0.569 -1.80943
0.57 -1.80403
0.571 -1.79861
0.572 -1.79319
0.573 -1.78776
0.574 -1.78231
0.575 -1.77685
0.576 -1.77138
0.577 -1.7659
0.578 -1.7604
0.579 -1.75489
0.58 -1.74937
0.581 -1.74384
0.582 -1.7383
0.583 -1.73274
0.584 -1.72717
0.585 -1.72159
0.586 -1.71599
0.587 -1.71038
0.588 -1.70475
0.589 -1.69912
0.59 -1.69347
0.591 -1.6878
0.592 -1.68212
0.593 -1.67643
0.594 -1.67072
0.595 -1.665
0.596 -1.65927
0.597 -1.65352
0.598 -1.64775
0.599 -1.64198
0.6 -1.63618
0.601 -1.63037
0.602 -1.62455
0.603 -1.61871
0.604 -1.61286
0.605 -1.60699
0.606 -1.6011
0.607 -1.5952
0.608 -1.58929
0.609 -1.58335
0.61 -1.57741
0.611 -1.57144
0.612 -1.56546
0.613 -1.55947
0.614 -1.55345
0.615 -1.54743
0.616 -1.54138
0.617 -1.53532
0.618 -1.52924
0.619 -1.52315
0.62 -1.51703
0.621 -1.51091
0.622 -1.50476
0.623 -1.4986
0.624 -1.49242
0.625 -1.48622
0.626 -1.48001
0.627 -1.47378
0.628 -1.46753
0.629 -1.46126
0.63 -1.45498
0.631 -1.44868
0.632 -1.44236
0.633 -1.43602
0.634 -1.42966
0.635 -1.42329
0.636 -1.4169
0.637 -1.41049
0.638 -1.40407
0.639 -1.39762
0.64 -1.39116
0.641 -1.38468
0.642 -1.37818
0.643 -1.37167
0.644 -1.36513
0.645 -1.35858
0.646 -1.35201
0.647 -1.34542
0.648 -1.33882
0.649 -1.33219
0.65 -1.32555
0.651 -1.31889
0.652 -1.31221
0.653 -1.30551
0.654 -1.29879
0.655 -1.29206
0.656 -1.28531
0.657 -1.27854
0.658 -1.27175
0.659 -1.26495
0.66 -1.25812
0.661 -1.25128
0.662 -1.24442
0.663 -1.23755
0.664 -1.23065
0.665 -1.22374
0.666 -1.21681
0.667 -1.20986
0.668 -1.2029
0.669 -1.19592
0.67 -1.18892
0.671 -1.1819
0.672 -1.17487
0.673 -1.16782
0.674 -1.16076
0.675 -1.15367
0.676 -1.14658
0.677 -1.13946
0.678 -1.13233
0.679 -1.12518
0.68 -1.11802
0.681 -1.11084
0.682 -1.10365
0.683 -1.09644
0.684 -1.08922
0.685 -1.08198
0.686 -1.07473
0.687 -1.06746
0.688 -1.06018
0.689 -1.05289
0.69 -1.04558
0.691 -1.03826
0.692 -1.03092
0.693 -1.02358
0.694 -1.01622
0.695 -1.00885
0.696 -1.00146
0.697 -0.994067
0.698 -0.986661
0.699 -0.979244
0.7 -0.971817
0.701 -0.964379
0.702 -0.956932
0.703 -0.949475
0.704 -0.942009
0.705 -0.934535
0.706 -0.927052
0.707 -0.919562
0.708 -0.912064
0.709 -0.904559
0.71 -0.897048
0.711 -0.88953
0.712 -0.882007
0.713 -0.874479
0.714 -0.866947
0.715 -0.85941
0.716 -0.851869
0.717 -0.844326
0.718 -0.83678
0.719 -0.829232
0.72 -0.821683
0.721 -0.814133
0.722 -0.806583
0.723 -0.799032
0.724 -0.791483
0.725 -0.783936
0.726 -0.776391
0.727 -0.768848
0.728 -0.761309
0.729 -0.753774
0.73 -0.746244
0.731 -0.73872
0.732 -0.731201
0.733 -0.72369
0.734 -0.716187
0.735 -0.708691
0.736 -0.701205
0.737 -0.693729
0.738 -0.686264
0.739 -0.67881
0.74 -0.671368
0.741 -0.663939
0.742 -0.656525
0.743 -0.649125
0.744 -0.64174
0.745 -0.634372
0.746 -0.627022
0.747 -0.619689
0.748 -0.612376
0.749 -0.605082
0.75 -0.59781
0.751 -0.590559
0.752 -0.583331
0.753 -0.576126
0.754 -0.568947
0.755 -0.561792
0.756 -0.554665
0.757 -0.547565
0.758 -0.540493
0.759 -0.533451
0.76 -0.52644
0.761 -0.51946
0.762 -0.512512
0.763 -0.505599
0.764 -0.49872
0.765 -0.491877
0.766 -0.48507
0.767 -0.478302
0.768 -0.471572
0.769 -0.464883
0.77 -0.458234
0.771 -0.451628
0.772 -0.445065
0.773 -0.438547
0.774 -0.432074
0.775 -0.425648
0.776 -0.41927
0.777 -0.41294
0.778 -0.406661
0.779 -0.400433
0.78 -0.394257
0.781 -0.388135
0.782 -0.382067
0.783 -0.376056
0.784 -0.370101
0.785 -0.364204
0.786 -0.358367
0.787 -0.35259
0.788 -0.346875
0.789 -0.341222
0.79 -0.335634
0.791 -0.33011
0.792 -0.324653
0.793 -0.319263
0.794 -0.313942
0.795 -0.30869
0.796 -0.30351
0.797 -0.298401
0.798 -0.293366
0.799 -0.288405
0.8 -0.283519
0.801 -0.27871
0.802 -0.273978
0.803 -0.269326
0.804 -0.264753
0.805 -0.260261
0.806 -0.255852
0.807 -0.251526
0.808 -0.247284
0.809 -0.243128
0.81 -0.239058
0.811 -0.235075
0.812 -0.231181
0.813 -0.227377
0.814 -0.223664
0.815 -0.220042
0.816 -0.216513
0.817 -0.213077
0.818 -0.209736
0.819 -0.206491
0.82 -0.203343
0.821 -0.200292
0.822 -0.197339
0.823 -0.194486
0.824 -0.191733
0.825 -0.189082
0.826 -0.186532
0.827 -0.184085
0.828 -0.181743
0.829 -0.179504
0.83 -0.177371
0.831 -0.175345
0.832 -0.173425
0.833 -0.171613
0.834 -0.169909
0.835 -0.168315
0.836 -0.16683
0.837 -0.165456
0.838 -0.164193
0.839 -0.163042
0.84 -0.162004
0.841 -0.161078
0.842 -0.160266
0.843 -0.159569
0.844 -0.158986
0.845 -0.158518
0.846 -0.158166
0.847 -0.157931
0.848 -0.157812
0.849 -0.15781
0.85 -0.157926
0.851 -0.158159
0.852 -0.158511
0.853 -0.158981
0.854 -0.159571
0.855 -0.160279
0.856 -0.161108
0.857 -0.162055
0.858 -0.163123
0.859 -0.164311
0.86 -0.165619
0.861 -0.167048
0.862 -0.168597
0.863 -0.170267
0.864 -0.172058
0.865 -0.17397
0.866 -0.176002
0.867 -0.178156
0.868 -0.18043
0.869 -0.182825
0.87 -0.185341
0.871 -0.187978
0.872 -0.190735
0.873 -0.193613
0.874 -0.19661
0.875 -0.199728
0.876 -0.202966
0.877 -0.206323
0.878 -0.2098
0.879 -0.213396
0.88 -0.217111
0.881 -0.220944
0.882 -0.224895
0.883 -0.228964
0.884 -0.233151
0.885 -0.237454
0.886 -0.241874
0.887 -0.24641
0.888 -0.251061
0.889 -0.255827
0.89 -0.260708
0.891 -0.265703
0.892 -0.270811
0.893 -0.276032
0.894 -0.281365
0.895 -0.28681
0.896 -0.292365
0.897 -0.298031
0.898 -0.303806
0.899 -0.30969
0.9 -0.315682
0.901 -0.321781
0.902 -0.327986
0.903 -0.334298
0.904 -0.340714
0.905 -0.347234
0.906 -0.353857
0.907 -0.360583
0.908 -0.36741
0.909 -0.374337
0.91 -0.381364
0.911 -0.38849
0.912 -0.395714
0.913 -0.403034
0.914 -0.41045
0.915 -0.417961
0.916 -0.425565
0.917 -0.433262
0.918 -0.441051
0.919 -0.448931
0.92 -0.4569
0.921 -0.464957
0.922 -0.473102
0.923 -0.481334
0.924 -0.48965
0.925 -0.49805
0.926 -0.506534
0.927 -0.515099
0.928 -0.523745
0.929 -0.53247
0.93 -0.541274
0.931 -0.550154
0.932 -0.559111
0.933 -0.568142
0.934 -0.577247
0.935 -0.586424
0.936 -0.595672
0.937 -0.60499
0.938 -0.614376
0.939 -0.62383
0.94 -0.633351
0.941 -0.642936
0.942 -0.652584
0.943 -0.662296
0.944 -0.672068
0.945 -0.6819
0.946 -0.691791
0.947 -0.701739
0.948 -0.711744
0.949 -0.721803
0.95 -0.731916
0.951 -0.742081
0.952 -0.752298
0.953 -0.762564
0.954 -0.772879
0.955 -0.783241
0.956 -0.793649
0.957 -0.804102
0.958 -0.814598
0.959 -0.825137
0.96 -0.835717
0.961 -0.846336
0.962 -0.856995
0.963 -0.86769
0.964 -0.878422
0.965 -0.889188
0.966 -0.899989
0.967 -0.910821
0.968 -0.921685
0.969 -0.932579
0.97 -0.943502
0.971 -0.954452
0.972 -0.965429
0.973 -0.976431
0.974 -0.987458
0.975 -0.998507
0.976 -1.00958
0.977 -1.02067
0.978 -1.03178
0.979 -1.04291
0.98 -1.05406
0.981 -1.06522
0.982 -1.0764
0.983 -1.08759
0.984 -1.0988
0.985 -1.11002
0.986 -1.12124
0.987 -1.13248
0.988 -1.14373
0.989 -1.15498
0.99 -1.16624
0.991 -1.17751
0.992 -1.18878
0.993 -1.20006
0.994 -1.21134
0.995 -1.22262
0.996 -1.2339
0.997 -1.24518
0.998 -1.25646
0.999 -1.26774
1 -1.27901
1.001 -10
