0 0
0.001 0.566629
0.002 0.572453
0.003 0.578272
0.004 0.584086
0.005 0.589895
0.006 0.595699
0.007 0.601498
0.008 0.607289
0.009 0.613075
0.01 0.618853
0.011 0.624625
0.012 0.630389
0.013 0.636144
0.014 0.641892
0.015 0.64763
0.016 0.65336
0.017 0.659081
0.018 0.664791
0.019 0.670492
0.02 0.676182
0.021 0.681862
0.022 0.687531
0.023 0.693188
0.024 0.698833
0.025 0.704467
0.026 0.710088
0.027 0.715697
0.028 0.721293
0.029 0.726875
0.03 0.732445
0.031 0.738
0.032 0.743541
0.033 0.749068
0.034 0.754581
0.035 0.760078
0.036 0.76556
0.037 0.771027
0.038 0.776479
0.039 0.781914
0.04 0.787334
0.041 0.792737
0.042 0.798124
0.043 0.803493
0.044 0.808846
0.045 0.814182
0.046 0.8195
0.047 0.824801
0.048 0.830084
0.049 0.835349
0.05 0.840597
0.051 0.845826
0.052 0.851036
0.053 0.856228
0.054 0.861401
0.055 0.866556
0.056 0.871692
0.057 0.876808
0.058 0.881906
0.059 0.886984
0.06 0.892043
0.061 0.897083
0.062 0.902103
0.063 0.907103
0.064 0.912084
0.065 0.917045
0.066 0.921986
0.067 0.926908
0.068 0.931809
0.069 0.936691
0.07 0.941553
0.071 0.946395
0.072 0.951217
0.073 0.956019
0.074 0.960801
0.075 0.965563
0.076 0.970305
0.077 0.975027
0.078 0.979729
0.079 0.984412
0.08 0.989075
0.081 0.993717
0.082 0.99834
0.083 1.00294
0.084 1.00753
0.085 1.01209
0.086 1.01664
0.087 1.02116
0.088 1.02567
0.089 1.03015
0.09 1.03462
0.091 1.03907
0.092 1.0435
0.093 1.04791
0.094 1.0523
0.095 1.05667
0.096 1.06103
0.097 1.06536
0.098 1.06968
0.099 1.07398
0.1 1.07826
0.101 1.08252
0.102 1.08676
0.103 1.09099
0.104 1.0952
0.105 1.09939
0.106 1.10357
0.107 1.10772
0.108 1.11186
0.109 1.11599
0.11 1.12009
0.111 1.12418
0.112 1.12826
0.113 1.13232
0.114 1.13636
0.115 1.14038
0.116 1.14439
0.117 1.14838
0.118 1.15236
0.119 1.15633
0.12 1.16027
0.121 1.16421
0.122 1.16812
0.123 1.17203
0.124 1.17592
0.125 1.17979
0.126 1.18365
0.127 1.1875
0.128 1.19133
0.129 1.19515
0.13 1.19895
0.131 1.20274
0.132 1.20652
0.133 1.21029
0.134 1.21404
0.135 1.21778
0.136 1.22151
0.137 1.22522
0.138 1.22893
0.139 1.23262
0.14 1.2363
0.141 1.23997
0.142 1.24362
0.143 1.24727
0.144 1.2509
0.145 1.25452
0.146 1.25814
0.147 1.26174
0.148 1.26533
0.149 1.26891
0.15 1.27248
0.151 1.27604
0.152 1.27959
0.153 1.28313
0.154 1.28667
0.155 1.29019
0.156 1.2937
0.157 1.29721
0.158 1.3007
0.159 1.30419
0.16 1.30767
0.161 1.31114
0.162 1.3146
0.163 1.31805
0.164 1.3215
0.165 1.32494
0.166 1.32837
0.167 1.33179
0.168 1.3352
0.169 1.33861
0.17 1.34201
0.171 1.34541
0.172 1.3488
0.173 1.35218
0.174 1.35555
0.175 1.35892
0.176 1.36228
0.177 1.36564
0.178 1.36899
0.179 1.37233
0.18 1.37567
0.181 1.379
0.182 1.38233
0.183 1.38565
0.184 1.38897
0.185 1.39228
0.186 1.39559
0.187 1.39889
0.188 1.40219
0.189 1.40549
0.19 1.40877
0.191 1.41206
0.192 1.41534
0.193 1.41862
0.194 1.42189
0.195 1.42516
0.196 1.42843
0.197 1.43169
0.198 1.43495
0.199 1.4382
0.2 1.44145
0.201 1.4447
0.202 1.44795
0.203 1.45119
0.204 1.45443
0.205 1.45767
0.206 1.46091
0.207 1.46414
0.208 1.46737
0.209 1.4706
0.21 1.47383
0.211 1.47705
0.212 1.48027
0.213 1.4835
0.214 1.48671
0.215 1.48993
0.216 1.49315
0.217 1.49636
0.218 1.49958
0.219 1.50279
0.22 1.506
0.221 1.50921
0.222 1.51242
0.223 1.51563
0.224 1.51884
0.225 1.52204
0.226 1.52525
0.227 1.52846
0.228 1.53166
0.229 1.53487
0.23 1.53807
0.231 1.54128
0.232 1.54448
0.233 1.54769
0.234 1.5509
0.235 1.5541
0.236 1.55731
0.237 1.56051
0.238 1.56372
0.239 1.56693
0.24 1.57014
0.241 1.57334
0.242 1.57655
0.243 1.57976
0.244 1.58298
0.245 1.58619
0.246 1.5894
0.247 1.59262
0.248 1.59583
0.249 1.59905
0.25 1.60227
0.251 1.60549
0.252 1.60871
0.253 1.61193
0.254 1.61516
0.255 1.61838
0.256 1.62161
0.257 1.62484
0.258 1.62807
0.259 1.6313
0.26 1.63454
0.261 1.63778
0.262 1.64102
0.263 1.64426
0.264 1.6475
0.265 1.65075
0.266 1.654
0.267 1.65725
0.268 1.6605
0.269 1.66376
0.27 1.66702
0.271 1.67028
0.272 1.67355
0.273 1.67681
0.274 1.68008
0.275 1.68335
0.276 1.68663
0.277 1.68991
0.278 1.69319
0.279 1.69647
0.28 1.69976
0.281 1.70305
0.282 1.70635
0.283 1.70964
0.284 1.71294
0.285 1.71625
0.286 1.71956
0.287 1.72287
0.288 1.72618
0.289 1.7295
0.29 1.73282
0.291 1.73614
0.292 1.73947
0.293 1.7428
0.294 1.74614
0.295 1.74948
0.296 1.75282
0.297 1.75617
0.298 1.75952
0.299 1.76287
0.3 1.76623
0.301 1.7696
0.302 1.77296
0.303 1.77633
0.304 1.77971
0.305 1.78309
0.306 1.78647
0.307 1.78986
0.308 1.79325
0.309 1.79664
0.31 1.80004
0.311 1.80345
0.312 1.80686
0.313 1.81027
0.314 1.81369
0.315 1.81711
0.316 1.82053
0.317 1.82396
0.318 1.8274
0.319 1.83084
0.32 1.83428
0.321 1.83773
0.322 1.84118
0.323 1.84464
0.324 1.8481
0.325 1.85157
0.326 1.85504
0.327 1.85852
0.328 1.862
0.329 1.86549
0.33 1.86898
0.331 1.87248
0.332 1.87598
0.333 1.87948
0.334 1.883
0.335 1.88651
0.336 1.89003
0.337 1.89356
0.338 1.89709
0.339 1.90063
0.34 1.90417
0.341 1.90771
0.342 1.91127
0.343 1.91482
0.344 1.91839
0.345 1.92195
0.346 1.92552
0.347 1.9291
0.348 1.93269
0.349 1.93627
0.35 1.93987
0.351 1.94347
0.352 1.94707
0.353 1.95068
0.354 1.9543
0.355 1.95792
0.356 1.96155
0.357 1.96518
0.358 1.96882
0.359 1.97246
0.36 1.97611
0.361 1.97976
0.362 1.98342
0.363 1.98709
0.364 1.99076
0.365 1.99444
0.366 1.99812
0.367 2.00181
0.368 2.00551
0.369 2.00921
0.37 2.01292
0.371 2.01663
0.372 2.02035
0.373 2.02407
0.374 2.0278
0.375 2.03154
0.376 2.03529
0.377 2.03904
0.378 2.04279
0.379 2.04655
0.38 2.05032
0.381 2.0541
0.382 2.05788
0.383 2.06166
0.384 2.06546
0.385 2.06926
0.386 2.07306
0.387 2.07688
0.388 2.0807
0.389 2.08452
0.39 2.08835
0.391 2.09219
0.392 2.09604
0.393 2.09989
0.394 2.10375
0.395 2.10762
0.396 2.11149
0.397 2.11537
0.398 2.11926
0.399 2.12315
0.4 2.12705
0.401 2.13096
0.402 2.13488
0.403 2.1388
0.404 2.14273
0.405 2.14666
0.406 2.15061
0.407 2.15456
0.408 2.15852
0.409 2.16249
0.41 2.16646
0.411 2.17044
0.412 2.17443
0.413 2.17843
0.414 2.18243
0.415 2.18644
0.416 2.19046
0.417 2.19449
0.418 2.19853
0.419 2.20257
0.42 2.20662
0.421 2.21068
0.422 2.21475
0.423 2.21883
0.424 2.22291
0.425 2.22701
0.426 2.23111
0.427 2.23522
0.428 2.23934
0.429 2.24346
0.43 2.2476
0.431 2.25174
0.432 2.2559
0.433 2.26006
0.434 2.26423
0.435 2.26841
0.436 2.2726
0.437 2.2768
0.438 2.28101
0.439 2.28522
0.44 2.28945
0.441 2.29368
0.442 2.29793
0.443 2.30218
0.444 2.30645
0.445 2.31072
0.446 2.31501
0.447 2.3193
0.448 2.32361
0.449 2.32792
0.45 2.33225
0.451 2.33658
0.452 2.34092
0.453 2.34528
0.454 2.34965
0.455 2.35402
0.456 2.35841
0.457 2.36281
0.458 2.36722
0.459 2.37164
0.46 2.37607
0.461 2.38051
0.462 2.38496
0.463 2.38943
0.464 2.39391
0.465 2.39839
0.466 2.40289
0.467 2.4074
0.468 2.41193
0.469 2.41646
0.47 2.42101
0.471 2.42557
0.472 2.43014
0.473 2.43472
0.474 2.43932
0.475 2.44393
0.476 2.44855
0.477 2.45319
0.478 2.45783
0.479 2.46249
0.48 2.46717
0.481 2.47185
0.482 2.47655
0.483 2.48127
0.484 2.486
0.485 2.49074
0.486 2.49549
0.487 2.50026
0.488 2.50505
0.489 2.50984
0.49 2.51465
0.491 2.51948
0.492 2.52432
0.493 2.52918
0.494 2.53405
0.495 2.53893
0.496 2.54384
0.497 2.54875
0.498 2.55368
0.499 2.55863
0.5 2.56359
0.501 2.56857
0.502 2.57357
0.503 2.57858
0.504 2.5836
0.505 2.58865
0.506 2.59371
0.507 2.59878
0.508 2.60388
0.509 2.60899
0.51 2.61412
0.511 2.61926
0.512 2.62442
0.513 2.62961
0.514 2.6348
0.515 2.64002
0.516 2.64525
0.517 2.65051
0.518 2.65578
0.519 2.66107
0.52 2.66637
0.521 2.6717
0.522 2.67705
0.523 2.68241
0.524 2.6878
0.525 2.6932
0.526 2.69862
0.527 2.70407
0.528 2.70953
0.529 2.71502
0.53 2.72052
0.531 2.72605
0.532 2.73159
0.533 2.73716
0.534 2.74275
0.535 2.74836
0.536 2.75399
0.537 2.75964
0.538 2.76532
0.539 2.77101
0.54 2.77673
0.541 2.78248
0.542 2.78824
0.543 2.79403
0.544 2.79984
0.545 2.80567
0.546 2.81153
0.547 2.81741
0.548 2.82331
0.549 2.82924
0.55 2.8352
0.551 2.84117
0.552 2.84718
0.553 2.8532
0.554 2.85926
0.555 2.86533
0.556 2.87144
0.557 2.87757
0.558 2.88372
0.559 2.8899
0.56 2.89611
0.561 2.90234
0.562 2.9086
0.563 2.91489
0.564 2.92121
0.565 2.92755
0.566 2.93392
0.567 2.94032
0.568 2.94675
0.569 2.9532
0.57 2.95968
0.571 2.9662
0.572 2.97274
0.573 2.97931
0.574 2.98591
0.575 2.99254
0.576 2.9992
0.577 3.00589
0.578 3.01262
0.579 3.01937
0.58 3.02615
0.581 3.03297
0.582 3.03981
0.583 3.04669
0.584 3.0536
0.585 3.06054
0.586 3.06752
0.587 3.07452
0.588 3.08157
0.589 3.08864
0.59 3.09575
0.591 3.10289
0.592 3.11006
0.593 3.11727
0.594 3.12452
0.595 3.1318
0.596 3.13911
0.597 3.14646
0.598 3.15385
0.599 3.16127
0.6 3.16872
0.601 3.17622
0.602 3.18375
0.603 3.19132
0.604 3.19892
0.605 3.20656
0.606 3.21424
0.607 3.22196
0.608 3.22972
0.609 3.23751
0.61 3.24535
0.611 3.25322
0.612 3.26113
0.613 3.26908
0.614 3.27707
0.615 3.28511
0.616 3.29318
0.617 3.30129
0.618 3.30945
0.619 3.31764
0.62 3.32588
0.621 3.33416
0.622 3.34248
0.623 3.35084
0.624 3.35925
0.625 3.3677
0.626 3.37619
0.627 3.38472
0.628 3.3933
0.629 3.40193
0.63 3.4106
0.631 3.41931
0.632 3.42807
0.633 3.43687
0.634 3.44572
0.635 3.45461
0.636 3.46355
0.637 3.47254
0.638 3.48157
0.639 3.49065
0.64 3.49977
0.641 3.50895
0.642 3.51817
0.643 3.52744
0.644 3.53675
0.645 3.54612
0.646 3.55553
0.647 3.565
0.648 3.57451
0.649 3.58407
0.65 3.59368
0.651 3.60334
0.652 3.61305
0.653 3.62281
0.654 3.63262
0.655 3.64248
0.656 3.6524
0.657 3.66236
0.658 3.67238
0.659 3.68245
0.66 3.69257
0.661 3.70274
0.662 3.71296
0.663 3.72324
0.664 3.73357
0.665 3.74395
0.666 3.75439
0.667 3.76488
0.668 3.77542
0.669 3.78602
0.67 3.79667
0.671 3.80737
0.672 3.81813
0.673 3.82895
0.674 3.83982
0.675 3.85074
0.676 3.86172
0.677 3.87275
0.678 3.88384
0.679 3.89499
0.68 3.90619
0.681 3.91744
0.682 3.92875
0.683 3.94012
0.684 3.95155
0.685 3.96303
0.686 3.97456
0.687 3.98616
0.688 3.99781
0.689 4.00951
0.69 4.02128
0.691 4.0331
0.692 4.04497
0.693 4.05691
0.694 4.0689
0.695 4.08095
0.696 4.09305
0.697 4.10521
0.698 4.11743
0.699 4.12971
0.7 4.14204
0.701 4.15443
0.702 4.16688
0.703 4.17938
0.704 4.19194
0.705 4.20456
0.706 4.21724
0.707 4.22997
0.708 4.24276
0.709 4.2556
0.71 4.2685
0.711 4.28146
0.712 4.29448
0.713 4.30755
0.714 4.32067
0.715 4.33386
0.716 4.3471
0.717 4.36039
0.718 4.37374
0.719 4.38715
0.72 4.40061
0.721 4.41412
0.722 4.42769
0.723 4.44132
0.724 4.45499
0.725 4.46873
0.726 4.48251
0.727 4.49635
0.728 4.51025
0.729 4.52419
0.73 4.53819
0.731 4.55224
0.732 4.56634
0.733 4.58049
0.734 4.5947
0.735 4.60895
0.736 4.62326
0.737 4.63761
0.738 4.65202
0.739 4.66647
0.74 4.68097
0.741 4.69552
0.742 4.71012
0.743 4.72477
0.744 4.73946
0.745 4.7542
0.746 4.76898
0.747 4.78381
0.748 4.79868
0.749 4.8136
0.75 4.82856
0.751 4.84357
0.752 4.85861
0.753 4.8737
0.754 4.88883
0.755 4.904
0.756 4.91921
0.757 4.93446
0.758 4.94974
0.759 4.96507
0.76 4.98043
0.761 4.99583
0.762 5.01126
0.763 5.02673
0.764 5.04223
0.765 5.05776
0.766 5.07333
0.767 5.08893
0.768 5.10456
0.769 5.12022
0.77 5.13591
0.771 5.15163
0.772 5.16737
0.773 5.18314
0.774 5.19894
0.775 5.21476
0.776 5.23061
0.777 5.24648
0.778 5.26237
0.779 5.27828
0.78 5.29421
0.781 5.31017
0.782 5.32614
0.783 5.34213
0.784 5.35813
0.785 5.37415
0.786 5.39018
0.787 5.40623
0.788 5.42229
0.789 5.43836
0.79 5.45444
0.791 5.47054
0.792 5.48663
0.793 5.50274
0.794 5.51885
0.795 5.53497
0.796 5.55109
0.797 5.56722
0.798 5.58334
0.799 5.59947
0.8 5.61559
0.801 5.63172
0.802 5.64784
0.803 5.66396
0.804 5.68007
0.805 5.69618
0.806 5.71228
0.807 5.72837
0.808 5.74445
0.809 5.76052
0.81 5.77658
0.811 5.79262
0.812 5.80865
0.813 5.82467
0.814 5.84067
0.815 5.85665
0.816 5.87261
0.817 5.88856
0.818 5.90448
0.819 5.92038
0.82 5.93625
0.821 5.9521
0.822 5.96793
0.823 5.98372
0.824 5.99949
0.825 6.01523
0.826 6.03094
0.827 6.04662
0.828 6.06226
0.829 6.07787
0.83 6.09344
0.831 6.10898
0.832 6.12448
0.833 6.13994
0.834 6.15536
0.835 6.17073
0.836 6.18607
0.837 6.20136
0.838 6.21661
0.839 6.23181
0.84 6.24697
0.841 6.26207
0.842 6.27713
0.843 6.29214
0.844 6.30709
0.845 6.32199
0.846 6.33684
0.847 6.35163
0.848 6.36637
0.849 6.38105
0.85 6.39567
0.851 6.41023
0.852 6.42473
0.853 6.43917
0.854 6.45355
0.855 6.46787
0.856 6.48212
0.857 6.4963
0.858 6.51042
0.859 6.52447
0.86 6.53845
0.861 6.55236
0.862 6.5662
0.863 6.57997
0.864 6.59367
0.865 6.60729
0.866 6.62084
0.867 6.63431
0.868 6.64771
0.869 6.66103
0.87 6.67428
0.871 6.68744
0.872 6.70053
0.873 6.71353
0.874 6.72646
0.875 6.7393
0.876 6.75206
0.877 6.76473
0.878 6.77732
0.879 6.78983
0.88 6.80225
0.881 6.81459
0.882 6.82683
0.883 6.83899
0.884 6.85107
0.885 6.86305
0.886 6.87494
0.887 6.88675
0.888 6.89846
0.889 6.91008
0.89 6.92161
0.891 6.93305
0.892 6.9444
0.893 6.95565
0.894 6.96681
0.895 6.97787
0.896 6.98884
0.897 6.99972
0.898 7.0105
0.899 7.02118
0.9 7.03177
0.901 7.04227
0.902 7.05266
0.903 7.06296
0.904 7.07317
0.905 7.08327
0.906 7.09328
0.907 7.10319
0.908 7.11301
0.909 7.12272
0.91 7.13234
0.911 7.14186
0.912 7.15128
0.913 7.16061
0.914 7.16984
0.915 7.17896
0.916 7.18799
0.917 7.19693
0.918 7.20576
0.919 7.2145
0.92 7.22313
0.921 7.23167
0.922 7.24012
0.923 7.24846
0.924 7.25671
0.925 7.26486
0.926 7.27292
0.927 7.28087
0.928 7.28873
0.929 7.2965
0.93 7.30417
0.931 7.31174
0.932 7.31922
0.933 7.3266
0.934 7.33389
0.935 7.34109
0.936 7.34819
0.937 7.3552
0.938 7.36211
0.939 7.36893
0.94 7.37566
0.941 7.3823
0.942 7.38884
0.943 7.3953
0.944 7.40166
0.945 7.40794
0.946 7.41413
0.947 7.42022
0.948 7.42623
0.949 7.43215
0.95 7.43799
0.951 7.44374
0.952 7.4494
0.953 7.45498
0.954 7.46047
0.955 7.46588
0.956 7.4712
0.957 7.47644
0.958 7.4816
0.959 7.48668
0.96 7.49168
0.961 7.49659
0.962 7.50143
0.963 7.50619
0.964 7.51087
0.965 7.51547
0.966 7.52
0.967 7.52445
0.968 7.52882
0.969 7.53312
0.97 7.53735
0.971 7.5415
0.972 7.54558
0.973 7.54958
0.974 7.55352
0.975 7.55739
0.976 7.56118
0.977 7.56491
0.978 7.56857
0.979 7.57216
0.98 7.57568
0.981 7.57914
0.982 7.58253
0.983 7.58586
0.984 7.58912
0.985 7.59233
0.986 7.59546
0.987 7.59854
0.988 7.60156
0.989 7.60451
0.99 7.60741
0.991 7.61024
0.992 7.61302
0.993 7.61574
0.994 7.61841
0.995 7.62101
0.996 7.62357
0.997 7.62606
0.998 7.62851
0.999 7.6309
1 7.63324
1.001 0
