0 0
0.001 0.628001
0.002 0.634251
0.003 0.640496
0.004 0.646738
0.005 0.652975
0.006 0.659208
0.007 0.665435
0.008 0.671656
0.009 0.677871
0.01 0.684079
0.011 0.69028
0.012 0.696473
0.013 0.702659
0.014 0.708835
0.015 0.715003
0.016 0.721162
0.017 0.72731
0.018 0.733449
0.019 0.739576
0.02 0.745693
0.021 0.751798
0.022 0.757891
0.023 0.763971
0.024 0.770039
0.025 0.776094
0.026 0.782134
0.027 0.788161
0.028 0.794174
0.029 0.800172
0.03 0.806154
0.031 0.812121
0.032 0.818072
0.033 0.824007
0.034 0.829925
0.035 0.835826
0.036 0.84171
0.037 0.847576
0.038 0.853424
0.039 0.859253
0.04 0.865064
0.041 0.870856
0.042 0.876629
0.043 0.882382
0.044 0.888115
0.045 0.893828
0.046 0.89952
0.047 0.905192
0.048 0.910843
0.049 0.916473
0.05 0.922081
0.051 0.927668
0.052 0.933232
0.053 0.938775
0.054 0.944295
0.055 0.949793
0.056 0.955268
0.057 0.96072
0.058 0.966149
0.059 0.971555
0.06 0.976937
0.061 0.982296
0.062 0.987632
0.063 0.992943
0.064 0.998231
0.065 1.00349
0.066 1.00873
0.067 1.01395
0.068 1.01914
0.069 1.02431
0.07 1.02945
0.071 1.03457
0.072 1.03966
0.073 1.04473
0.074 1.04978
0.075 1.0548
0.076 1.05979
0.077 1.06476
0.078 1.06971
0.079 1.07463
0.08 1.07953
0.081 1.0844
0.082 1.08925
0.083 1.09407
0.084 1.09887
0.085 1.10364
0.086 1.10839
0.087 1.11312
0.088 1.11782
0.089 1.1225
0.09 1.12715
0.091 1.13178
0.092 1.13638
0.093 1.14097
0.094 1.14552
0.095 1.15006
0.096 1.15457
0.097 1.15906
0.098 1.16352
0.099 1.16796
0.1 1.17238
0.101 1.17678
0.102 1.18115
0.103 1.1855
0.104 1.18983
0.105 1.19413
0.106 1.19842
0.107 1.20268
0.108 1.20692
0.109 1.21114
0.11 1.21533
0.111 1.21951
0.112 1.22366
0.113 1.2278
0.114 1.23191
0.115 1.236
0.116 1.24008
0.117 1.24413
0.118 1.24816
0.119 1.25217
0.12 1.25616
0.121 1.26014
0.122 1.26409
0.123 1.26802
0.124 1.27194
0.125 1.27584
0.126 1.27972
0.127 1.28358
0.128 1.28742
0.129 1.29124
0.13 1.29505
0.131 1.29884
0.132 1.30261
0.133 1.30636
0.134 1.3101
0.135 1.31382
0.136 1.31752
0.137 1.32121
0.138 1.32488
0.139 1.32854
0.14 1.33218
0.141 1.3358
0.142 1.33941
0.143 1.343
0.144 1.34658
0.145 1.35014
0.146 1.35369
0.147 1.35722
0.148 1.36074
0.149 1.36425
0.15 1.36774
0.151 1.37121
0.152 1.37468
0.153 1.37813
0.154 1.38156
0.155 1.38499
0.156 1.3884
0.157 1.39179
0.158 1.39518
0.159 1.39855
0.16 1.40191
0.161 1.40526
0.162 1.40859
0.163 1.41191
0.164 1.41523
0.165 1.41853
0.166 1.42182
0.167 1.42509
0.168 1.42836
0.169 1.43161
0.17 1.43486
0.171 1.43809
0.172 1.44132
0.173 1.44453
0.174 1.44773
0.175 1.45092
0.176 1.45411
0.177 1.45728
0.178 1.46044
0.179 1.46359
0.18 1.46674
0.181 1.46987
0.182 1.473
0.183 1.47612
0.184 1.47922
0.185 1.48232
0.186 1.48541
0.187 1.48849
0.188 1.49157
0.189 1.49463
0.19 1.49769
0.191 1.50073
0.192 1.50378
0.193 1.50681
0.194 1.50983
0.195 1.51285
0.196 1.51586
0.197 1.51886
0.198 1.52186
0.199 1.52484
0.2 1.52782
0.201 1.5308
0.202 1.53377
0.203 1.53673
0.204 1.53968
0.205 1.54263
0.206 1.54557
0.207 1.5485
0.208 1.55143
0.209 1.55435
0.21 1.55726
0.211 1.56017
0.212 1.56308
0.213 1.56597
0.214 1.56886
0.215 1.57175
0.216 1.57463
0.217 1.57751
0.218 1.58038
0.219 1.58324
0.22 1.5861
0.221 1.58895
0.222 1.5918
0.223 1.59465
0.224 1.59748
0.225 1.60032
0.226 1.60315
0.227 1.60597
0.228 1.60879
0.229 1.61161
0.23 1.61442
0.231 1.61723
0.232 1.62003
0.233 1.62283
0.234 1.62562
0.235 1.62841
0.236 1.6312
0.237 1.63398
0.238 1.63676
0.239 1.63953
0.24 1.6423
0.241 1.64507
0.242 1.64783
0.243 1.65059
0.244 1.65335
0.245 1.6561
0.246 1.65885
0.247 1.6616
0.248 1.66434
0.249 1.66708
0.25 1.66982
0.251 1.67255
0.252 1.67528
0.253 1.67801
0.254 1.68073
0.255 1.68345
0.256 1.68617
0.257 1.68889
0.258 1.6916
0.259 1.69431
0.26 1.69702
0.261 1.69973
0.262 1.70243
0.263 1.70513
0.264 1.70783
0.265 1.71053
0.266 1.71322
0.267 1.71591
0.268 1.7186
0.269 1.72129
0.27 1.72398
0.271 1.72666
0.272 1.72934
0.273 1.73202
0.274 1.7347
0.275 1.73737
0.276 1.74005
0.277 1.74272
0.278 1.74539
0.279 1.74806
0.28 1.75073
0.281 1.75339
0.282 1.75606
0.283 1.75872
0.284 1.76138
0.285 1.76404
0.286 1.7667
0.287 1.76935
0.288 1.77201
0.289 1.77466
0.29 1.77731
0.291 1.77997
0.292 1.78262
0.293 1.78526
0.294 1.78791
0.295 1.79056
0.296 1.7932
0.297 1.79585
0.298 1.79849
0.299 1.80114
0.3 1.80378
0.301 1.80642
0.302 1.80906
0.303 1.8117
0.304 1.81434
0.305 1.81697
0.306 1.81961
0.307 1.82224
0.308 1.82488
0.309 1.82751
0.31 1.83015
0.311 1.83278
0.312 1.83541
0.313 1.83805
0.314 1.84068
0.315 1.84331
0.316 1.84594
0.317 1.84857
0.318 1.8512
0.319 1.85383
0.32 1.85646
0.321 1.85909
0.322 1.86171
0.323 1.86434
0.324 1.86697
0.325 1.8696
0.326 1.87222
0.327 1.87485
0.328 1.87747
0.329 1.8801
0.33 1.88273
0.331 1.88535
0.332 1.88798
0.333 1.8906
0.334 1.89323
0.335 1.89586
0.336 1.89848
0.337 1.90111
0.338 1.90373
0.339 1.90636
0.34 1.90898
0.341 1.91161
0.342 1.91423
0.343 1.91686
0.344 1.91948
0.345 1.92211
0.346 1.92474
0.347 1.92736
0.348 1.92999
0.349 1.93262
0.35 1.93524
0.351 1.93787
0.352 1.9405
0.353 1.94313
0.354 1.94575
0.355 1.94838
0.356 1.95101
0.357 1.95364
0.358 1.95627
0.359 1.9589
0.36 1.96153
0.361 1.96416
0.362 1.96679
0.363 1.96942
0.364 1.97206
0.365 1.97469
0.366 1.97732
0.367 1.97996
0.368 1.98259
0.369 1.98522
0.37 1.98786
0.371 1.9905
0.372 1.99313
0.373 1.99577
0.374 1.99841
0.375 2.00105
0.376 2.00369
0.377 2.00633
0.378 2.00897
0.379 2.01161
0.38 2.01425
0.381 2.0169
0.382 2.01954
0.383 2.02219
0.384 2.02483
0.385 2.02748
0.386 2.03013
0.387 2.03278
0.388 2.03543
0.389 2.03808
0.39 2.04073
0.391 2.04338
0.392 2.04604
0.393 2.04869
0.394 2.05135
0.395 2.05401
0.396 2.05666
0.397 2.05932
0.398 2.06198
0.399 2.06465
0.4 2.06731
0.401 2.06997
0.402 2.07264
0.403 2.07531
0.404 2.07798
0.405 2.08065
0.406 2.08332
0.407 2.08599
0.408 2.08866
0.409 2.09134
0.41 2.09402
0.411 2.09669
0.412 2.09937
0.413 2.10206
0.414 2.10474
0.415 2.10742
0.416 2.11011
0.417 2.1128
0.418 2.11549
0.419 2.11818
0.42 2.12087
0.421 2.12357
0.422 2.12627
0.423 2.12896
0.424 2.13166
0.425 2.13437
0.426 2.13707
0.427 2.13978
0.428 2.14249
0.429 2.1452
0.43 2.14791
0.431 2.15062
0.432 2.15334
0.433 2.15606
0.434 2.15878
0.435 2.1615
0.436 2.16423
0.437 2.16696
0.438 2.16969
0.439 2.17242
0.44 2.17515
0.441 2.17789
0.442 2.18063
0.443 2.18337
0.444 2.18612
0.445 2.18886
0.446 2.19161
0.447 2.19436
0.448 2.19712
0.449 2.19988
0.45 2.20264
0.451 2.2054
0.452 2.20817
0.453 2.21094
0.454 2.21371
0.455 2.21648
0.456 2.21926
0.457 2.22204
0.458 2.22482
0.459 2.22761
0.46 2.2304
0.461 2.23319
0.462 2.23599
0.463 2.23879
0.464 2.24159
0.465 2.2444
0.466 2.24721
0.467 2.25002
0.468 2.25284
0.469 2.25566
0.47 2.25848
0.471 2.26131
0.472 2.26414
0.473 2.26697
0.474 2.26981
0.475 2.27265
0.476 2.2755
0.477 2.27835
0.478 2.2812
0.479 2.28406
0.48 2.28692
0.481 2.28979
0.482 2.29266
0.483 2.29553
0.484 2.29841
0.485 2.30129
0.486 2.30418
0.487 2.30707
0.488 2.30997
0.489 2.31287
0.49 2.31577
0.491 2.31868
0.492 2.3216
0.493 2.32452
0.494 2.32744
0.495 2.33037
0.496 2.3333
0.497 2.33624
0.498 2.33918
0.499 2.34213
0.5 2.34509
0.501 2.34804
0.502 2.35101
0.503 2.35398
0.504 2.35695
0.505 2.35993
0.506 2.36292
0.507 2.36591
0.508 2.3689
0.509 2.37191
0.51 2.37491
0.511 2.37793
0.512 2.38095
0.513 2.38397
0.514 2.387
0.515 2.39004
0.516 2.39308
0.517 2.39613
0.518 2.39919
0.519 2.40225
0.52 2.40532
0.521 2.4084
0.522 2.41148
0.523 2.41457
0.524 2.41766
0.525 2.42076
0.526 2.42387
0.527 2.42698
0.528 2.43011
0.529 2.43323
0.53 2.43637
0.531 2.43951
0.532 2.44266
0.533 2.44582
0.534 2.44899
0.535 2.45216
0.536 2.45534
0.537 2.45852
0.538 2.46172
0.539 2.46492
0.54 2.46813
0.541 2.47135
0.542 2.47458
0.543 2.47781
0.544 2.48105
0.545 2.48431
0.546 2.48756
0.547 2.49083
0.548 2.49411
0.549 2.49739
0.55 2.50068
0.551 2.50399
0.552 2.5073
0.553 2.51062
0.554 2.51394
0.555 2.51728
0.556 2.52063
0.557 2.52398
0.558 2.52735
0.559 2.53072
0.56 2.53411
0.561 2.5375
0.562 2.5409
0.563 2.54431
0.564 2.54774
0.565 2.55117
0.566 2.55461
0.567 2.55806
0.568 2.56153
0.569 2.565
0.57 2.56848
0.571 2.57198
0.572 2.57548
0.573 2.579
0.574 2.58252
0.575 2.58606
0.576 2.58961
0.577 2.59317
0.578 2.59674
0.579 2.60032
0.58 2.60391
0.581 2.60752
0.582 2.61113
0.583 2.61476
0.584 2.6184
0.585 2.62205
0.586 2.62572
0.587 2.62939
0.588 2.63308
0.589 2.63678
0.59 2.64049
0.591 2.64422
0.592 2.64796
0.593 2.65171
0.594 2.65547
0.595 2.65925
0.596 2.66304
0.597 2.66684
0.598 2.67066
0.599 2.67449
0.6 2.67834
0.601 2.68219
0.602 2.68607
0.603 2.68995
0.604 2.69385
0.605 2.69776
0.606 2.70169
0.607 2.70564
0.608 2.70959
0.609 2.71357
0.61 2.71755
0.611 2.72156
0.612 2.72557
0.613 2.72961
0.614 2.73365
0.615 2.73772
0.616 2.7418
0.617 2.74589
0.618 2.75
0.619 2.75413
0.62 2.75827
0.621 2.76243
0.622 2.76661
0.623 2.7708
0.624 2.77501
0.625 2.77924
0.626 2.78348
0.627 2.78774
0.628 2.79202
0.629 2.79631
0.63 2.80063
0.631 2.80496
0.632 2.80931
0.633 2.81367
0.634 2.81806
0.635 2.82246
0.636 2.82689
0.637 2.83133
0.638 2.83579
0.639 2.84027
0.64 2.84476
0.641 2.84928
0.642 2.85382
0.643 2.85838
0.644 2.86295
0.645 2.86755
0.646 2.87217
0.647 2.8768
0.648 2.88146
0.649 2.88614
0.65 2.89084
0.651 2.89556
0.652 2.9003
0.653 2.90506
0.654 2.90985
0.655 2.91465
0.656 2.91948
0.657 2.92433
0.658 2.9292
0.659 2.9341
0.66 2.93902
0.661 2.94396
0.662 2.94892
0.663 2.95391
0.664 2.95892
0.665 2.96395
0.666 2.96901
0.667 2.97409
0.668 2.9792
0.669 2.98433
0.67 2.98948
0.671 2.99466
0.672 2.99987
0.673 3.0051
0.674 3.01035
0.675 3.01563
0.676 3.02094
0.677 3.02627
0.678 3.03163
0.679 3.03701
0.68 3.04243
0.681 3.04786
0.682 3.05333
0.683 3.05882
0.684 3.06434
0.685 3.06989
0.686 3.07547
0.687 3.08107
0.688 3.0867
0.689 3.09237
0.69 3.09806
0.691 3.10378
0.692 3.10952
0.693 3.1153
0.694 3.12111
0.695 3.12695
0.696 3.13282
0.697 3.13871
0.698 3.14464
0.699 3.1506
0.7 3.1566
0.701 3.16262
0.702 3.16867
0.703 3.17476
0.704 3.18088
0.705 3.18703
0.706 3.19321
0.707 3.19943
0.708 3.20568
0.709 3.21196
0.71 3.21828
0.711 3.22463
0.712 3.23102
0.713 3.23744
0.714 3.24389
0.715 3.25038
0.716 3.25691
0.717 3.26347
0.718 3.27006
0.719 3.27669
0.72 3.28336
0.721 3.29007
0.722 3.29681
0.723 3.30359
0.724 3.31041
0.725 3.31726
0.726 3.32415
0.727 3.33108
0.728 3.33805
0.729 3.34506
0.73 3.35211
0.731 3.35919
0.732 3.36632
0.733 3.37349
0.734 3.38069
0.735 3.38794
0.736 3.39523
0.737 3.40256
0.738 3.40993
0.739 3.41734
0.74 3.42479
0.741 3.43229
0.742 3.43983
0.743 3.44741
0.744 3.45503
0.745 3.4627
0.746 3.47041
0.747 3.47817
0.748 3.48597
0.749 3.49382
0.75 3.50171
0.751 3.50964
0.752 3.51762
0.753 3.52565
0.754 3.53372
0.755 3.54184
0.756 3.55001
0.757 3.55822
0.758 3.56648
0.759 3.57479
0.76 3.58315
0.761 3.59155
0.762 3.60001
0.763 3.60851
0.764 3.61706
0.765 3.62566
0.766 3.63431
0.767 3.64301
0.768 3.65177
0.769 3.66057
0.77 3.66942
0.771 3.67833
0.772 3.68728
0.773 3.69629
0.774 3.70535
0.775 3.71446
0.776 3.72363
0.777 3.73285
0.778 3.74212
0.779 3.75144
0.78 3.76082
0.781 3.77026
0.782 3.77974
0.783 3.78929
0.784 3.79889
0.785 3.80854
0.786 3.81825
0.787 3.82801
0.788 3.83783
0.789 3.84771
0.79 3.85765
0.791 3.86764
0.792 3.87769
0.793 3.88779
0.794 3.89796
0.795 3.90818
0.796 3.91846
0.797 3.9288
0.798 3.9392
0.799 3.94965
0.8 3.96017
0.801 3.97074
0.802 3.98138
0.803 3.99207
0.804 4.00283
0.805 4.01364
0.806 4.02452
0.807 4.03546
0.808 4.04645
0.809 4.05751
0.81 4.06863
0.811 4.07982
0.812 4.09106
0.813 4.10236
0.814 4.11373
0.815 4.12516
0.816 4.13665
0.817 4.14821
0.818 4.15983
0.819 4.17151
0.82 4.18325
0.821 4.19505
0.822 4.20692
0.823 4.21885
0.824 4.23085
0.825 4.24291
0.826 4.25503
0.827 4.26722
0.828 4.27947
0.829 4.29178
0.83 4.30416
0.831 4.3166
0.832 4.3291
0.833 4.34167
0.834 4.3543
0.835 4.367
0.836 4.37976
0.837 4.39258
0.838 4.40547
0.839 4.41842
0.84 4.43143
0.841 4.44451
0.842 4.45765
0.843 4.47085
0.844 4.48412
0.845 4.49745
0.846 4.51085
0.847 4.5243
0.848 4.53782
0.849 4.5514
0.85 4.56505
0.851 4.57875
0.852 4.59252
0.853 4.60635
0.854 4.62024
0.855 4.63419
0.856 4.64821
0.857 4.66228
0.858 4.67642
0.859 4.69061
0.86 4.70487
0.861 4.71918
0.862 4.73355
0.863 4.74798
0.864 4.76247
0.865 4.77702
0.866 4.79163
0.867 4.80629
0.868 4.82101
0.869 4.83579
0.87 4.85062
0.871 4.8655
0.872 4.88044
0.873 4.89544
0.874 4.91049
0.875 4.92559
0.876 4.94075
0.877 4.95595
0.878 4.97121
0.879 4.98652
0.88 5.00188
0.881 5.01729
0.882 5.03274
0.883 5.04825
0.884 5.0638
0.885 5.0794
0.886 5.09504
0.887 5.11073
0.888 5.12646
0.889 5.14224
0.89 5.15806
0.891 5.17392
0.892 5.18982
0.893 5.20577
0.894 5.22175
0.895 5.23777
0.896 5.25382
0.897 5.26992
0.898 5.28605
0.899 5.30221
0.9 5.31841
0.901 5.33464
0.902 5.3509
0.903 5.36719
0.904 5.38351
0.905 5.39986
0.906 5.41624
0.907 5.43264
0.908 5.44907
0.909 5.46552
0.91 5.48199
0.911 5.49849
0.912 5.515
0.913 5.53154
0.914 5.54809
0.915 5.56466
0.916 5.58125
0.917 5.59785
0.918 5.61446
0.919 5.63109
0.92 5.64773
0.921 5.66437
0.922 5.68102
0.923 5.69768
0.924 5.71435
0.925 5.73102
0.926 5.74769
0.927 5.76436
0.928 5.78104
0.929 5.79771
0.93 5.81438
0.931 5.83104
0.932 5.8477
0.933 5.86436
0.934 5.881
0.935 5.89763
0.936 5.91426
0.937 5.93087
0.938 5.94746
0.939 5.96404
0.94 5.98061
0.941 5.99715
0.942 6.01368
0.943 6.03018
0.944 6.04667
0.945 6.06312
0.946 6.07956
0.947 6.09596
0.948 6.11234
0.949 6.12868
0.95 6.145
0.951 6.16128
0.952 6.17753
0.953 6.19374
0.954 6.20991
0.955 6.22605
0.956 6.24214
0.957 6.2582
0.958 6.27421
0.959 6.29018
0.96 6.3061
0.961 6.32197
0.962 6.3378
0.963 6.35357
0.964 6.36929
0.965 6.38496
0.966 6.40058
0.967 6.41614
0.968 6.43165
0.969 6.44709
0.97 6.46248
0.971 6.4778
0.972 6.49307
0.973 6.50826
0.974 6.5234
0.975 6.53847
0.976 6.55347
0.977 6.5684
0.978 6.58326
0.979 6.59805
0.98 6.61277
0.981 6.62742
0.982 6.64199
0.983 6.65649
0.984 6.67091
0.985 6.68525
0.986 6.69951
0.987 6.71369
0.988 6.72779
0.989 6.74181
0.99 6.75574
0.991 6.76959
0.992 6.78335
0.993 6.79703
0.994 6.81062
0.995 6.82413
0.996 6.83754
0.997 6.85086
0.998 6.8641
0.999 6.87724
1 6.89029
1.001 0
