0 -10
0.001 -6.04061
0.002 -6.02601
0.003 -6.01141
0.004 -5.99681
0.005 -5.98221
0.006 -5.96761
0.007 -5.95302
0.008 -5.93844
0.009 -5.92386
0.01 -5.90929
0.011 -5.89473
0.012 -5.88017
0.013 -5.86563
0.014 -5.85109
0.015 -5.83657
0.016 -5.82206
0.017 -5.80756
0.018 -5.79308
0.019 -5.77861
0.02 -5.76416
0.021 -5.74972
0.022 -5.7353
0.023 -5.7209
0.024 -5.70652
0.025 -5.69216
0.026 -5.67783
0.027 -5.66351
0.028 -5.64922
0.029 -5.63494
0.03 -5.6207
0.031 -5.60648
0.032 -5.59228
0.033 -5.57811
0.034 -5.56397
0.035 -5.54986
0.036 -5.53578
0.037 -5.52173
0.038 -5.5077
0.039 -5.49371
0.04 -5.47975
0.041 -5.46583
0.042 -5.45193
0.043 -5.43807
0.044 -5.42425
0.045 -5.41046
0.046 -5.39671
0.047 -5.38299
0.048 -5.36932
0.049 -5.35568
0.05 -5.34207
0.051 -5.32851
0.052 -5.31499
0.053 -5.30151
0.054 -5.28806
0.055 -5.27466
0.056 -5.26131
0.057 -5.24799
0.058 -5.23472
0.059 -5.22149
0.06 -5.2083
0.061 -5.19516
0.062 -5.18206
0.063 -5.16901
0.064 -5.156
0.065 -5.14304
0.066 -5.13013
0.067 -5.11726
0.068 -5.10443
0.069 -5.09166
0.07 -5.07893
0.071 -5.06625
0.072 -5.05362
0.073 -5.04103
0.074 -5.0285
0.075 -5.01601
0.076 -5.00357
0.077 -4.99118
0.078 -4.97884
0.079 -4.96655
0.08 -4.95431
0.081 -4.94212
0.082 -4.92997
0.083 -4.91788
0.084 -4.90584
0.085 -4.89385
0.086 -4.8819
0.087 -4.87001
0.088 -4.85817
0.089 -4.84638
0.09 -4.83463
0.091 -4.82294
0.092 -4.8113
0.093 -4.79971
0.094 -4.78817
0.095 -4.77668
0.096 -4.76523
0.097 -4.75384
0.098 -4.7425
0.099 -4.73121
0.1 -4.71997
0.101 -4.70878
0.102 -4.69764
0.103 -4.68654
0.104 -4.6755
0.105 -4.66451
0.106 -4.65356
0.107 -4.64267
0.108 -4.63182
0.109 -4.62102
0.11 -4.61027
0.111 -4.59957
0.112 -4.58892
0.113 -4.57832
0.114 -4.56776
0.115 -4.55725
0.116 -4.54679
0.117 -4.53638
0.118 -4.52601
0.119 -4.51569
0.12 -4.50542
0.121 -4.4952
0.122 -4.48502
0.123 -4.47488
0.124 -4.4648
0.125 -4.45476
0.126 -4.44476
0.127 -4.43481
0.128 -4.42491
0.129 -4.41505
0.13 -4.40524
0.131 -4.39547
0.132 -4.38574
0.133 -4.37606
0.134 -4.36642
0.135 -4.35683
0.136 -4.34728
0.137 -4.33777
0.138 -4.32831
0.139 -4.31889
0.14 -4.30951
0.141 -4.30017
0.142 -4.29088
0.143 -4.28162
0.144 -4.27241
0.145 -4.26324
0.146 -4.25412
0.147 -4.24503
0.148 -4.23598
0.149 -4.22698
0.15 -4.21801
0.151 -4.20909
0.152 -4.2002
0.153 -4.19136
0.154 -4.18255
0.155 -4.17378
0.156 -4.16505
0.157 -4.15637
0.158 -4.14771
0.159 -4.1391
0.16 -4.13053
0.161 -4.12199
0.162 -4.11349
0.163 -4.10503
0.164 -4.09661
0.165 -4.08822
0.166 -4.07987
0.167 -4.07156
0.168 -4.06328
0.169 -4.05504
0.17 -4.04683
0.171 -4.03867
0.172 -4.03053
0.173 -4.02243
0.174 -4.01437
0.175 -4.00634
0.176 -3.99835
0.177 -3.99039
0.178 -3.98247
0.179 -3.97458
0.18 -3.96672
0.181 -3.9589
0.182 -3.95111
0.183 -3.94335
0.184 -3.93563
0.185 -3.92794
0.186 -3.92029
0.187 -3.91266
0.188 -3.90507
0.189 -3.89751
0.19 -3.88998
0.191 -3.88249
0.192 -3.87502
0.193 -3.86759
0.194 -3.86019
0.195 -3.85282
0.196 -3.84548
0.197 -3.83817
0.198 -3.83089
0.199 -3.82364
0.2 -3.81643
0.201 -3.80924
0.202 -3.80208
0.203 -3.79495
0.204 -3.78785
0.205 -3.78078
0.206 -3.77374
0.207 -3.76672
0.208 -3.75974
0.209 -3.75278
0.21 -3.74586
0.211 -3.73896
0.212 -3.73208
0.213 -3.72524
0.214 -3.71842
0.215 -3.71163
0.216 -3.70487
0.217 -3.69814
0.218 -3.69143
0.219 -3.68475
0.22 -3.67809
0.221 -3.67146
0.222 -3.66486
0.223 -3.65828
0.224 -3.65173
0.225 -3.6452
0.226 -3.6387
0.227 -3.63223
0.228 -3.62578
0.229 -3.61935
0.23 -3.61295
0.231 -3.60658
0.232 -3.60022
0.233 -3.5939
0.234 -3.58759
0.235 -3.58131
0.236 -3.57506
0.237 -3.56883
0.238 -3.56262
0.239 -3.55643
0.24 -3.55027
0.241 -3.54413
0.242 -3.53801
0.243 -3.53192
0.244 -3.52585
0.245 -3.5198
0.246 -3.51377
0.247 -3.50777
0.248 -3.50178
0.249 -3.49582
0.25 -3.48988
0.251 -3.48396
0.252 -3.47806
0.253 -3.47219
0.254 -3.46633
0.255 -3.4605
0.256 -3.45468
0.257 -3.44889
0.258 -3.44312
0.259 -3.43736
0.26 -3.43163
0.261 -3.42592
0.262 -3.42022
0.263 -3.41455
0.264 -3.4089
0.265 -3.40326
0.266 -3.39765
0.267 -3.39205
0.268 -3.38647
0.269 -3.38092
0.27 -3.37538
0.271 -3.36986
0.272 -3.36435
0.273 -3.35887
0.274 -3.3534
0.275 -3.34796
0.276 -3.34253
0.277 -3.33711
0.278 -3.33172
0.279 -3.32634
0.28 -3.32098
0.281 -3.31564
0.282 -3.31032
0.283 -3.30501
0.284 -3.29972
0.285 -3.29445
0.286 -3.28919
0.287 -3.28395
0.288 -3.27873
0.289 -3.27352
0.29 -3.26833
0.291 -3.26316
0.292 -3.258
0.293 -3.25286
0.294 -3.24773
0.295 -3.24262
0.296 -3.23753
0.297 -3.23245
0.298 -3.22738
0.299 -3.22234
0.3 -3.2173
0.301 -3.21229
0.302 -3.20728
0.303 -3.2023
0.304 -3.19732
0.305 -3.19237
0.306 -3.18742
0.307 -3.1825
0.308 -3.17758
0.309 -3.17268
0.31 -3.1678
0.311 -3.16293
0.312 -3.15807
0.313 -3.15323
0.314 -3.1484
0.315 -3.14359
0.316 -3.13879
0.317 -3.134
0.318 -3.12923
0.319 -3.12447
0.32 -3.11972
0.321 -3.11499
0.322 -3.11027
0.323 -3.10556
0.324 -3.10087
0.325 -3.09619
0.326 -3.09152
0.327 -3.08687
0.328 -3.08223
0.329 -3.0776
0.33 -3.07298
0.331 -3.06838
0.332 -3.06379
0.333 -3.05921
0.334 -3.05465
0.335 -3.05009
0.336 -3.04555
0.337 -3.04102
0.338 -3.03651
0.339 -3.032
0.34 -3.02751
0.341 -3.02303
0.342 -3.01856
0.343 -3.0141
0.344 -3.00965
0.345 -3.00522
0.346 -3.0008
0.347 -2.99638
0.348 -2.99198
0.349 -2.98759
0.35 -2.98322
0.351 -2.97885
0.352 -2.9745
0.353 -2.97015
0.354 -2.96582
0.355 -2.96149
0.356 -2.95718
0.357 -2.95288
0.358 -2.94859
0.359 -2.94431
0.36 -2.94004
0.361 -2.93578
0.362 -2.93154
0.363 -2.9273
0.364 -2.92307
0.365 -2.91885
0.366 -2.91465
0.367 -2.91045
0.368 -2.90626
0.369 -2.90209
0.37 -2.89792
0.371 -2.89376
0.372 -2.88961
0.373 -2.88548
0.374 -2.88135
0.375 -2.87723
0.376 -2.87312
0.377 -2.86902
0.378 -2.86493
0.379 -2.86085
0.38 -2.85678
0.381 -2.85272
0.382 -2.84866
0.383 -2.84462
0.384 -2.84058
0.385 -2.83656
0.386 -2.83254
0.387 -2.82853
0.388 -2.82453
0.389 -2.82054
0.39 -2.81656
0.391 -2.81259
0.392 -2.80862
0.393 -2.80467
0.394 -2.80072
0.395 -2.79678
0.396 -2.79285
0.397 -2.78893
0.398 -2.78501
0.399 -2.7811
0.4 -2.7772
0.401 -2.77331
0.402 -2.76943
0.403 -2.76556
0.404 -2.76169
0.405 -2.75783
0.406 -2.75398
0.407 -2.75013
0.408 -2.7463
0.409 -2.74247
0.41 -2.73865
0.411 -2.73483
0.412 -2.73103
0.413 -2.72723
0.414 -2.72344
0.415 -2.71965
0.416 -2.71587
0.417 -2.7121
0.418 -2.70834
0.419 -2.70458
0.42 -2.70083
0.421 -2.69709
0.422 -2.69335
0.423 -2.68962
0.424 -2.68589
0.425 -2.68218
0.426 -2.67847
0.427 -2.67476
0.428 -2.67106
0.429 -2.66737
0.43 -2.66369
0.431 -2.66001
0.432 -2.65634
0.433 -2.65267
0.434 -2.64901
0.435 -2.64535
0.436 -2.6417
0.437 -2.63806
0.438 -2.63442
0.439 -2.63079
0.44 -2.62716
0.441 -2.62354
0.442 -2.61993
0.443 -2.61631
0.444 -2.61271
0.445 -2.60911
0.446 -2.60552
0.447 -2.60193
0.448 -2.59834
0.449 -2.59476
0.45 -2.59119
0.451 -2.58762
0.452 -2.58406
0.453 -2.5805
0.454 -2.57694
0.455 -2.57339
0.456 -2.56985
0.457 -2.56631
0.458 -2.56277
0.459 -2.55924
0.46 -2.55571
0.461 -2.55219
0.462 -2.54867
0.463 -2.54515
0.464 -2.54164
0.465 -2.53813
0.466 -2.53463
0.467 -2.53113
0.468 -2.52763
0.469 -2.52414
0.47 -2.52066
0.471 -2.51717
0.472 -2.51369
0.473 -2.51021
0.474 -2.50674
0.475 -2.50327
0.476 -2.4998
0.477 -2.49634
0.478 -2.49288
0.479 -2.48942
0.48 -2.48597
0.481 -2.48251
0.482 -2.47907
0.483 -2.47562
0.484 -2.47218
0.485 -2.46874
0.486 -2.4653
0.487 -2.46186
0.488 -2.45843
0.489 -2.455
0.49 -2.45158
0.491 -2.44815
0.492 -2.44473
0.493 -2.44131
0.494 -2.43789
0.495 -2.43447
0.496 -2.43106
0.497 -2.42765
0.498 -2.42423
0.499 -2.42083
0.5 -2.41742
0.501 -2.41401
0.502 -2.41061
0.503 -2.40721
0.504 -2.40381
0.505 -2.40041
0.506 -2.39701
0.507 -2.39361
0.508 -2.39022
0.509 -2.38682
0.51 -2.38343
0.511 -2.38004
0.512 -2.37665
0.513 -2.37326
0.514 -2.36987
0.515 -2.36648
0.516 -2.36309
0.517 -2.3597
0.518 -2.35632
0.519 -2.35293
0.52 -2.34954
0.521 -2.34616
0.522 -2.34277
0.523 -2.33939
0.524 -2.336
0.525 -2.33262
0.526 -2.32923
0.527 -2.32585
0.528 -2.32246
0.529 -2.31908
0.53 -2.31569
0.531 -2.3123
0.532 -2.30892
0.533 -2.30553
0.534 -2.30214
0.535 -2.29875
0.536 -2.29537
0.537 -2.29198
0.538 -2.28859
0.539 -2.28519
0.54 -2.2818
0.541 -2.27841
0.542 -2.27501
0.543 -2.27162
0.544 -2.26822
0.545 -2.26482
0.546 -2.26142
0.547 -2.25802
0.548 -2.25462
0.549 -2.25122
0.55 -2.24781
0.551 -2.2444
0.552 -2.24099
0.553 -2.23758
0.554 -2.23417
0.555 -2.23075
0.556 -2.22733
0.557 -2.22391
0.558 -2.22049
0.559 -2.21707
0.56 -2.21364
0.561 -2.21021
0.562 -2.20678
0.563 -2.20335
0.564 -2.19991
0.565 -2.19647
0.566 -2.19303
0.567 -2.18958
0.568 -2.18613
0.569 -2.18268
0.57 -2.17923
0.571 -2.17577
0.572 -2.17231
0.573 -2.16884
0.574 -2.16537
0.575 -2.1619
0.576 -2.15843
0.577 -2.15495
0.578 -2.15146
0.579 -2.14798
0.58 -2.14449
0.581 -2.14099
0.582 -2.13749
0.583 -2.13399
0.584 -2.13048
0.585 -2.12697
0.586 -2.12346
0.587 -2.11994
0.588 -2.11641
0.589 -2.11288
0.59 -2.10935
0.591 -2.10581
0.592 -2.10227
0.593 -2.09872
0.594 -2.09517
0.595 -2.09161
0.596 -2.08804
0.597 -2.08448
0.598 -2.0809
0.599 -2.07732
0.6 -2.07374
0.601 -2.07015
0.602 -2.06655
0.603 -2.06295
0.604 -2.05934
0.605 -2.05573
0.606 -2.05211
0.607 -2.04848
0.608 -2.04485
0.609 -2.04121
0.61 -2.03757
0.611 -2.03392
0.612 -2.03026
0.613 -2.02659
0.614 -2.02292
0.615 -2.01925
0.616 -2.01556
0.617 -2.01187
0.618 -2.00817
0.619 -2.00447
0.62 -2.00075
0.621 -1.99703
0.622 -1.99331
0.623 -1.98957
0.624 -1.98583
0.625 -1.98208
0.626 -1.97832
0.627 -1.97456
0.628 -1.97078
0.629 -1.967
0.63 -1.96321
0.631 -1.95941
0.632 -1.95561
0.633 -1.95179
0.634 -1.94797
0.635 -1.94414
0.636 -1.9403
0.637 -1.93645
0.638 -1.93259
0.639 -1.92873
0.64 -1.92485
0.641 -1.92097
0.642 -1.91707
0.643 -1.91317
0.644 -1.90926
0.645 -1.90534
0.646 -1.9014
0.647 -1.89746
0.648 -1.89351
0.649 -1.88955
0.65 -1.88558
0.651 -1.8816
0.652 -1.87761
0.653 -1.8736
0.654 -1.86959
0.655 -1.86557
0.656 -1.86154
0.657 -1.85749
0.658 -1.85344
0.659 -1.84937
0.66 -1.84529
0.661 -1.84121
0.662 -1.83711
0.663 -1.833
0.664 -1.82888
0.665 -1.82474
0.666 -1.8206
0.667 -1.81644
0.668 -1.81227
0.669 -1.80809
0.67 -1.8039
0.671 -1.79969
0.672 -1.79548
0.673 -1.79125
0.674 -1.787
0.675 -1.78275
0.676 -1.77848
0.677 -1.7742
0.678 -1.76991
0.679 -1.7656
0.68 -1.76128
0.681 -1.75695
0.682 -1.75261
0.683 -1.74825
0.684 -1.74387
0.685 -1.73949
0.686 -1.73509
0.687 -1.73067
0.688 -1.72624
0.689 -1.7218
0.69 -1.71734
0.691 -1.71287
0.692 -1.70839
0.693 -1.70389
0.694 -1.69937
0.695 -1.69484
0.696 -1.69029
0.697 -1.68573
0.698 -1.68116
0.699 -1.67657
0.7 -1.67196
0.701 -1.66734
0.702 -1.6627
0.703 -1.65805
0.704 -1.65338
0.705 -1.6487
0.706 -1.644
0.707 -1.63928
0.708 -1.63455
0.709 -1.6298
0.71 -1.62503
0.711 -1.62025
0.712 -1.61545
0.713 -1.61063
0.714 -1.6058
0.715 -1.60095
0.716 -1.59608
0.717 -1.59119
0.718 -1.58629
0.719 -1.58137
0.72 -1.57643
0.721 -1.57147
0.722 -1.5665
0.723 -1.56151
0.724 -1.5565
0.725 -1.55147
0.726 -1.54642
0.727 -1.54136
0.728 -1.53627
0.729 -1.53117
0.73 -1.52605
0.731 -1.52091
0.732 -1.51575
0.733 -1.51057
0.734 -1.50537
0.735 -1.50015
0.736 -1.49492
0.737 -1.48966
0.738 -1.48438
0.739 -1.47909
0.74 -1.47377
0.741 -1.46843
0.742 -1.46308
0.743 -1.4577
0.744 -1.45231
0.745 -1.44689
0.746 -1.44145
0.747 -1.43599
0.748 -1.43051
0.749 -1.42501
0.75 -1.41949
0.751 -1.41395
0.752 -1.40839
0.753 -1.40281
0.754 -1.3972
0.755 -1.39158
0.756 -1.38593
0.757 -1.38026
0.758 -1.37457
0.759 -1.36886
0.76 -1.36312
0.761 -1.35737
0.762 -1.35159
0.763 -1.34579
0.764 -1.33997
0.765 -1.33413
0.766 -1.32826
0.767 -1.32237
0.768 -1.31646
0.769 -1.31053
0.77 -1.30457
0.771 -1.2986
0.772 -1.2926
0.773 -1.28658
0.774 -1.28053
0.775 -1.27447
0.776 -1.26838
0.777 -1.26226
0.778 -1.25613
0.779 -1.24997
0.78 -1.24379
0.781 -1.23759
0.782 -1.23136
0.783 -1.22511
0.784 -1.21884
0.785 -1.21255
0.786 -1.20623
0.787 -1.19989
0.788 -1.19353
0.789 -1.18715
0.79 -1.18074
0.791 -1.17431
0.792 -1.16786
0.793 -1.16138
0.794 -1.15489
0.795 -1.14837
0.796 -1.14182
0.797 -1.13526
0.798 -1.12867
0.799 -1.12206
0.8 -1.11543
0.801 -1.10878
0.802 -1.1021
0.803 -1.0954
0.804 -1.08868
0.805 -1.08194
0.806 -1.07518
0.807 -1.06839
0.808 -1.06159
0.809 -1.05476
0.81 -1.04791
0.811 -1.04104
0.812 -1.03415
0.813 -1.02724
0.814 -1.02031
0.815 -1.01336
0.816 -1.00639
0.817 -0.999394
0.818 -0.992382
0.819 -0.985351
0.82 -0.9783
0.821 -0.97123
0.822 -0.964141
0.823 -0.957034
0.824 -0.949908
0.825 -0.942764
0.826 -0.935602
0.827 -0.928423
0.828 -0.921226
0.829 -0.914012
0.83 -0.906781
0.831 -0.899534
0.832 -0.89227
0.833 -0.884991
0.834 -0.877697
0.835 -0.870387
0.836 -0.863063
0.837 -0.855724
0.838 -0.848372
0.839 -0.841005
0.84 -0.833626
0.841 -0.826234
0.842 -0.81883
0.843 -0.811413
0.844 -0.803986
0.845 -0.796547
0.846 -0.789098
0.847 -0.781639
0.848 -0.77417
0.849 -0.766693
0.85 -0.759207
0.851 -0.751713
0.852 -0.744212
0.853 -0.736704
0.854 -0.729189
0.855 -0.721669
0.856 -0.714144
0.857 -0.706615
0.858 -0.699082
0.859 -0.691545
0.86 -0.684006
0.861 -0.676465
0.862 -0.668923
0.863 -0.661381
0.864 -0.653838
0.865 -0.646297
0.866 -0.638757
0.867 -0.631219
0.868 -0.623685
0.869 -0.616154
0.87 -0.608629
0.871 -0.601108
0.872 -0.593594
0.873 -0.586087
0.874 -0.578588
0.875 -0.571098
0.876 -0.563617
0.877 -0.556147
0.878 -0.548688
0.879 -0.541241
0.88 -0.533807
0.881 -0.526388
0.882 -0.518984
0.883 -0.511595
0.884 -0.504223
0.885 -0.49687
0.886 -0.489535
0.887 -0.48222
0.888 -0.474926
0.889 -0.467653
0.89 -0.460404
0.891 -0.453178
0.892 -0.445977
0.893 -0.438803
0.894 -0.431655
0.895 -0.424536
0.896 -0.417446
0.897 -0.410386
0.898 -0.403358
0.899 -0.396362
0.9 -0.3894
0.901 -0.382473
0.902 -0.375582
0.903 -0.368728
0.904 -0.361912
0.905 -0.355135
0.906 -0.3484
0.907 -0.341706
0.908 -0.335054
0.909 -0.328448
0.91 -0.321886
0.911 -0.315371
0.912 -0.308904
0.913 -0.302486
0.914 -0.296118
0.915 -0.289801
0.916 -0.283537
0.917 -0.277327
0.918 -0.271172
0.919 -0.265074
0.92 -0.259032
0.921 -0.25305
0.922 -0.247128
0.923 -0.241267
0.924 -0.235468
0.925 -0.229733
0.926 -0.224064
0.927 -0.21846
0.928 -0.212924
0.929 -0.207456
0.93 -0.202059
0.931 -0.196732
0.932 -0.191478
0.933 -0.186297
0.934 -0.181191
0.935 -0.176161
0.936 -0.171208
0.937 -0.166333
0.938 -0.161538
0.939 -0.156824
0.94 -0.152191
0.941 -0.147642
0.942 -0.143176
0.943 -0.138796
0.944 -0.134503
0.945 -0.130296
0.946 -0.126179
0.947 -0.122152
0.948 -0.118215
0.949 -0.11437
0.95 -0.110618
0.951 -0.106961
0.952 -0.103398
0.953 -0.0999315
0.954 -0.0965622
0.955 -0.093291
0.956 -0.0901189
0.957 -0.0870469
0.958 -0.0840759
0.959 -0.0812069
0.96 -0.0784407
0.961 -0.0757783
0.962 -0.0732206
0.963 -0.0707683
0.964 -0.0684224
0.965 -0.0661837
0.966 -0.064053
0.967 -0.062031
0.968 -0.0601186
0.969 -0.0583164
0.97 -0.0566253
0.971 -0.0550458
0.972 -0.0535787
0.973 -0.0522247
0.974 -0.0509844
0.975 -0.0498584
0.976 -0.0488472
0.977 -0.0479516
0.978 -0.0471719
0.979 -0.0465088
0.98 -0.0459628
0.981 -0.0455343
0.982 -0.0452238
0.983 -0.0450317
0.984 -0.0449584
0.985 -0.0450044
0.986 -0.0451699
0.987 -0.0454553
0.988 -0.0458609
0.989 -0.0463871
0.99 -0.047034
0.991 -0.0478019
0.992 -0.0486911
0.993 -0.0497016
0.994 -0.0508337
0.995 -0.0520875
0.996 -0.0534631
0.997 -0.0549606
0.998 -0.05658
0.999 -0.0583215
1 -0.0601849
1.001 -10
