0 5
0.001 3.29316
0.002 3.29003
0.003 3.28692
0.004 3.28381
0.005 3.28071
0.006 3.27762
0.007 3.27454
0.008 3.27146
0.009 3.2684
0.01 3.26535
0.011 3.26232
0.012 3.25929
0.013 3.25627
0.014 3.25327
0.015 3.25028
0.016 3.2473
0.017 3.24433
0.018 3.24138
0.019 3.23844
0.02 3.23552
0.021 3.23261
0.022 3.22972
0.023 3.22684
0.024 3.22398
0.025 3.22113
0.026 3.2183
0.027 3.21548
0.028 3.21269
0.029 3.20991
0.03 3.20714
0.031 3.2044
0.032 3.20167
0.033 3.19897
0.034 3.19628
0.035 3.19361
0.036 3.19096
0.037 3.18833
0.038 3.18572
0.039 3.18313
0.04 3.18056
0.041 3.17801
0.042 3.17549
0.043 3.17298
0.044 3.1705
0.045 3.16804
0.046 3.1656
0.047 3.16318
0.048 3.16079
0.049 3.15842
0.05 3.15607
0.051 3.15375
0.052 3.15145
0.053 3.14917
0.054 3.14692
0.055 3.1447
0.056 3.1425
0.057 3.14032
0.058 3.13817
0.059 3.13604
0.06 3.13394
0.061 3.13187
0.062 3.12982
0.063 3.12779
0.064 3.1258
0.065 3.12382
0.066 3.12188
0.067 3.11996
0.068 3.11807
0.069 3.11621
0.07 3.11437
0.071 3.11256
0.072 3.11077
0.073 3.10902
0.074 3.10729
0.075 3.10559
0.076 3.10391
0.077 3.10226
0.078 3.10065
0.079 3.09905
0.08 3.09749
0.081 3.09595
0.082 3.09444
0.083 3.09296
0.084 3.09151
0.085 3.09008
0.086 3.08869
0.087 3.08731
0.088 3.08597
0.089 3.08466
0.09 3.08337
0.091 3.08211
0.092 3.08088
0.093 3.07967
0.094 3.07849
0.095 3.07734
0.096 3.07622
0.097 3.07513
0.098 3.07406
0.099 3.07302
0.1 3.072
0.101 3.07102
0.102 3.07005
0.103 3.06912
0.104 3.06821
0.105 3.06733
0.106 3.06648
0.107 3.06565
0.108 3.06485
0.109 3.06407
0.11 3.06332
0.111 3.06259
0.112 3.06189
0.113 3.06122
0.114 3.06057
0.115 3.05994
0.116 3.05934
0.117 3.05877
0.118 3.05822
0.119 3.05769
0.12 3.05719
0.121 3.05671
0.122 3.05625
0.123 3.05582
0.124 3.05541
0.125 3.05502
0.126 3.05466
0.127 3.05432
0.128 3.054
0.129 3.05371
0.13 3.05343
0.131 3.05318
0.132 3.05295
0.133 3.05274
0.134 3.05255
0.135 3.05238
0.136 3.05223
0.137 3.0521
0.138 3.052
0.139 3.05191
0.14 3.05184
0.141 3.05179
0.142 3.05176
0.143 3.05175
0.144 3.05176
0.145 3.05179
0.146 3.05183
0.147 3.05189
0.148 3.05197
0.149 3.05207
0.15 3.05218
0.151 3.05231
0.152 3.05246
0.153 3.05263
0.154 3.05281
0.155 3.053
0.156 3.05321
0.157 3.05344
0.158 3.05368
0.159 3.05394
0.16 3.05421
0.161 3.0545
0.162 3.0548
0.163 3.05511
0.164 3.05544
0.165 3.05578
0.166 3.05614
0.167 3.05651
0.168 3.05689
0.169 3.05728
0.17 3.05769
0.171 3.05811
0.172 3.05854
0.173 3.05898
0.174 3.05943
0.175 3.0599
0.176 3.06037
0.177 3.06086
0.178 3.06135
0.179 3.06186
0.18 3.06238
0.181 3.0629
0.182 3.06344
0.183 3.06399
0.184 3.06454
0.185 3.06511
0.186 3.06568
0.187 3.06626
0.188 3.06686
0.189 3.06746
0.19 3.06806
0.191 3.06868
0.192 3.0693
0.193 3.06993
0.194 3.07057
0.195 3.07122
0.196 3.07187
0.197 3.07253
0.198 3.0732
0.199 3.07387
0.2 3.07455
0.201 3.07523
0.202 3.07593
0.203 3.07662
0.204 3.07733
0.205 3.07804
0.206 3.07875
0.207 3.07947
0.208 3.0802
0.209 3.08093
0.21 3.08166
0.211 3.0824
0.212 3.08315
0.213 3.0839
0.214 3.08465
0.215 3.08541
0.216 3.08617
0.217 3.08693
0.218 3.0877
0.219 3.08848
0.22 3.08925
0.221 3.09003
0.222 3.09082
0.223 3.0916
0.224 3.09239
0.225 3.09319
0.226 3.09398
0.227 3.09478
0.228 3.09558
0.229 3.09639
0.23 3.09719
0.231 3.098
0.232 3.09881
0.233 3.09963
0.234 3.10044
0.235 3.10126
0.236 3.10208
0.237 3.1029
0.238 3.10372
0.239 3.10455
0.24 3.10538
0.241 3.1062
0.242 3.10703
0.243 3.10786
0.244 3.1087
0.245 3.10953
0.246 3.11036
0.247 3.1112
0.248 3.11204
0.249 3.11287
0.25 3.11371
0.251 3.11455
0.252 3.11539
0.253 3.11623
0.254 3.11707
0.255 3.11792
0.256 3.11876
0.257 3.1196
0.258 3.12044
0.259 3.12129
0.26 3.12213
0.261 3.12298
0.262 3.12382
0.263 3.12466
0.264 3.12551
0.265 3.12635
0.266 3.1272
0.267 3.12804
0.268 3.12888
0.269 3.12973
0.27 3.13057
0.271 3.13141
0.272 3.13226
0.273 3.1331
0.274 3.13394
0.275 3.13478
0.276 3.13562
0.277 3.13646
0.278 3.1373
0.279 3.13814
0.28 3.13898
0.281 3.13982
0.282 3.14066
0.283 3.14149
0.284 3.14233
0.285 3.14317
0.286 3.144
0.287 3.14483
0.288 3.14567
0.289 3.1465
0.29 3.14733
0.291 3.14816
0.292 3.14899
0.293 3.14981
0.294 3.15064
0.295 3.15147
0.296 3.15229
0.297 3.15311
0.298 3.15393
0.299 3.15476
0.3 3.15558
0.301 3.15639
0.302 3.15721
0.303 3.15803
0.304 3.15884
0.305 3.15965
0.306 3.16046
0.307 3.16128
0.308 3.16208
0.309 3.16289
0.31 3.1637
0.311 3.1645
0.312 3.16531
0.313 3.16611
0.314 3.16691
0.315 3.16771
0.316 3.1685
0.317 3.1693
0.318 3.17009
0.319 3.17088
0.32 3.17167
0.321 3.17246
0.322 3.17325
0.323 3.17404
0.324 3.17482
0.325 3.1756
0.326 3.17638
0.327 3.17716
0.328 3.17794
0.329 3.17872
0.33 3.17949
0.331 3.18026
0.332 3.18103
0.333 3.1818
0.334 3.18257
0.335 3.18333
0.336 3.18409
0.337 3.18485
0.338 3.18561
0.339 3.18637
0.34 3.18713
0.341 3.18788
0.342 3.18863
0.343 3.18938
0.344 3.19013
0.345 3.19088
0.346 3.19162
0.347 3.19236
0.348 3.1931
0.349 3.19384
0.35 3.19458
0.351 3.19531
0.352 3.19605
0.353 3.19678
0.354 3.19751
0.355 3.19823
0.356 3.19896
0.357 3.19968
0.358 3.2004
0.359 3.20112
0.36 3.20184
0.361 3.20255
0.362 3.20326
0.363 3.20398
0.364 3.20468
0.365 3.20539
0.366 3.2061
0.367 3.2068
0.368 3.2075
0.369 3.2082
0.37 3.20889
0.371 3.20959
0.372 3.21028
0.373 3.21097
0.374 3.21166
0.375 3.21235
0.376 3.21303
0.377 3.21371
0.378 3.21439
0.379 3.21507
0.38 3.21575
0.381 3.21642
0.382 3.21709
0.383 3.21776
0.384 3.21843
0.385 3.2191
0.386 3.21976
0.387 3.22042
0.388 3.22108
0.389 3.22174
0.39 3.22239
0.391 3.22305
0.392 3.2237
0.393 3.22435
0.394 3.22499
0.395 3.22564
0.396 3.22628
0.397 3.22692
0.398 3.22756
0.399 3.2282
0.4 3.22883
0.401 3.22946
0.402 3.23009
0.403 3.23072
0.404 3.23135
0.405 3.23197
0.406 3.23259
0.407 3.23321
0.408 3.23383
0.409 3.23445
0.41 3.23506
0.411 3.23567
0.412 3.23628
0.413 3.23689
0.414 3.2375
0.415 3.2381
0.416 3.2387
0.417 3.2393
0.418 3.2399
0.419 3.24049
0.42 3.24109
0.421 3.24168
0.422 3.24227
0.423 3.24286
0.424 3.24344
0.425 3.24402
0.426 3.2446
0.427 3.24518
0.428 3.24576
0.429 3.24634
0.43 3.24691
0.431 3.24748
0.432 3.24805
0.433 3.24862
0.434 3.24918
0.435 3.24974
0.436 3.25031
0.437 3.25087
0.438 3.25142
0.439 3.25198
0.44 3.25253
0.441 3.25308
0.442 3.25363
0.443 3.25418
0.444 3.25472
0.445 3.25527
0.446 3.25581
0.447 3.25635
0.448 3.25689
0.449 3.25742
0.45 3.25796
0.451 3.25849
0.452 3.25902
0.453 3.25955
0.454 3.26007
0.455 3.2606
0.456 3.26112
0.457 3.26164
0.458 3.26216
0.459 3.26268
0.46 3.26319
0.461 3.2637
0.462 3.26421
0.463 3.26472
0.464 3.26523
0.465 3.26574
0.466 3.26624
0.467 3.26674
0.468 3.26724
0.469 3.26774
0.47 3.26824
0.471 3.26873
0.472 3.26922
0.473 3.26971
0.474 3.2702
0.475 3.27069
0.476 3.27117
0.477 3.27166
0.478 3.27214
0.479 3.27262
0.48 3.2731
0.481 3.27357
0.482 3.27405
0.483 3.27452
0.484 3.27499
0.485 3.27546
0.486 3.27593
0.487 3.2764
0.488 3.27686
0.489 3.27732
0.49 3.27778
0.491 3.27824
0.492 3.2787
0.493 3.27915
0.494 3.27961
0.495 3.28006
0.496 3.28051
0.497 3.28096
0.498 3.2814
0.499 3.28185
0.5 3.28229
0.501 3.28273
0.502 3.28317
0.503 3.28361
0.504 3.28405
0.505 3.28448
0.506 3.28492
0.507 3.28535
0.508 3.28578
0.509 3.2862
0.51 3.28663
0.511 3.28706
0.512 3.28748
0.513 3.2879
0.514 3.28832
0.515 3.28874
0.516 3.28915
0.517 3.28957
0.518 3.28998
0.519 3.29039
0.52 3.2908
0.521 3.29121
0.522 3.29162
0.523 3.29202
0.524 3.29243
0.525 3.29283
0.526 3.29323
0.527 3.29363
0.528 3.29403
0.529 3.29442
0.53 3.29481
0.531 3.29521
0.532 3.2956
0.533 3.29599
0.534 3.29637
0.535 3.29676
0.536 3.29714
0.537 3.29753
0.538 3.29791
0.539 3.29829
0.54 3.29866
0.541 3.29904
0.542 3.29942
0.543 3.29979
0.544 3.30016
0.545 3.30053
0.546 3.3009
0.547 3.30127
0.548 3.30163
0.549 3.302
0.55 3.30236
0.551 3.30272
0.552 3.30308
0.553 3.30343
0.554 3.30379
0.555 3.30415
0.556 3.3045
0.557 3.30485
0.558 3.3052
0.559 3.30555
0.56 3.30589
0.561 3.30624
0.562 3.30658
0.563 3.30692
0.564 3.30727
0.565 3.3076
0.566 3.30794
0.567 3.30828
0.568 3.30861
0.569 3.30894
0.57 3.30928
0.571 3.30961
0.572 3.30993
0.573 3.31026
0.574 3.31059
0.575 3.31091
0.576 3.31123
0.577 3.31155
0.578 3.31187
0.579 3.31219
0.58 3.3125
0.581 3.31282
0.582 3.31313
0.583 3.31344
0.584 3.31375
0.585 3.31406
0.586 3.31437
0.587 3.31467
0.588 3.31497
0.589 3.31528
0.59 3.31558
0.591 3.31587
0.592 3.31617
0.593 3.31647
0.594 3.31676
0.595 3.31705
0.596 3.31734
0.597 3.31763
0.598 3.31792
0.599 3.31821
0.6 3.31849
0.601 3.31878
0.602 3.31906
0.603 3.31934
0.604 3.31962
0.605 3.31989
0.606 3.32017
0.607 3.32044
0.608 3.32071
0.609 3.32098
0.61 3.32125
0.611 3.32152
0.612 3.32179
0.613 3.32205
0.614 3.32231
0.615 3.32257
0.616 3.32283
0.617 3.32309
0.618 3.32335
0.619 3.3236
0.62 3.32385
0.621 3.3241
0.622 3.32435
0.623 3.3246
0.624 3.32485
0.625 3.32509
0.626 3.32534
0.627 3.32558
0.628 3.32582
0.629 3.32606
0.63 3.32629
0.631 3.32653
0.632 3.32676
0.633 3.32699
0.634 3.32722
0.635 3.32745
0.636 3.32767
0.637 3.3279
0.638 3.32812
0.639 3.32834
0.64 3.32856
0.641 3.32878
0.642 3.329
0.643 3.32921
0.644 3.32942
0.645 3.32964
0.646 3.32984
0.647 3.33005
0.648 3.33026
0.649 3.33046
0.65 3.33066
0.651 3.33086
0.652 3.33106
0.653 3.33126
0.654 3.33146
0.655 3.33165
0.656 3.33184
0.657 3.33203
0.658 3.33222
0.659 3.3324
0.66 3.33259
0.661 3.33277
0.662 3.33295
0.663 3.33313
0.664 3.33331
0.665 3.33348
0.666 3.33366
0.667 3.33383
0.668 3.334
0.669 3.33417
0.67 3.33433
0.671 3.3345
0.672 3.33466
0.673 3.33482
0.674 3.33498
0.675 3.33513
0.676 3.33529
0.677 3.33544
0.678 3.33559
0.679 3.33574
0.68 3.33589
0.681 3.33603
0.682 3.33617
0.683 3.33631
0.684 3.33645
0.685 3.33659
0.686 3.33672
0.687 3.33686
0.688 3.33699
0.689 3.33712
0.69 3.33724
0.691 3.33737
0.692 3.33749
0.693 3.33761
0.694 3.33773
0.695 3.33785
0.696 3.33796
0.697 3.33807
0.698 3.33818
0.699 3.33829
0.7 3.3384
0.701 3.3385
0.702 3.3386
0.703 3.3387
0.704 3.3388
0.705 3.33889
0.706 3.33899
0.707 3.33908
0.708 3.33917
0.709 3.33925
0.71 3.33934
0.711 3.33942
0.712 3.3395
0.713 3.33957
0.714 3.33965
0.715 3.33972
0.716 3.33979
0.717 3.33986
0.718 3.33993
0.719 3.33999
0.72 3.34005
0.721 3.34011
0.722 3.34016
0.723 3.34022
0.724 3.34027
0.725 3.34032
0.726 3.34037
0.727 3.34041
0.728 3.34045
0.729 3.34049
0.73 3.34053
0.731 3.34056
0.732 3.34059
0.733 3.34062
0.734 3.34065
0.735 3.34067
0.736 3.34069
0.737 3.34071
0.738 3.34073
0.739 3.34074
0.74 3.34075
0.741 3.34076
0.742 3.34077
0.743 3.34077
0.744 3.34077
0.745 3.34077
0.746 3.34076
0.747 3.34075
0.748 3.34074
0.749 3.34073
0.75 3.34071
0.751 3.34069
0.752 3.34067
0.753 3.34065
0.754 3.34062
0.755 3.34059
0.756 3.34055
0.757 3.34051
0.758 3.34048
0.759 3.34043
0.76 3.34039
0.761 3.34034
0.762 3.34028
0.763 3.34023
0.764 3.34017
0.765 3.34011
0.766 3.34004
0.767 3.33998
0.768 3.3399
0.769 3.33983
0.77 3.33975
0.771 3.33967
0.772 3.33959
0.773 3.3395
0.774 3.33941
0.775 3.33931
0.776 3.33921
0.777 3.33911
0.778 3.33901
0.779 3.3389
0.78 3.33878
0.781 3.33867
0.782 3.33855
0.783 3.33842
0.784 3.3383
0.785 3.33817
0.786 3.33803
0.787 3.33789
0.788 3.33775
0.789 3.3376
0.79 3.33745
0.791 3.3373
0.792 3.33714
0.793 3.33697
0.794 3.33681
0.795 3.33664
0.796 3.33646
0.797 3.33628
0.798 3.3361
0.799 3.33591
0.8 3.33571
0.801 3.33552
0.802 3.33532
0.803 3.33511
0.804 3.3349
0.805 3.33468
0.806 3.33446
0.807 3.33423
0.808 3.334
0.809 3.33377
0.81 3.33353
0.811 3.33328
0.812 3.33303
0.813 3.33278
0.814 3.33252
0.815 3.33225
0.816 3.33198
0.817 3.3317
0.818 3.33142
0.819 3.33113
0.82 3.33084
0.821 3.33054
0.822 3.33023
0.823 3.32992
0.824 3.32961
0.825 3.32928
0.826 3.32896
0.827 3.32862
0.828 3.32828
0.829 3.32793
0.83 3.32758
0.831 3.32722
0.832 3.32685
0.833 3.32648
0.834 3.3261
0.835 3.32571
0.836 3.32532
0.837 3.32492
0.838 3.32451
0.839 3.32409
0.84 3.32367
0.841 3.32324
0.842 3.3228
0.843 3.32236
0.844 3.32191
0.845 3.32145
0.846 3.32098
0.847 3.3205
0.848 3.32002
0.849 3.31953
0.85 3.31903
0.851 3.31852
0.852 3.318
0.853 3.31747
0.854 3.31694
0.855 3.3164
0.856 3.31584
0.857 3.31528
0.858 3.31471
0.859 3.31413
0.86 3.31354
0.861 3.31294
0.862 3.31233
0.863 3.31171
0.864 3.31109
0.865 3.31045
0.866 3.3098
0.867 3.30914
0.868 3.30847
0.869 3.30779
0.87 3.3071
0.871 3.3064
0.872 3.30569
0.873 3.30496
0.874 3.30423
0.875 3.30348
0.876 3.30273
0.877 3.30196
0.878 3.30118
0.879 3.30039
0.88 3.29958
0.881 3.29877
0.882 3.29794
0.883 3.2971
0.884 3.29625
0.885 3.29538
0.886 3.2945
0.887 3.29361
0.888 3.29271
0.889 3.29179
0.89 3.29086
0.891 3.28992
0.892 3.28896
0.893 3.28799
0.894 3.287
0.895 3.28601
0.896 3.28499
0.897 3.28397
0.898 3.28293
0.899 3.28187
0.9 3.28081
0.901 3.27972
0.902 3.27862
0.903 3.27751
0.904 3.27639
0.905 3.27524
0.906 3.27409
0.907 3.27291
0.908 3.27173
0.909 3.27053
0.91 3.26931
0.911 3.26808
0.912 3.26683
0.913 3.26556
0.914 3.26428
0.915 3.26299
0.916 3.26168
0.917 3.26035
0.918 3.25901
0.919 3.25765
0.92 3.25628
0.921 3.25489
0.922 3.25348
0.923 3.25206
0.924 3.25062
0.925 3.24917
0.926 3.2477
0.927 3.24622
0.928 3.24471
0.929 3.2432
0.93 3.24166
0.931 3.24011
0.932 3.23855
0.933 3.23697
0.934 3.23537
0.935 3.23376
0.936 3.23213
0.937 3.23048
0.938 3.22882
0.939 3.22715
0.94 3.22546
0.941 3.22375
0.942 3.22203
0.943 3.22029
0.944 3.21854
0.945 3.21677
0.946 3.21499
0.947 3.21319
0.948 3.21138
0.949 3.20955
0.95 3.20771
0.951 3.20586
0.952 3.20399
0.953 3.2021
0.954 3.20021
0.955 3.1983
0.956 3.19637
0.957 3.19444
0.958 3.19249
0.959 3.19053
0.96 3.18855
0.961 3.18657
0.962 3.18457
0.963 3.18256
0.964 3.18053
0.965 3.1785
0.966 3.17645
0.967 3.1744
0.968 3.17233
0.969 3.17026
0.97 3.16817
0.971 3.16608
0.972 3.16397
0.973 3.16186
0.974 3.15973
0.975 3.1576
0.976 3.15546
0.977 3.15331
0.978 3.15116
0.979 3.149
0.98 3.14683
0.981 3.14465
0.982 3.14247
0.983 3.14028
0.984 3.13809
0.985 3.13589
0.986 3.13369
0.987 3.13148
0.988 3.12927
0.989 3.12706
0.99 3.12484
0.991 3.12262
0.992 3.1204
0.993 3.11817
0.994 3.11595
0.995 3.11372
0.996 3.11149
0.997 3.10926
0.998 3.10703
0.999 3.1048
1 3.10257
1.001 5
