0 5
0.001 3.1976
0.002 3.1952
0.003 3.19281
0.004 3.19044
0.005 3.18807
0.006 3.18572
0.007 3.18338
0.008 3.18106
0.009 3.17874
0.01 3.17645
0.011 3.17416
0.012 3.17189
0.013 3.16963
0.014 3.16739
0.015 3.16516
0.016 3.16295
0.017 3.16075
0.018 3.15857
0.019 3.15641
0.02 3.15426
0.021 3.15213
0.022 3.15001
0.023 3.14792
0.024 3.14584
0.025 3.14378
0.026 3.14173
0.027 3.13971
0.028 3.1377
0.029 3.13572
0.03 3.13375
0.031 3.1318
0.032 3.12987
0.033 3.12796
0.034 3.12607
0.035 3.12421
0.036 3.12236
0.037 3.12053
0.038 3.11873
0.039 3.11695
0.04 3.11519
0.041 3.11345
0.042 3.11173
0.043 3.11004
0.044 3.10836
0.045 3.10671
0.046 3.10509
0.047 3.10348
0.048 3.10191
0.049 3.10035
0.05 3.09882
0.051 3.09731
0.052 3.09582
0.053 3.09436
0.054 3.09293
0.055 3.09152
0.056 3.09013
0.057 3.08877
0.058 3.08743
0.059 3.08612
0.06 3.08483
0.061 3.08357
0.062 3.08234
0.063 3.08113
0.064 3.07994
0.065 3.07878
0.066 3.07765
0.067 3.07654
0.068 3.07546
0.069 3.0744
0.07 3.07337
0.071 3.07237
0.072 3.07139
0.073 3.07044
0.074 3.06951
0.075 3.06861
0.076 3.06774
0.077 3.06689
0.078 3.06607
0.079 3.06527
0.08 3.0645
0.081 3.06376
0.082 3.06304
0.083 3.06235
0.084 3.06168
0.085 3.06104
0.086 3.06043
0.087 3.05984
0.088 3.05927
0.089 3.05874
0.09 3.05822
0.091 3.05774
0.092 3.05727
0.093 3.05684
0.094 3.05642
0.095 3.05604
0.096 3.05567
0.097 3.05534
0.098 3.05502
0.099 3.05473
0.1 3.05447
0.101 3.05422
0.102 3.05401
0.103 3.05381
0.104 3.05364
0.105 3.05349
0.106 3.05337
0.107 3.05327
0.108 3.05319
0.109 3.05313
0.11 3.0531
0.111 3.05309
0.112 3.0531
0.113 3.05313
0.114 3.05318
0.115 3.05326
0.116 3.05335
0.117 3.05347
0.118 3.05361
0.119 3.05377
0.12 3.05394
0.121 3.05414
0.122 3.05436
0.123 3.05459
0.124 3.05485
0.125 3.05512
0.126 3.05542
0.127 3.05573
0.128 3.05606
0.129 3.05641
0.13 3.05677
0.131 3.05716
0.132 3.05756
0.133 3.05797
0.134 3.05841
0.135 3.05886
0.136 3.05932
0.137 3.0598
0.138 3.0603
0.139 3.06081
0.14 3.06134
0.141 3.06188
0.142 3.06244
0.143 3.06301
0.144 3.0636
0.145 3.06419
0.146 3.06481
0.147 3.06543
0.148 3.06607
0.149 3.06672
0.15 3.06738
0.151 3.06806
0.152 3.06875
0.153 3.06945
0.154 3.07016
0.155 3.07088
0.156 3.07161
0.157 3.07236
0.158 3.07311
0.159 3.07387
0.16 3.07465
0.161 3.07543
0.162 3.07623
0.163 3.07703
0.164 3.07784
0.165 3.07866
0.166 3.07949
0.167 3.08033
0.168 3.08117
0.169 3.08203
0.17 3.08289
0.171 3.08375
0.172 3.08463
0.173 3.08551
0.174 3.0864
0.175 3.0873
0.176 3.0882
0.177 3.08911
0.178 3.09002
0.179 3.09094
0.18 3.09187
0.181 3.0928
0.182 3.09374
0.183 3.09468
0.184 3.09563
0.185 3.09658
0.186 3.09754
0.187 3.0985
0.188 3.09946
0.189 3.10043
0.19 3.1014
0.191 3.10238
0.192 3.10336
0.193 3.10434
0.194 3.10533
0.195 3.10632
0.196 3.10731
0.197 3.10831
0.198 3.10931
0.199 3.11031
0.2 3.11131
0.201 3.11232
0.202 3.11333
0.203 3.11434
0.204 3.11535
0.205 3.11636
0.206 3.11738
0.207 3.11839
0.208 3.11941
0.209 3.12043
0.21 3.12145
0.211 3.12248
0.212 3.1235
0.213 3.12452
0.214 3.12555
0.215 3.12657
0.216 3.1276
0.217 3.12863
0.218 3.12965
0.219 3.13068
0.22 3.13171
0.221 3.13274
0.222 3.13377
0.223 3.13479
0.224 3.13582
0.225 3.13685
0.226 3.13788
0.227 3.1389
0.228 3.13993
0.229 3.14096
0.23 3.14198
0.231 3.14301
0.232 3.14403
0.233 3.14506
0.234 3.14608
0.235 3.1471
0.236 3.14813
0.237 3.14915
0.238 3.15017
0.239 3.15119
0.24 3.1522
0.241 3.15322
0.242 3.15424
0.243 3.15525
0.244 3.15626
0.245 3.15727
0.246 3.15828
0.247 3.15929
0.248 3.1603
0.249 3.16131
0.25 3.16231
0.251 3.16331
0.252 3.16431
0.253 3.16531
0.254 3.16631
0.255 3.16731
0.256 3.1683
0.257 3.16929
0.258 3.17028
0.259 3.17127
0.26 3.17226
0.261 3.17324
0.262 3.17423
0.263 3.17521
0.264 3.17619
0.265 3.17716
0.266 3.17814
0.267 3.17911
0.268 3.18008
0.269 3.18105
0.27 3.18202
0.271 3.18298
0.272 3.18394
0.273 3.1849
0.274 3.18586
0.275 3.18682
0.276 3.18777
0.277 3.18872
0.278 3.18967
0.279 3.19061
0.28 3.19156
0.281 3.1925
0.282 3.19344
0.283 3.19437
0.284 3.19531
0.285 3.19624
0.286 3.19717
0.287 3.19809
0.288 3.19902
0.289 3.19994
0.29 3.20086
0.291 3.20178
0.292 3.20269
0.293 3.2036
0.294 3.20451
0.295 3.20542
0.296 3.20632
0.297 3.20722
0.298 3.20812
0.299 3.20902
0.3 3.20991
0.301 3.2108
0.302 3.21169
0.303 3.21258
0.304 3.21346
0.305 3.21434
0.306 3.21522
0.307 3.21609
0.308 3.21696
0.309 3.21783
0.31 3.2187
0.311 3.21956
0.312 3.22043
0.313 3.22128
0.314 3.22214
0.315 3.22299
0.316 3.22384
0.317 3.22469
0.318 3.22554
0.319 3.22638
0.32 3.22722
0.321 3.22806
0.322 3.22889
0.323 3.22972
0.324 3.23055
0.325 3.23138
0.326 3.2322
0.327 3.23302
0.328 3.23384
0.329 3.23465
0.33 3.23547
0.331 3.23628
0.332 3.23708
0.333 3.23789
0.334 3.23869
0.335 3.23949
0.336 3.24028
0.337 3.24107
0.338 3.24186
0.339 3.24265
0.34 3.24344
0.341 3.24422
0.342 3.245
0.343 3.24577
0.344 3.24655
0.345 3.24732
0.346 3.24809
0.347 3.24885
0.348 3.24961
0.349 3.25037
0.35 3.25113
0.351 3.25189
0.352 3.25264
0.353 3.25339
0.354 3.25413
0.355 3.25488
0.356 3.25562
0.357 3.25635
0.358 3.25709
0.359 3.25782
0.36 3.25855
0.361 3.25928
0.362 3.26
0.363 3.26072
0.364 3.26144
0.365 3.26216
0.366 3.26287
0.367 3.26358
0.368 3.26429
0.369 3.265
0.37 3.2657
0.371 3.2664
0.372 3.2671
0.373 3.26779
0.374 3.26848
0.375 3.26917
0.376 3.26986
0.377 3.27054
0.378 3.27122
0.379 3.2719
0.38 3.27258
0.381 3.27325
0.382 3.27392
0.383 3.27459
0.384 3.27526
0.385 3.27592
0.386 3.27658
0.387 3.27724
0.388 3.2779
0.389 3.27855
0.39 3.2792
0.391 3.27985
0.392 3.28049
0.393 3.28113
0.394 3.28177
0.395 3.28241
0.396 3.28305
0.397 3.28368
0.398 3.28431
0.399 3.28494
0.4 3.28556
0.401 3.28619
0.402 3.28681
0.403 3.28742
0.404 3.28804
0.405 3.28865
0.406 3.28926
0.407 3.28987
0.408 3.29048
0.409 3.29108
0.41 3.29168
0.411 3.29228
0.412 3.29287
0.413 3.29347
0.414 3.29406
0.415 3.29465
0.416 3.29523
0.417 3.29582
0.418 3.2964
0.419 3.29698
0.42 3.29756
0.421 3.29813
0.422 3.2987
0.423 3.29927
0.424 3.29984
0.425 3.30041
0.426 3.30097
0.427 3.30153
0.428 3.30209
0.429 3.30265
0.43 3.3032
0.431 3.30375
0.432 3.3043
0.433 3.30485
0.434 3.30539
0.435 3.30594
0.436 3.30648
0.437 3.30702
0.438 3.30755
0.439 3.30809
0.44 3.30862
0.441 3.30915
0.442 3.30968
0.443 3.3102
0.444 3.31073
0.445 3.31125
0.446 3.31177
0.447 3.31229
0.448 3.3128
0.449 3.31332
0.45 3.31383
0.451 3.31434
0.452 3.31484
0.453 3.31535
0.454 3.31585
0.455 3.31635
0.456 3.31685
0.457 3.31735
0.458 3.31784
0.459 3.31833
0.46 3.31883
0.461 3.31931
0.462 3.3198
0.463 3.32029
0.464 3.32077
0.465 3.32125
0.466 3.32173
0.467 3.32221
0.468 3.32268
0.469 3.32315
0.47 3.32362
0.471 3.32409
0.472 3.32456
0.473 3.32503
0.474 3.32549
0.475 3.32595
0.476 3.32641
0.477 3.32687
0.478 3.32733
0.479 3.32778
0.48 3.32823
0.481 3.32868
0.482 3.32913
0.483 3.32958
0.484 3.33002
0.485 3.33047
0.486 3.33091
0.487 3.33135
0.488 3.33179
0.489 3.33222
0.49 3.33266
0.491 3.33309
0.492 3.33352
0.493 3.33395
0.494 3.33438
0.495 3.3348
0.496 3.33522
0.497 3.33565
0.498 3.33607
0.499 3.33648
0.5 3.3369
0.501 3.33732
0.502 3.33773
0.503 3.33814
0.504 3.33855
0.505 3.33896
0.506 3.33937
0.507 3.33977
0.508 3.34017
0.509 3.34057
0.51 3.34097
0.511 3.34137
0.512 3.34177
0.513 3.34216
0.514 3.34256
0.515 3.34295
0.516 3.34334
0.517 3.34372
0.518 3.34411
0.519 3.3445
0.52 3.34488
0.521 3.34526
0.522 3.34564
0.523 3.34602
0.524 3.34639
0.525 3.34677
0.526 3.34714
0.527 3.34751
0.528 3.34788
0.529 3.34825
0.53 3.34862
0.531 3.34898
0.532 3.34935
0.533 3.34971
0.534 3.35007
0.535 3.35043
0.536 3.35079
0.537 3.35114
0.538 3.3515
0.539 3.35185
0.54 3.3522
0.541 3.35255
0.542 3.3529
0.543 3.35324
0.544 3.35359
0.545 3.35393
0.546 3.35427
0.547 3.35461
0.548 3.35495
0.549 3.35529
0.55 3.35562
0.551 3.35596
0.552 3.35629
0.553 3.35662
0.554 3.35695
0.555 3.35728
0.556 3.3576
0.557 3.35793
0.558 3.35825
0.559 3.35857
0.56 3.35889
0.561 3.35921
0.562 3.35953
0.563 3.35984
0.564 3.36015
0.565 3.36047
0.566 3.36078
0.567 3.36109
0.568 3.36139
0.569 3.3617
0.57 3.362
0.571 3.36231
0.572 3.36261
0.573 3.36291
0.574 3.36321
0.575 3.3635
0.576 3.3638
0.577 3.36409
0.578 3.36438
0.579 3.36467
0.58 3.36496
0.581 3.36525
0.582 3.36553
0.583 3.36582
0.584 3.3661
0.585 3.36638
0.586 3.36666
0.587 3.36694
0.588 3.36721
0.589 3.36749
0.59 3.36776
0.591 3.36803
0.592 3.3683
0.593 3.36857
0.594 3.36884
0.595 3.3691
0.596 3.36937
0.597 3.36963
0.598 3.36989
0.599 3.37015
0.6 3.3704
0.601 3.37066
0.602 3.37091
0.603 3.37116
0.604 3.37141
0.605 3.37166
0.606 3.37191
0.607 3.37215
0.608 3.3724
0.609 3.37264
0.61 3.37288
0.611 3.37312
0.612 3.37335
0.613 3.37359
0.614 3.37382
0.615 3.37405
0.616 3.37428
0.617 3.37451
0.618 3.37474
0.619 3.37496
0.62 3.37518
0.621 3.3754
0.622 3.37562
0.623 3.37584
0.624 3.37606
0.625 3.37627
0.626 3.37648
0.627 3.37669
0.628 3.3769
0.629 3.3771
0.63 3.37731
0.631 3.37751
0.632 3.37771
0.633 3.37791
0.634 3.3781
0.635 3.37829
0.636 3.37849
0.637 3.37868
0.638 3.37886
0.639 3.37905
0.64 3.37923
0.641 3.37941
0.642 3.37959
0.643 3.37977
0.644 3.37994
0.645 3.38012
0.646 3.38029
0.647 3.38045
0.648 3.38062
0.649 3.38078
0.65 3.38094
0.651 3.3811
0.652 3.38126
0.653 3.38141
0.654 3.38156
0.655 3.38171
0.656 3.38185
0.657 3.382
0.658 3.38214
0.659 3.38227
0.66 3.38241
0.661 3.38254
0.662 3.38267
0.663 3.3828
0.664 3.38292
0.665 3.38304
0.666 3.38316
0.667 3.38327
0.668 3.38338
0.669 3.38349
0.67 3.3836
0.671 3.3837
0.672 3.3838
0.673 3.38389
0.674 3.38399
0.675 3.38407
0.676 3.38416
0.677 3.38424
0.678 3.38432
0.679 3.38439
0.68 3.38446
0.681 3.38453
0.682 3.38459
0.683 3.38465
0.684 3.38471
0.685 3.38476
0.686 3.3848
0.687 3.38484
0.688 3.38488
0.689 3.38491
0.69 3.38494
0.691 3.38497
0.692 3.38499
0.693 3.385
0.694 3.38501
0.695 3.38502
0.696 3.38502
0.697 3.38501
0.698 3.385
0.699 3.38499
0.7 3.38496
0.701 3.38494
0.702 3.3849
0.703 3.38487
0.704 3.38482
0.705 3.38477
0.706 3.38472
0.707 3.38465
0.708 3.38459
0.709 3.38451
0.71 3.38443
0.711 3.38434
0.712 3.38424
0.713 3.38414
0.714 3.38403
0.715 3.38392
0.716 3.38379
0.717 3.38366
0.718 3.38352
0.719 3.38337
0.72 3.38322
0.721 3.38306
0.722 3.38289
0.723 3.38271
0.724 3.38252
0.725 3.38232
0.726 3.38211
0.727 3.3819
0.728 3.38168
0.729 3.38144
0.73 3.3812
0.731 3.38095
0.732 3.38068
0.733 3.38041
0.734 3.38013
0.735 3.37983
0.736 3.37953
0.737 3.37922
0.738 3.37889
0.739 3.37855
0.74 3.3782
0.741 3.37785
0.742 3.37747
0.743 3.37709
0.744 3.37669
0.745 3.37629
0.746 3.37587
0.747 3.37543
0.748 3.37499
0.749 3.37453
0.75 3.37406
0.751 3.37357
0.752 3.37307
0.753 3.37256
0.754 3.37203
0.755 3.37149
0.756 3.37093
0.757 3.37036
0.758 3.36977
0.759 3.36917
0.76 3.36856
0.761 3.36793
0.762 3.36728
0.763 3.36662
0.764 3.36594
0.765 3.36524
0.766 3.36453
0.767 3.3638
0.768 3.36306
0.769 3.3623
0.77 3.36152
0.771 3.36072
0.772 3.35991
0.773 3.35908
0.774 3.35823
0.775 3.35736
0.776 3.35647
0.777 3.35557
0.778 3.35465
0.779 3.35371
0.78 3.35275
0.781 3.35177
0.782 3.35077
0.783 3.34976
0.784 3.34872
0.785 3.34767
0.786 3.34659
0.787 3.3455
0.788 3.34439
0.789 3.34326
0.79 3.3421
0.791 3.34093
0.792 3.33974
0.793 3.33853
0.794 3.33729
0.795 3.33604
0.796 3.33477
0.797 3.33348
0.798 3.33216
0.799 3.33083
0.8 3.32948
0.801 3.32811
0.802 3.32671
0.803 3.3253
0.804 3.32387
0.805 3.32241
0.806 3.32094
0.807 3.31945
0.808 3.31794
0.809 3.3164
0.81 3.31485
0.811 3.31328
0.812 3.31169
0.813 3.31008
0.814 3.30845
0.815 3.30681
0.816 3.30514
0.817 3.30345
0.818 3.30175
0.819 3.30003
0.82 3.29829
0.821 3.29653
0.822 3.29476
0.823 3.29297
0.824 3.29116
0.825 3.28933
0.826 3.28749
0.827 3.28563
0.828 3.28376
0.829 3.28186
0.83 3.27996
0.831 3.27804
0.832 3.2761
0.833 3.27415
0.834 3.27219
0.835 3.27021
0.836 3.26822
0.837 3.26622
0.838 3.2642
0.839 3.26217
0.84 3.26013
0.841 3.25808
0.842 3.25602
0.843 3.25394
0.844 3.25186
0.845 3.24977
0.846 3.24767
0.847 3.24556
0.848 3.24344
0.849 3.24131
0.85 3.23917
0.851 3.23703
0.852 3.23488
0.853 3.23273
0.854 3.23057
0.855 3.2284
0.856 3.22623
0.857 3.22406
0.858 3.22188
0.859 3.2197
0.86 3.21752
0.861 3.21533
0.862 3.21315
0.863 3.21096
0.864 3.20877
0.865 3.20658
0.866 3.20439
0.867 3.2022
0.868 3.20001
0.869 3.19783
0.87 3.19564
0.871 3.19346
0.872 3.19128
0.873 3.18911
0.874 3.18693
0.875 3.18477
0.876 3.18261
0.877 3.18045
0.878 3.1783
0.879 3.17615
0.88 3.17402
0.881 3.17188
0.882 3.16976
0.883 3.16764
0.884 3.16554
0.885 3.16344
0.886 3.16135
0.887 3.15927
0.888 3.1572
0.889 3.15513
0.89 3.15308
0.891 3.15104
0.892 3.14902
0.893 3.147
0.894 3.14499
0.895 3.143
0.896 3.14102
0.897 3.13905
0.898 3.13709
0.899 3.13515
0.9 3.13322
0.901 3.13131
0.902 3.12941
0.903 3.12752
0.904 3.12565
0.905 3.12379
0.906 3.12195
0.907 3.12012
0.908 3.11831
0.909 3.11651
0.91 3.11473
0.911 3.11296
0.912 3.11122
0.913 3.10948
0.914 3.10776
0.915 3.10606
0.916 3.10438
0.917 3.10271
0.918 3.10106
0.919 3.09942
0.92 3.0978
0.921 3.0962
0.922 3.09462
0.923 3.09305
0.924 3.0915
0.925 3.08997
0.926 3.08845
0.927 3.08695
0.928 3.08547
0.929 3.08401
0.93 3.08256
0.931 3.08113
0.932 3.07971
0.933 3.07832
0.934 3.07694
0.935 3.07558
0.936 3.07423
0.937 3.0729
0.938 3.07159
0.939 3.0703
0.94 3.06902
0.941 3.06776
0.942 3.06652
0.943 3.06529
0.944 3.06408
0.945 3.06288
0.946 3.06171
0.947 3.06055
0.948 3.0594
0.949 3.05827
0.95 3.05716
0.951 3.05606
0.952 3.05498
0.953 3.05391
0.954 3.05286
0.955 3.05183
0.956 3.05081
0.957 3.04981
0.958 3.04882
0.959 3.04785
0.96 3.04689
0.961 3.04594
0.962 3.04501
0.963 3.0441
0.964 3.0432
0.965 3.04231
0.966 3.04144
0.967 3.04058
0.968 3.03974
0.969 3.03891
0.97 3.03809
0.971 3.03729
0.972 3.0365
0.973 3.03572
0.974 3.03496
0.975 3.03421
0.976 3.03347
0.977 3.03275
0.978 3.03203
0.979 3.03133
0.98 3.03064
0.981 3.02997
0.982 3.0293
0.983 3.02865
0.984 3.02801
0.985 3.02738
0.986 3.02676
0.987 3.02615
0.988 3.02556
0.989 3.02497
0.99 3.0244
0.991 3.02384
0.992 3.02328
0.993 3.02274
0.994 3.02221
0.995 3.02169
0.996 3.02118
0.997 3.02067
0.998 3.02018
0.999 3.0197
1 3.01923
1.001 5
