0 -10
0.001 -5.47611
0.002 -5.46251
0.003 -5.44892
0.004 -5.43533
0.005 -5.42174
0.006 -5.40816
0.007 -5.39459
0.008 -5.38102
0.009 -5.36746
0.01 -5.35391
0.011 -5.34037
0.012 -5.32684
0.013 -5.31333
0.014 -5.29982
0.015 -5.28633
0.016 -5.27285
0.017 -5.25938
0.018 -5.24593
0.019 -5.2325
0.02 -5.21908
0.021 -5.20568
0.022 -5.19229
0.023 -5.17893
0.024 -5.16558
0.025 -5.15225
0.026 -5.13895
0.027 -5.12566
0.028 -5.1124
0.029 -5.09916
0.03 -5.08595
0.031 -5.07275
0.032 -5.05959
0.033 -5.04644
0.034 -5.03333
0.035 -5.02024
0.036 -5.00717
0.037 -4.99414
0.038 -4.98113
0.039 -4.96815
0.04 -4.9552
0.041 -4.94228
0.042 -4.9294
0.043 -4.91654
0.044 -4.90371
0.045 -4.89092
0.046 -4.87816
0.047 -4.86543
0.048 -4.85274
0.049 -4.84008
0.05 -4.82745
0.051 -4.81486
0.052 -4.8023
0.053 -4.78978
0.054 -4.7773
0.055 -4.76485
0.056 -4.75244
0.057 -4.74007
0.058 -4.72773
0.059 -4.71543
0.06 -4.70318
0.061 -4.69096
0.062 -4.67877
0.063 -4.66663
0.064 -4.65453
0.065 -4.64247
0.066 -4.63044
0.067 -4.61846
0.068 -4.60652
0.069 -4.59462
0.07 -4.58275
0.071 -4.57094
0.072 -4.55916
0.073 -4.54742
0.074 -4.53572
0.075 -4.52407
0.076 -4.51246
0.077 -4.50089
0.078 -4.48936
0.079 -4.47788
0.08 -4.46644
0.081 -4.45504
0.082 -4.44368
0.083 -4.43236
0.084 -4.42109
0.085 -4.40986
0.086 -4.39868
0.087 -4.38753
0.088 -4.37643
0.089 -4.36537
0.09 -4.35436
0.091 -4.34339
0.092 -4.33246
0.093 -4.32157
0.094 -4.31073
0.095 -4.29993
0.096 -4.28917
0.097 -4.27846
0.098 -4.26778
0.099 -4.25715
0.1 -4.24657
0.101 -4.23602
0.102 -4.22552
0.103 -4.21506
0.104 -4.20465
0.105 -4.19427
0.106 -4.18394
0.107 -4.17365
0.108 -4.16341
0.109 -4.1532
0.11 -4.14304
0.111 -4.13292
0.112 -4.12284
0.113 -4.1128
0.114 -4.1028
0.115 -4.09285
0.116 -4.08294
0.117 -4.07307
0.118 -4.06323
0.119 -4.05345
0.12 -4.0437
0.121 -4.03399
0.122 -4.02432
0.123 -4.0147
0.124 -4.00511
0.125 -3.99557
0.126 -3.98606
0.127 -3.9766
0.128 -3.96717
0.129 -3.95779
0.13 -3.94844
0.131 -3.93914
0.132 -3.92987
0.133 -3.92065
0.134 -3.91146
0.135 -3.90231
0.136 -3.8932
0.137 -3.88413
0.138 -3.8751
0.139 -3.86611
0.14 -3.85715
0.141 -3.84824
0.142 -3.83936
0.143 -3.83052
0.144 -3.82172
0.145 -3.81296
0.146 -3.80423
0.147 -3.79554
0.148 -3.78689
0.149 -3.77828
0.15 -3.7697
0.151 -3.76116
0.152 -3.75266
0.153 -3.7442
0.154 -3.73577
0.155 -3.72737
0.156 -3.71902
0.157 -3.7107
0.158 -3.70241
0.159 -3.69417
0.16 -3.68595
0.161 -3.67778
0.162 -3.66963
0.163 -3.66153
0.164 -3.65346
0.165 -3.64542
0.166 -3.63742
0.167 -3.62945
0.168 -3.62152
0.169 -3.61362
0.17 -3.60576
0.171 -3.59793
0.172 -3.59013
0.173 -3.58237
0.174 -3.57464
0.175 -3.56694
0.176 -3.55928
0.177 -3.55165
0.178 -3.54405
0.179 -3.53649
0.18 -3.52896
0.181 -3.52146
0.182 -3.51399
0.183 -3.50656
0.184 -3.49916
0.185 -3.49178
0.186 -3.48445
0.187 -3.47714
0.188 -3.46986
0.189 -3.46261
0.19 -3.4554
0.191 -3.44821
0.192 -3.44106
0.193 -3.43393
0.194 -3.42684
0.195 -3.41978
0.196 -3.41274
0.197 -3.40574
0.198 -3.39876
0.199 -3.39181
0.2 -3.3849
0.201 -3.37801
0.202 -3.37115
0.203 -3.36431
0.204 -3.35751
0.205 -3.35074
0.206 -3.34399
0.207 -3.33727
0.208 -3.33058
0.209 -3.32391
0.21 -3.31727
0.211 -3.31066
0.212 -3.30408
0.213 -3.29752
0.214 -3.29099
0.215 -3.28448
0.216 -3.278
0.217 -3.27155
0.218 -3.26512
0.219 -3.25872
0.22 -3.25234
0.221 -3.24599
0.222 -3.23966
0.223 -3.23336
0.224 -3.22708
0.225 -3.22083
0.226 -3.2146
0.227 -3.2084
0.228 -3.20222
0.229 -3.19606
0.23 -3.18992
0.231 -3.18381
0.232 -3.17772
0.233 -3.17166
0.234 -3.16562
0.235 -3.1596
0.236 -3.1536
0.237 -3.14762
0.238 -3.14167
0.239 -3.13574
0.24 -3.12983
0.241 -3.12394
0.242 -3.11807
0.243 -3.11223
0.244 -3.1064
0.245 -3.1006
0.246 -3.09481
0.247 -3.08905
0.248 -3.08331
0.249 -3.07759
0.25 -3.07188
0.251 -3.0662
0.252 -3.06054
0.253 -3.05489
0.254 -3.04927
0.255 -3.04367
0.256 -3.03808
0.257 -3.03251
0.258 -3.02697
0.259 -3.02144
0.26 -3.01592
0.261 -3.01043
0.262 -3.00496
0.263 -2.9995
0.264 -2.99406
0.265 -2.98864
0.266 -2.98324
0.267 -2.97785
0.268 -2.97248
0.269 -2.96713
0.27 -2.9618
0.271 -2.95648
0.272 -2.95118
0.273 -2.94589
0.274 -2.94063
0.275 -2.93537
0.276 -2.93014
0.277 -2.92492
0.278 -2.91972
0.279 -2.91453
0.28 -2.90936
0.281 -2.9042
0.282 -2.89906
0.283 -2.89393
0.284 -2.88882
0.285 -2.88373
0.286 -2.87865
0.287 -2.87358
0.288 -2.86853
0.289 -2.8635
0.29 -2.85847
0.291 -2.85347
0.292 -2.84847
0.293 -2.8435
0.294 -2.83853
0.295 -2.83358
0.296 -2.82864
0.297 -2.82372
0.298 -2.81881
0.299 -2.81391
0.3 -2.80903
0.301 -2.80416
0.302 -2.79931
0.303 -2.79446
0.304 -2.78963
0.305 -2.78481
0.306 -2.78001
0.307 -2.77522
0.308 -2.77044
0.309 -2.76567
0.31 -2.76092
0.311 -2.75617
0.312 -2.75144
0.313 -2.74673
0.314 -2.74202
0.315 -2.73733
0.316 -2.73265
0.317 -2.72797
0.318 -2.72332
0.319 -2.71867
0.32 -2.71403
0.321 -2.70941
0.322 -2.7048
0.323 -2.70019
0.324 -2.6956
0.325 -2.69102
0.326 -2.68645
0.327 -2.6819
0.328 -2.67735
0.329 -2.67281
0.33 -2.66829
0.331 -2.66377
0.332 -2.65926
0.333 -2.65477
0.334 -2.65028
0.335 -2.64581
0.336 -2.64135
0.337 -2.63689
0.338 -2.63245
0.339 -2.62801
0.34 -2.62359
0.341 -2.61917
0.342 -2.61477
0.343 -2.61037
0.344 -2.60598
0.345 -2.6016
0.346 -2.59724
0.347 -2.59288
0.348 -2.58853
0.349 -2.58419
0.35 -2.57985
0.351 -2.57553
0.352 -2.57121
0.353 -2.56691
0.354 -2.56261
0.355 -2.55832
0.356 -2.55404
0.357 -2.54977
0.358 -2.54551
0.359 -2.54125
0.36 -2.537
0.361 -2.53276
0.362 -2.52853
0.363 -2.52431
0.364 -2.52009
0.365 -2.51588
0.366 -2.51168
0.367 -2.50749
0.368 -2.50331
0.369 -2.49913
0.37 -2.49496
0.371 -2.49079
0.372 -2.48664
0.373 -2.48249
0.374 -2.47835
0.375 -2.47421
0.376 -2.47008
0.377 -2.46596
0.378 -2.46185
0.379 -2.45774
0.38 -2.45364
0.381 -2.44954
0.382 -2.44545
0.383 -2.44137
0.384 -2.43729
0.385 -2.43322
0.386 -2.42916
0.387 -2.4251
0.388 -2.42105
0.389 -2.417
0.39 -2.41296
0.391 -2.40892
0.392 -2.40489
0.393 -2.40087
0.394 -2.39685
0.395 -2.39283
0.396 -2.38883
0.397 -2.38482
0.398 -2.38082
0.399 -2.37683
0.4 -2.37284
0.401 -2.36886
0.402 -2.36488
0.403 -2.3609
0.404 -2.35693
0.405 -2.35297
0.406 -2.34901
0.407 -2.34505
0.408 -2.3411
0.409 -2.33715
0.41 -2.33321
0.411 -2.32926
0.412 -2.32533
0.413 -2.3214
0.414 -2.31747
0.415 -2.31354
0.416 -2.30962
0.417 -2.3057
0.418 -2.30178
0.419 -2.29787
0.42 -2.29396
0.421 -2.29006
0.422 -2.28615
0.423 -2.28225
0.424 -2.27836
0.425 -2.27446
0.426 -2.27057
0.427 -2.26668
0.428 -2.26279
0.429 -2.25891
0.43 -2.25503
0.431 -2.25115
0.432 -2.24727
0.433 -2.24339
0.434 -2.23952
0.435 -2.23565
0.436 -2.23178
0.437 -2.22791
0.438 -2.22404
0.439 -2.22017
0.44 -2.21631
0.441 -2.21245
0.442 -2.20858
0.443 -2.20472
0.444 -2.20086
0.445 -2.197
0.446 -2.19314
0.447 -2.18929
0.448 -2.18543
0.449 -2.18157
0.45 -2.17772
0.451 -2.17386
0.452 -2.17
0.453 -2.16615
0.454 -2.16229
0.455 -2.15844
0.456 -2.15458
0.457 -2.15072
0.458 -2.14687
0.459 -2.14301
0.46 -2.13915
0.461 -2.13529
0.462 -2.13144
0.463 -2.12758
0.464 -2.12371
0.465 -2.11985
0.466 -2.11599
0.467 -2.11212
0.468 -2.10826
0.469 -2.10439
0.47 -2.10052
0.471 -2.09665
0.472 -2.09278
0.473 -2.0889
0.474 -2.08503
0.475 -2.08115
0.476 -2.07727
0.477 -2.07339
0.478 -2.0695
0.479 -2.06561
0.48 -2.06172
0.481 -2.05783
0.482 -2.05393
0.483 -2.05003
0.484 -2.04613
0.485 -2.04223
0.486 -2.03832
0.487 -2.03441
0.488 -2.03049
0.489 -2.02657
0.49 -2.02265
0.491 -2.01872
0.492 -2.01479
0.493 -2.01086
0.494 -2.00692
0.495 -2.00298
0.496 -1.99903
0.497 -1.99508
0.498 -1.99112
0.499 -1.98716
0.5 -1.9832
0.501 -1.97923
0.502 -1.97525
0.503 -1.97127
0.504 -1.96729
0.505 -1.9633
0.506 -1.9593
0.507 -1.9553
0.508 -1.95129
0.509 -1.94728
0.51 -1.94326
0.511 -1.93923
0.512 -1.9352
0.513 -1.93116
0.514 -1.92712
0.515 -1.92306
0.516 -1.91901
0.517 -1.91494
0.518 -1.91087
0.519 -1.90679
0.52 -1.90271
0.521 -1.89862
0.522 -1.89452
0.523 -1.89041
0.524 -1.88629
0.525 -1.88217
0.526 -1.87804
0.527 -1.8739
0.528 -1.86975
0.529 -1.8656
0.53 -1.86144
0.531 -1.85726
0.532 -1.85308
0.533 -1.84889
0.534 -1.8447
0.535 -1.84049
0.536 -1.83627
0.537 -1.83205
0.538 -1.82781
0.539 -1.82357
0.54 -1.81932
0.541 -1.81505
0.542 -1.81078
0.543 -1.8065
0.544 -1.8022
0.545 -1.7979
0.546 -1.79359
0.547 -1.78926
0.548 -1.78493
0.549 -1.78058
0.55 -1.77622
0.551 -1.77186
0.552 -1.76748
0.553 -1.76309
0.554 -1.75868
0.555 -1.75427
0.556 -1.74985
0.557 -1.74541
0.558 -1.74096
0.559 -1.7365
0.56 -1.73203
0.561 -1.72754
0.562 -1.72304
0.563 -1.71853
0.564 -1.71401
0.565 -1.70947
0.566 -1.70492
0.567 -1.70036
0.568 -1.69578
0.569 -1.69119
0.57 -1.68659
0.571 -1.68197
0.572 -1.67734
0.573 -1.6727
0.574 -1.66804
0.575 -1.66337
0.576 -1.65868
0.577 -1.65398
0.578 -1.64926
0.579 -1.64453
0.58 -1.63978
0.581 -1.63502
0.582 -1.63024
0.583 -1.62545
0.584 -1.62064
0.585 -1.61582
0.586 -1.61098
0.587 -1.60612
0.588 -1.60125
0.589 -1.59636
0.59 -1.59146
0.591 -1.58654
0.592 -1.5816
0.593 -1.57664
0.594 -1.57167
0.595 -1.56668
0.596 -1.56168
0.597 -1.55666
0.598 -1.55162
0.599 -1.54656
0.6 -1.54148
0.601 -1.53639
0.602 -1.53128
0.603 -1.52615
0.604 -1.521
0.605 -1.51583
0.606 -1.51065
0.607 -1.50544
0.608 -1.50022
0.609 -1.49498
0.61 -1.48972
0.611 -1.48444
0.612 -1.47914
0.613 -1.47382
0.614 -1.46849
0.615 -1.46313
0.616 -1.45775
0.617 -1.45235
0.618 -1.44694
0.619 -1.4415
0.62 -1.43604
0.621 -1.43056
0.622 -1.42507
0.623 -1.41955
0.624 -1.41401
0.625 -1.40845
0.626 -1.40287
0.627 -1.39727
0.628 -1.39164
0.629 -1.386
0.63 -1.38033
0.631 -1.37465
0.632 -1.36894
0.633 -1.36321
0.634 -1.35746
0.635 -1.35168
0.636 -1.34589
0.637 -1.34007
0.638 -1.33423
0.639 -1.32837
0.64 -1.32249
0.641 -1.31659
0.642 -1.31066
0.643 -1.30471
0.644 -1.29874
0.645 -1.29275
0.646 -1.28673
0.647 -1.28069
0.648 -1.27463
0.649 -1.26855
0.65 -1.26244
0.651 -1.25632
0.652 -1.25017
0.653 -1.24399
0.654 -1.2378
0.655 -1.23158
0.656 -1.22534
0.657 -1.21908
0.658 -1.21279
0.659 -1.20648
0.66 -1.20015
0.661 -1.1938
0.662 -1.18743
0.663 -1.18103
0.664 -1.17461
0.665 -1.16817
0.666 -1.1617
0.667 -1.15522
0.668 -1.14871
0.669 -1.14218
0.67 -1.13563
0.671 -1.12906
0.672 -1.12246
0.673 -1.11585
0.674 -1.10921
0.675 -1.10255
0.676 -1.09587
0.677 -1.08917
0.678 -1.08245
0.679 -1.07571
0.68 -1.06895
0.681 -1.06217
0.682 -1.05537
0.683 -1.04855
0.684 -1.04171
0.685 -1.03485
0.686 -1.02797
0.687 -1.02107
0.688 -1.01415
0.689 -1.00722
0.69 -1.00027
0.691 -0.993299
0.692 -0.986313
0.693 -0.979309
0.694 -0.972289
0.695 -0.965253
0.696 -0.958201
0.697 -0.951134
0.698 -0.944052
0.699 -0.936955
0.7 -0.929844
0.701 -0.922719
0.702 -0.915581
0.703 -0.90843
0.704 -0.901266
0.705 -0.894091
0.706 -0.886904
0.707 -0.879707
0.708 -0.8725
0.709 -0.865282
0.71 -0.858056
0.711 -0.850821
0.712 -0.843578
0.713 -0.836328
0.714 -0.829071
0.715 -0.821808
0.716 -0.81454
0.717 -0.807267
0.718 -0.79999
0.719 -0.79271
0.72 -0.785428
0.721 -0.778144
0.722 -0.770859
0.723 -0.763574
0.724 -0.756289
0.725 -0.749006
0.726 -0.741726
0.727 -0.734449
0.728 -0.727175
0.729 -0.719907
0.73 -0.712646
0.731 -0.70539
0.732 -0.698143
0.733 -0.690905
0.734 -0.683677
0.735 -0.676459
0.736 -0.669254
0.737 -0.662061
0.738 -0.654883
0.739 -0.647719
0.74 -0.640572
0.741 -0.633443
0.742 -0.626332
0.743 -0.619241
0.744 -0.61217
0.745 -0.605122
0.746 -0.598097
0.747 -0.591097
0.748 -0.584123
0.749 -0.577175
0.75 -0.570256
0.751 -0.563367
0.752 -0.556509
0.753 -0.549683
0.754 -0.542892
0.755 -0.536135
0.756 -0.529414
0.757 -0.522732
0.758 -0.516089
0.759 -0.509487
0.76 -0.502927
0.761 -0.49641
0.762 -0.489939
0.763 -0.483514
0.764 -0.477138
0.765 -0.470811
0.766 -0.464535
0.767 -0.458312
0.768 -0.452144
0.769 -0.446031
0.77 -0.439975
0.771 -0.433979
0.772 -0.428043
0.773 -0.422169
0.774 -0.416358
0.775 -0.410613
0.776 -0.404935
0.777 -0.399326
0.778 -0.393786
0.779 -0.388318
0.78 -0.382924
0.781 -0.377605
0.782 -0.372362
0.783 -0.367198
0.784 -0.362113
0.785 -0.35711
0.786 -0.35219
0.787 -0.347355
0.788 -0.342606
0.789 -0.337945
0.79 -0.333374
0.791 -0.328894
0.792 -0.324507
0.793 -0.320214
0.794 -0.316017
0.795 -0.311918
0.796 -0.307917
0.797 -0.304018
0.798 -0.300221
0.799 -0.296527
0.8 -0.292939
0.801 -0.289457
0.802 -0.286084
0.803 -0.282821
0.804 -0.279668
0.805 -0.276629
0.806 -0.273703
0.807 -0.270893
0.808 -0.2682
0.809 -0.265625
0.81 -0.263169
0.811 -0.260835
0.812 -0.258623
0.813 -0.256534
0.814 -0.25457
0.815 -0.252732
0.816 -0.251021
0.817 -0.249438
0.818 -0.247985
0.819 -0.246663
0.82 -0.245472
0.821 -0.244414
0.822 -0.24349
0.823 -0.242701
0.824 -0.242048
0.825 -0.241531
0.826 -0.241152
0.827 -0.240911
0.828 -0.24081
0.829 -0.240849
0.83 -0.241029
0.831 -0.241351
0.832 -0.241815
0.833 -0.242422
0.834 -0.243173
0.835 -0.244069
0.836 -0.245109
0.837 -0.246294
0.838 -0.247626
0.839 -0.249103
0.84 -0.250728
0.841 -0.2525
0.842 -0.254419
0.843 -0.256486
0.844 -0.2587
0.845 -0.261063
0.846 -0.263575
0.847 -0.266235
0.848 -0.269043
0.849 -0.272001
0.85 -0.275107
0.851 -0.278361
0.852 -0.281764
0.853 -0.285316
0.854 -0.289016
0.855 -0.292865
0.856 -0.296861
0.857 -0.301005
0.858 -0.305296
0.859 -0.309735
0.86 -0.31432
0.861 -0.319051
0.862 -0.323928
0.863 -0.32895
0.864 -0.334117
0.865 -0.339429
0.866 -0.344884
0.867 -0.350481
0.868 -0.356221
0.869 -0.362103
0.87 -0.368125
0.871 -0.374287
0.872 -0.380589
0.873 -0.387028
0.874 -0.393605
0.875 -0.400318
0.876 -0.407167
0.877 -0.41415
0.878 -0.421267
0.879 -0.428516
0.88 -0.435896
0.881 -0.443406
0.882 -0.451045
0.883 -0.458812
0.884 -0.466705
0.885 -0.474724
0.886 -0.482866
0.887 -0.491132
0.888 -0.499518
0.889 -0.508025
0.89 -0.51665
0.891 -0.525393
0.892 -0.534251
0.893 -0.543223
0.894 -0.552309
0.895 -0.561505
0.896 -0.570812
0.897 -0.580227
0.898 -0.589748
0.899 -0.599375
0.9 -0.609105
0.901 -0.618938
0.902 -0.62887
0.903 -0.638901
0.904 -0.649029
0.905 -0.659253
0.906 -0.66957
0.907 -0.679979
0.908 -0.690479
0.909 -0.701066
0.91 -0.711741
0.911 -0.722501
0.912 -0.733344
0.913 -0.744268
0.914 -0.755273
0.915 -0.766355
0.916 -0.777514
0.917 -0.788747
0.918 -0.800053
0.919 -0.811429
0.92 -0.822875
0.921 -0.834389
0.922 -0.845967
0.923 -0.85761
0.924 -0.869314
0.925 -0.881079
0.926 -0.892902
0.927 -0.904782
0.928 -0.916717
0.929 -0.928704
0.93 -0.940743
0.931 -0.952832
0.932 -0.964968
0.933 -0.977151
0.934 -0.989378
0.935 -1.00165
0.936 -1.01396
0.937 -1.02631
0.938 -1.03869
0.939 -1.05112
0.94 -1.06357
0.941 -1.07606
0.942 -1.08858
0.943 -1.10113
0.944 -1.11371
0.945 -1.12631
0.946 -1.13894
0.947 -1.15159
0.948 -1.16426
0.949 -1.17695
0.95 -1.18966
0.951 -1.20238
0.952 -1.21512
0.953 -1.22788
0.954 -1.24064
0.955 -1.25342
0.956 -1.2662
0.957 -1.27899
0.958 -1.29179
0.959 -1.3046
0.96 -1.3174
0.961 -1.33021
0.962 -1.34302
0.963 -1.35583
0.964 -1.36864
0.965 -1.38145
0.966 -1.39425
0.967 -1.40705
0.968 -1.41983
0.969 -1.43262
0.97 -1.44539
0.971 -1.45815
0.972 -1.4709
0.973 -1.48364
0.974 -1.49636
0.975 -1.50907
0.976 -1.52177
0.977 -1.53444
0.978 -1.5471
0.979 -1.55974
0.98 -1.57237
0.981 -1.58497
0.982 -1.59755
0.983 -1.6101
0.984 -1.62264
0.985 -1.63515
0.986 -1.64763
0.987 -1.66009
0.988 -1.67252
0.989 -1.68493
0.99 -1.69731
0.991 -1.70965
0.992 -1.72197
0.993 -1.73426
0.994 -1.74652
0.995 -1.75874
0.996 -1.77093
0.997 -1.78309
0.998 -1.79522
0.999 -1.80731
1 -1.81937
1.001 -10
