0 0
0.001 0.73542
0.002 0.741198
0.003 0.746972
0.004 0.752742
0.005 0.758508
0.006 0.764269
0.007 0.770025
0.008 0.775775
0.009 0.78152
0.01 0.787258
0.011 0.79299
0.012 0.798715
0.013 0.804433
0.014 0.810143
0.015 0.815845
0.016 0.82154
0.017 0.827226
0.018 0.832903
0.019 0.838571
0.02 0.844229
0.021 0.849878
0.022 0.855517
0.023 0.861145
0.024 0.866763
0.025 0.87237
0.026 0.877966
0.027 0.88355
0.028 0.889123
0.029 0.894683
0.03 0.900232
0.031 0.905767
0.032 0.91129
0.033 0.9168
0.034 0.922297
0.035 0.92778
0.036 0.933249
0.037 0.938705
0.038 0.944146
0.039 0.949572
0.04 0.954985
0.041 0.960382
0.042 0.965764
0.043 0.971131
0.044 0.976483
0.045 0.981819
0.046 0.98714
0.047 0.992445
0.048 0.997733
0.049 1.00301
0.05 1.00826
0.051 1.0135
0.052 1.01872
0.053 1.02393
0.054 1.02912
0.055 1.03429
0.056 1.03945
0.057 1.04459
0.058 1.04971
0.059 1.05482
0.06 1.0599
0.061 1.06497
0.062 1.07003
0.063 1.07506
0.064 1.08008
0.065 1.08508
0.066 1.09006
0.067 1.09503
0.068 1.09997
0.069 1.1049
0.07 1.10981
0.071 1.11471
0.072 1.11959
0.073 1.12445
0.074 1.12929
0.075 1.13411
0.076 1.13892
0.077 1.14371
0.078 1.14848
0.079 1.15323
0.08 1.15797
0.081 1.16269
0.082 1.16739
0.083 1.17208
0.084 1.17675
0.085 1.1814
0.086 1.18603
0.087 1.19065
0.088 1.19525
0.089 1.19983
0.09 1.2044
0.091 1.20895
0.092 1.21348
0.093 1.218
0.094 1.2225
0.095 1.22699
0.096 1.23146
0.097 1.23591
0.098 1.24035
0.099 1.24477
0.1 1.24918
0.101 1.25357
0.102 1.25794
0.103 1.2623
0.104 1.26665
0.105 1.27098
0.106 1.2753
0.107 1.2796
0.108 1.28388
0.109 1.28815
0.11 1.29241
0.111 1.29665
0.112 1.30088
0.113 1.3051
0.114 1.3093
0.115 1.31349
0.116 1.31766
0.117 1.32182
0.118 1.32597
0.119 1.3301
0.12 1.33422
0.121 1.33833
0.122 1.34242
0.123 1.34651
0.124 1.35058
0.125 1.35463
0.126 1.35868
0.127 1.36271
0.128 1.36673
0.129 1.37074
0.13 1.37474
0.131 1.37872
0.132 1.3827
0.133 1.38666
0.134 1.39061
0.135 1.39455
0.136 1.39848
0.137 1.4024
0.138 1.4063
0.139 1.4102
0.14 1.41409
0.141 1.41796
0.142 1.42183
0.143 1.42568
0.144 1.42953
0.145 1.43336
0.146 1.43719
0.147 1.441
0.148 1.44481
0.149 1.4486
0.15 1.45239
0.151 1.45617
0.152 1.45993
0.153 1.46369
0.154 1.46744
0.155 1.47118
0.156 1.47492
0.157 1.47864
0.158 1.48235
0.159 1.48606
0.16 1.48976
0.161 1.49345
0.162 1.49713
0.163 1.5008
0.164 1.50447
0.165 1.50812
0.166 1.51177
0.167 1.51541
0.168 1.51905
0.169 1.52267
0.17 1.52629
0.171 1.52991
0.172 1.53351
0.173 1.53711
0.174 1.5407
0.175 1.54428
0.176 1.54786
0.177 1.55143
0.178 1.55499
0.179 1.55855
0.18 1.56209
0.181 1.56564
0.182 1.56917
0.183 1.57271
0.184 1.57623
0.185 1.57975
0.186 1.58326
0.187 1.58677
0.188 1.59027
0.189 1.59376
0.19 1.59725
0.191 1.60073
0.192 1.60421
0.193 1.60768
0.194 1.61115
0.195 1.61461
0.196 1.61807
0.197 1.62152
0.198 1.62496
0.199 1.6284
0.2 1.63184
0.201 1.63527
0.202 1.6387
0.203 1.64212
0.204 1.64554
0.205 1.64895
0.206 1.65236
0.207 1.65576
0.208 1.65916
0.209 1.66256
0.21 1.66595
0.211 1.66934
0.212 1.67272
0.213 1.6761
0.214 1.67948
0.215 1.68285
0.216 1.68622
0.217 1.68958
0.218 1.69294
0.219 1.6963
0.22 1.69965
0.221 1.703
0.222 1.70635
0.223 1.7097
0.224 1.71304
0.225 1.71638
0.226 1.71971
0.227 1.72304
0.228 1.72637
0.229 1.7297
0.23 1.73302
0.231 1.73634
0.232 1.73966
0.233 1.74298
0.234 1.74629
0.235 1.74961
0.236 1.75292
0.237 1.75622
0.238 1.75953
0.239 1.76283
0.24 1.76613
0.241 1.76943
0.242 1.77273
0.243 1.77602
0.244 1.77932
0.245 1.78261
0.246 1.7859
0.247 1.78919
0.248 1.79247
0.249 1.79576
0.25 1.79904
0.251 1.80232
0.252 1.80561
0.253 1.80889
0.254 1.81216
0.255 1.81544
0.256 1.81872
0.257 1.82199
0.258 1.82527
0.259 1.82854
0.26 1.83181
0.261 1.83509
0.262 1.83836
0.263 1.84163
0.264 1.8449
0.265 1.84817
0.266 1.85144
0.267 1.85471
0.268 1.85797
0.269 1.86124
0.27 1.86451
0.271 1.86777
0.272 1.87104
0.273 1.87431
0.274 1.87757
0.275 1.88084
0.276 1.88411
0.277 1.88737
0.278 1.89064
0.279 1.89391
0.28 1.89717
0.281 1.90044
0.282 1.90371
0.283 1.90697
0.284 1.91024
0.285 1.91351
0.286 1.91678
0.287 1.92005
0.288 1.92331
0.289 1.92658
0.29 1.92985
0.291 1.93313
0.292 1.9364
0.293 1.93967
0.294 1.94294
0.295 1.94622
0.296 1.94949
0.297 1.95277
0.298 1.95604
0.299 1.95932
0.3 1.9626
0.301 1.96588
0.302 1.96916
0.303 1.97244
0.304 1.97572
0.305 1.979
0.306 1.98229
0.307 1.98557
0.308 1.98886
0.309 1.99215
0.31 1.99544
0.311 1.99873
0.312 2.00202
0.313 2.00532
0.314 2.00861
0.315 2.01191
0.316 2.01521
0.317 2.01851
0.318 2.02181
0.319 2.02511
0.32 2.02842
0.321 2.03173
0.322 2.03503
0.323 2.03834
0.324 2.04166
0.325 2.04497
0.326 2.04829
0.327 2.0516
0.328 2.05492
0.329 2.05824
0.33 2.06157
0.331 2.06489
0.332 2.06822
0.333 2.07155
0.334 2.07488
0.335 2.07822
0.336 2.08155
0.337 2.08489
0.338 2.08823
0.339 2.09158
0.34 2.09492
0.341 2.09827
0.342 2.10162
0.343 2.10498
0.344 2.10833
0.345 2.11169
0.346 2.11505
0.347 2.11841
0.348 2.12178
0.349 2.12515
0.35 2.12852
0.351 2.13189
0.352 2.13527
0.353 2.13865
0.354 2.14203
0.355 2.14542
0.356 2.14881
0.357 2.1522
0.358 2.15559
0.359 2.15899
0.36 2.16239
0.361 2.16579
0.362 2.1692
0.363 2.17261
0.364 2.17602
0.365 2.17944
0.366 2.18286
0.367 2.18628
0.368 2.18971
0.369 2.19314
0.37 2.19658
0.371 2.20001
0.372 2.20346
0.373 2.2069
0.374 2.21035
0.375 2.2138
0.376 2.21726
0.377 2.22072
0.378 2.22418
0.379 2.22765
0.38 2.23112
0.381 2.2346
0.382 2.23808
0.383 2.24156
0.384 2.24505
0.385 2.24854
0.386 2.25204
0.387 2.25554
0.388 2.25905
0.389 2.26256
0.39 2.26607
0.391 2.26959
0.392 2.27311
0.393 2.27664
0.394 2.28017
0.395 2.28371
0.396 2.28726
0.397 2.2908
0.398 2.29436
0.399 2.29791
0.4 2.30148
0.401 2.30505
0.402 2.30862
0.403 2.3122
0.404 2.31578
0.405 2.31937
0.406 2.32297
0.407 2.32657
0.408 2.33017
0.409 2.33378
0.41 2.3374
0.411 2.34102
0.412 2.34465
0.413 2.34829
0.414 2.35193
0.415 2.35558
0.416 2.35923
0.417 2.36289
0.418 2.36656
0.419 2.37023
0.42 2.37391
0.421 2.37759
0.422 2.38128
0.423 2.38498
0.424 2.38869
0.425 2.3924
0.426 2.39612
0.427 2.39985
0.428 2.40358
0.429 2.40732
0.43 2.41107
0.431 2.41482
0.432 2.41859
0.433 2.42236
0.434 2.42613
0.435 2.42992
0.436 2.43371
0.437 2.43751
0.438 2.44132
0.439 2.44514
0.44 2.44897
0.441 2.4528
0.442 2.45664
0.443 2.46049
0.444 2.46435
0.445 2.46822
0.446 2.4721
0.447 2.47598
0.448 2.47988
0.449 2.48378
0.45 2.48769
0.451 2.49162
0.452 2.49555
0.453 2.49949
0.454 2.50344
0.455 2.5074
0.456 2.51137
0.457 2.51535
0.458 2.51934
0.459 2.52334
0.46 2.52735
0.461 2.53137
0.462 2.5354
0.463 2.53944
0.464 2.54349
0.465 2.54755
0.466 2.55163
0.467 2.55571
0.468 2.55981
0.469 2.56392
0.47 2.56804
0.471 2.57217
0.472 2.57631
0.473 2.58046
0.474 2.58463
0.475 2.58881
0.476 2.593
0.477 2.5972
0.478 2.60141
0.479 2.60564
0.48 2.60988
0.481 2.61414
0.482 2.6184
0.483 2.62268
0.484 2.62697
0.485 2.63128
0.486 2.6356
0.487 2.63993
0.488 2.64428
0.489 2.64864
0.49 2.65302
0.491 2.65741
0.492 2.66181
0.493 2.66623
0.494 2.67066
0.495 2.67511
0.496 2.67957
0.497 2.68405
0.498 2.68855
0.499 2.69306
0.5 2.69758
0.501 2.70212
0.502 2.70668
0.503 2.71125
0.504 2.71584
0.505 2.72045
0.506 2.72507
0.507 2.72971
0.508 2.73437
0.509 2.73904
0.51 2.74374
0.511 2.74845
0.512 2.75317
0.513 2.75792
0.514 2.76268
0.515 2.76746
0.516 2.77226
0.517 2.77708
0.518 2.78192
0.519 2.78677
0.52 2.79165
0.521 2.79654
0.522 2.80146
0.523 2.80639
0.524 2.81135
0.525 2.81632
0.526 2.82132
0.527 2.82633
0.528 2.83137
0.529 2.83643
0.53 2.84151
0.531 2.84661
0.532 2.85173
0.533 2.85687
0.534 2.86204
0.535 2.86723
0.536 2.87244
0.537 2.87767
0.538 2.88293
0.539 2.88821
0.54 2.89351
0.541 2.89883
0.542 2.90419
0.543 2.90956
0.544 2.91496
0.545 2.92038
0.546 2.92583
0.547 2.9313
0.548 2.9368
0.549 2.94232
0.55 2.94787
0.551 2.95345
0.552 2.95905
0.553 2.96468
0.554 2.97033
0.555 2.97602
0.556 2.98173
0.557 2.98746
0.558 2.99323
0.559 2.99902
0.56 3.00484
0.561 3.01069
0.562 3.01657
0.563 3.02247
0.564 3.02841
0.565 3.03438
0.566 3.04037
0.567 3.0464
0.568 3.05246
0.569 3.05854
0.57 3.06466
0.571 3.07081
0.572 3.07699
0.573 3.0832
0.574 3.08945
0.575 3.09573
0.576 3.10204
0.577 3.10838
0.578 3.11476
0.579 3.12117
0.58 3.12761
0.581 3.13409
0.582 3.1406
0.583 3.14715
0.584 3.15373
0.585 3.16035
0.586 3.16701
0.587 3.1737
0.588 3.18042
0.589 3.18719
0.59 3.19399
0.591 3.20082
0.592 3.2077
0.593 3.21461
0.594 3.22157
0.595 3.22856
0.596 3.23559
0.597 3.24265
0.598 3.24976
0.599 3.25691
0.6 3.2641
0.601 3.27133
0.602 3.2786
0.603 3.28591
0.604 3.29327
0.605 3.30066
0.606 3.3081
0.607 3.31558
0.608 3.32311
0.609 3.33068
0.61 3.33829
0.611 3.34594
0.612 3.35364
0.613 3.36139
0.614 3.36918
0.615 3.37702
0.616 3.3849
0.617 3.39283
0.618 3.4008
0.619 3.40883
0.62 3.4169
0.621 3.42502
0.622 3.43318
0.623 3.4414
0.624 3.44966
0.625 3.45798
0.626 3.46634
0.627 3.47475
0.628 3.48322
0.629 3.49173
0.63 3.5003
0.631 3.50892
0.632 3.51759
0.633 3.52631
0.634 3.53508
0.635 3.54391
0.636 3.55279
0.637 3.56173
0.638 3.57072
0.639 3.57977
0.64 3.58886
0.641 3.59802
0.642 3.60723
0.643 3.6165
0.644 3.62582
0.645 3.6352
0.646 3.64464
0.647 3.65414
0.648 3.66369
0.649 3.67331
0.65 3.68298
0.651 3.69271
0.652 3.7025
0.653 3.71235
0.654 3.72226
0.655 3.73223
0.656 3.74226
0.657 3.75236
0.658 3.76251
0.659 3.77273
0.66 3.78301
0.661 3.79335
0.662 3.80376
0.663 3.81423
0.664 3.82476
0.665 3.83536
0.666 3.84602
0.667 3.85675
0.668 3.86754
0.669 3.8784
0.67 3.88932
0.671 3.90031
0.672 3.91136
0.673 3.92249
0.674 3.93367
0.675 3.94493
0.676 3.95625
0.677 3.96765
0.678 3.9791
0.679 3.99063
0.68 4.00223
0.681 4.01389
0.682 4.02563
0.683 4.03743
0.684 4.0493
0.685 4.06124
0.686 4.07326
0.687 4.08534
0.688 4.09749
0.689 4.10971
0.69 4.12201
0.691 4.13437
0.692 4.14681
0.693 4.15931
0.694 4.17189
0.695 4.18454
0.696 4.19726
0.697 4.21005
0.698 4.22291
0.699 4.23585
0.7 4.24885
0.701 4.26193
0.702 4.27508
0.703 4.2883
0.704 4.30159
0.705 4.31496
0.706 4.3284
0.707 4.3419
0.708 4.35548
0.709 4.36913
0.71 4.38286
0.711 4.39665
0.712 4.41052
0.713 4.42445
0.714 4.43846
0.715 4.45254
0.716 4.46669
0.717 4.48091
0.718 4.4952
0.719 4.50956
0.72 4.52398
0.721 4.53848
0.722 4.55305
0.723 4.56769
0.724 4.58239
0.725 4.59716
0.726 4.61201
0.727 4.62691
0.728 4.64189
0.729 4.65693
0.73 4.67204
0.731 4.68721
0.732 4.70245
0.733 4.71775
0.734 4.73312
0.735 4.74855
0.736 4.76404
0.737 4.7796
0.738 4.79522
0.739 4.81089
0.74 4.82663
0.741 4.84243
0.742 4.85829
0.743 4.8742
0.744 4.89018
0.745 4.90621
0.746 4.92229
0.747 4.93843
0.748 4.95463
0.749 4.97087
0.75 4.98717
0.751 5.00352
0.752 5.01993
0.753 5.03638
0.754 5.05288
0.755 5.06942
0.756 5.08602
0.757 5.10266
0.758 5.11934
0.759 5.13607
0.76 5.15284
0.761 5.16965
0.762 5.1865
0.763 5.20338
0.764 5.22031
0.765 5.23727
0.766 5.25427
0.767 5.2713
0.768 5.28836
0.769 5.30545
0.77 5.32257
0.771 5.33972
0.772 5.3569
0.773 5.3741
0.774 5.39133
0.775 5.40858
0.776 5.42585
0.777 5.44314
0.778 5.46045
0.779 5.47777
0.78 5.49511
0.781 5.51246
0.782 5.52983
0.783 5.5472
0.784 5.56459
0.785 5.58198
0.786 5.59937
0.787 5.61677
0.788 5.63418
0.789 5.65158
0.79 5.66898
0.791 5.68638
0.792 5.70378
0.793 5.72116
0.794 5.73855
0.795 5.75592
0.796 5.77328
0.797 5.79062
0.798 5.80796
0.799 5.82527
0.8 5.84257
0.801 5.85985
0.802 5.8771
0.803 5.89433
0.804 5.91154
0.805 5.92872
0.806 5.94587
0.807 5.96299
0.808 5.98008
0.809 5.99713
0.81 6.01415
0.811 6.03113
0.812 6.04807
0.813 6.06497
0.814 6.08183
0.815 6.09864
0.816 6.11541
0.817 6.13213
0.818 6.14879
0.819 6.16541
0.82 6.18197
0.821 6.19848
0.822 6.21493
0.823 6.23132
0.824 6.24765
0.825 6.26393
0.826 6.28013
0.827 6.29627
0.828 6.31235
0.829 6.32836
0.83 6.34429
0.831 6.36016
0.832 6.37595
0.833 6.39167
0.834 6.40731
0.835 6.42288
0.836 6.43836
0.837 6.45376
0.838 6.46909
0.839 6.48433
0.84 6.49948
0.841 6.51455
0.842 6.52953
0.843 6.54442
0.844 6.55922
0.845 6.57392
0.846 6.58854
0.847 6.60306
0.848 6.61749
0.849 6.63182
0.85 6.64605
0.851 6.66018
0.852 6.67421
0.853 6.68814
0.854 6.70197
0.855 6.71569
0.856 6.72931
0.857 6.74283
0.858 6.75624
0.859 6.76954
0.86 6.78273
0.861 6.79582
0.862 6.80879
0.863 6.82165
0.864 6.83441
0.865 6.84704
0.866 6.85957
0.867 6.87198
0.868 6.88428
0.869 6.89647
0.87 6.90854
0.871 6.92049
0.872 6.93232
0.873 6.94404
0.874 6.95564
0.875 6.96713
0.876 6.97849
0.877 6.98974
0.878 7.00086
0.879 7.01187
0.88 7.02276
0.881 7.03353
0.882 7.04418
0.883 7.05471
0.884 7.06511
0.885 7.0754
0.886 7.08557
0.887 7.09561
0.888 7.10554
0.889 7.11535
0.89 7.12503
0.891 7.1346
0.892 7.14404
0.893 7.15336
0.894 7.16257
0.895 7.17165
0.896 7.18062
0.897 7.18947
0.898 7.19819
0.899 7.2068
0.9 7.21529
0.901 7.22367
0.902 7.23192
0.903 7.24006
0.904 7.24808
0.905 7.25599
0.906 7.26378
0.907 7.27145
0.908 7.27901
0.909 7.28646
0.91 7.29379
0.911 7.30101
0.912 7.30812
0.913 7.31512
0.914 7.322
0.915 7.32878
0.916 7.33545
0.917 7.34201
0.918 7.34846
0.919 7.3548
0.92 7.36104
0.921 7.36717
0.922 7.3732
0.923 7.37912
0.924 7.38494
0.925 7.39066
0.926 7.39627
0.927 7.40179
0.928 7.40721
0.929 7.41252
0.93 7.41774
0.931 7.42287
0.932 7.4279
0.933 7.43283
0.934 7.43767
0.935 7.44241
0.936 7.44707
0.937 7.45163
0.938 7.4561
0.939 7.46049
0.94 7.46478
0.941 7.46899
0.942 7.47311
0.943 7.47715
0.944 7.4811
0.945 7.48497
0.946 7.48876
0.947 7.49246
0.948 7.49609
0.949 7.49963
0.95 7.5031
0.951 7.50649
0.952 7.5098
0.953 7.51304
0.954 7.51621
0.955 7.5193
0.956 7.52232
0.957 7.52527
0.958 7.52814
0.959 7.53095
0.96 7.53369
0.961 7.53636
0.962 7.53897
0.963 7.54151
0.964 7.54398
0.965 7.54639
0.966 7.54874
0.967 7.55103
0.968 7.55325
0.969 7.55542
0.97 7.55753
0.971 7.55957
0.972 7.56156
0.973 7.5635
0.974 7.56538
0.975 7.5672
0.976 7.56897
0.977 7.57069
0.978 7.57236
0.979 7.57397
0.98 7.57553
0.981 7.57705
0.982 7.57851
0.983 7.57993
0.984 7.5813
0.985 7.58263
0.986 7.5839
0.987 7.58514
0.988 7.58633
0.989 7.58747
0.99 7.58858
0.991 7.58964
0.992 7.59066
0.993 7.59164
0.994 7.59258
0.995 7.59348
0.996 7.59434
0.997 7.59516
0.998 7.59595
0.999 7.5967
1 7.59742
1.001 0
