0 0
0.001 0.630314
0.002 0.630585
0.003 0.630886
0.004 0.631217
0.005 0.631578
0.006 0.631969
0.007 0.63239
0.008 0.632841
0.009 0.633321
0.01 0.633832
0.011 0.634373
0.012 0.634943
0.013 0.635544
0.014 0.636174
0.015 0.636835
0.016 0.637525
0.017 0.638244
0.018 0.638994
0.019 0.639773
0.02 0.640582
0.021 0.64142
0.022 0.642288
0.023 0.643185
0.024 0.644112
0.025 0.645067
0.026 0.646052
0.027 0.647066
0.028 0.648108
0.029 0.64918
0.03 0.65028
0.031 0.651408
0.032 0.652565
0.033 0.653751
0.034 0.654964
0.035 0.656205
0.036 0.657474
0.037 0.658771
0.038 0.660095
0.039 0.661446
0.04 0.662825
0.041 0.664231
0.042 0.665663
0.043 0.667122
0.044 0.668607
0.045 0.670119
0.046 0.671656
0.047 0.67322
0.048 0.674808
0.049 0.676423
0.05 0.678062
0.051 0.679727
0.052 0.681416
0.053 0.683129
0.054 0.684867
0.055 0.686629
0.056 0.688415
0.057 0.690224
0.058 0.692057
0.059 0.693913
0.06 0.695791
0.061 0.697692
0.062 0.699616
0.063 0.701561
0.064 0.703529
0.065 0.705518
0.066 0.707528
0.067 0.70956
0.068 0.711612
0.069 0.713685
0.07 0.715778
0.071 0.717891
0.072 0.720024
0.073 0.722177
0.074 0.724349
0.075 0.72654
0.076 0.72875
0.077 0.730978
0.078 0.733224
0.079 0.735489
0.08 0.737771
0.081 0.740071
0.082 0.742388
0.083 0.744722
0.084 0.747072
0.085 0.74944
0.086 0.751823
0.087 0.754223
0.088 0.756638
0.089 0.759069
0.09 0.761515
0.091 0.763977
0.092 0.766453
0.093 0.768944
0.094 0.771449
0.095 0.773968
0.096 0.776501
0.097 0.779049
0.098 0.781609
0.099 0.784183
0.1 0.78677
0.101 0.78937
0.102 0.791983
0.103 0.794609
0.104 0.797246
0.105 0.799896
0.106 0.802558
0.107 0.805232
0.108 0.807918
0.109 0.810615
0.11 0.813323
0.111 0.816043
0.112 0.818774
0.113 0.821515
0.114 0.824268
0.115 0.827031
0.116 0.829804
0.117 0.832588
0.118 0.835383
0.119 0.838187
0.12 0.841002
0.121 0.843826
0.122 0.84666
0.123 0.849504
0.124 0.852358
0.125 0.855221
0.126 0.858094
0.127 0.860976
0.128 0.863868
0.129 0.866769
0.13 0.869679
0.131 0.872599
0.132 0.875528
0.133 0.878465
0.134 0.881412
0.135 0.884368
0.136 0.887333
0.137 0.890307
0.138 0.89329
0.139 0.896283
0.14 0.899284
0.141 0.902294
0.142 0.905313
0.143 0.908341
0.144 0.911378
0.145 0.914424
0.146 0.917479
0.147 0.920544
0.148 0.923617
0.149 0.9267
0.15 0.929792
0.151 0.932893
0.152 0.936004
0.153 0.939123
0.154 0.942253
0.155 0.945392
0.156 0.94854
0.157 0.951698
0.158 0.954866
0.159 0.958043
0.16 0.96123
0.161 0.964428
0.162 0.967635
0.163 0.970852
0.164 0.97408
0.165 0.977318
0.166 0.980567
0.167 0.983826
0.168 0.987095
0.169 0.990376
0.17 0.993667
0.171 0.996969
0.172 1.00028
0.173 1.00361
0.174 1.00694
0.175 1.01029
0.176 1.01365
0.177 1.01702
0.178 1.0204
0.179 1.0238
0.18 1.0272
0.181 1.03062
0.182 1.03405
0.183 1.0375
0.184 1.04095
0.185 1.04442
0.186 1.0479
0.187 1.0514
0.188 1.05491
0.189 1.05843
0.19 1.06196
0.191 1.06551
0.192 1.06907
0.193 1.07265
0.194 1.07624
0.195 1.07985
0.196 1.08347
0.197 1.0871
0.198 1.09075
0.199 1.09441
0.2 1.09809
0.201 1.10178
0.202 1.10549
0.203 1.10922
0.204 1.11295
0.205 1.11671
0.206 1.12048
0.207 1.12427
0.208 1.12807
0.209 1.13189
0.21 1.13573
0.211 1.13958
0.212 1.14345
0.213 1.14733
0.214 1.15124
0.215 1.15516
0.216 1.15909
0.217 1.16305
0.218 1.16702
0.219 1.17101
0.22 1.17502
0.221 1.17904
0.222 1.18308
0.223 1.18714
0.224 1.19122
0.225 1.19532
0.226 1.19944
0.227 1.20357
0.228 1.20773
0.229 1.2119
0.23 1.21609
0.231 1.2203
0.232 1.22453
0.233 1.22878
0.234 1.23304
0.235 1.23733
0.236 1.24164
0.237 1.24596
0.238 1.25031
0.239 1.25467
0.24 1.25906
0.241 1.26346
0.242 1.26789
0.243 1.27233
0.244 1.2768
0.245 1.28128
0.246 1.28579
0.247 1.29031
0.248 1.29486
0.249 1.29943
0.25 1.30401
0.251 1.30862
0.252 1.31325
0.253 1.3179
0.254 1.32257
0.255 1.32726
0.256 1.33197
0.257 1.3367
0.258 1.34145
0.259 1.34622
0.26 1.35102
0.261 1.35583
0.262 1.36067
0.263 1.36552
0.264 1.3704
0.265 1.3753
0.266 1.38022
0.267 1.38516
0.268 1.39012
0.269 1.3951
0.27 1.4001
0.271 1.40512
0.272 1.41017
0.273 1.41523
0.274 1.42032
0.275 1.42543
0.276 1.43055
0.277 1.4357
0.278 1.44087
0.279 1.44606
0.28 1.45127
0.281 1.4565
0.282 1.46175
0.283 1.46702
0.284 1.47231
0.285 1.47762
0.286 1.48295
0.287 1.4883
0.288 1.49367
0.289 1.49906
0.29 1.50447
0.291 1.50991
0.292 1.51536
0.293 1.52083
0.294 1.52632
0.295 1.53182
0.296 1.53735
0.297 1.5429
0.298 1.54847
0.299 1.55405
0.3 1.55965
0.301 1.56528
0.302 1.57092
0.303 1.57658
0.304 1.58225
0.305 1.58795
0.306 1.59366
0.307 1.59939
0.308 1.60514
0.309 1.61091
0.31 1.61669
0.311 1.62249
0.312 1.62831
0.313 1.63415
0.314 1.64
0.315 1.64586
0.316 1.65175
0.317 1.65765
0.318 1.66356
0.319 1.66949
0.32 1.67544
0.321 1.6814
0.322 1.68737
0.323 1.69336
0.324 1.69937
0.325 1.70539
0.326 1.71142
0.327 1.71747
0.328 1.72353
0.329 1.7296
0.33 1.73569
0.331 1.74178
0.332 1.74789
0.333 1.75402
0.334 1.76015
0.335 1.7663
0.336 1.77245
0.337 1.77862
0.338 1.7848
0.339 1.79099
0.34 1.79719
0.341 1.80339
0.342 1.80961
0.343 1.81583
0.344 1.82207
0.345 1.82831
0.346 1.83456
0.347 1.84082
0.348 1.84708
0.349 1.85335
0.35 1.85962
0.351 1.86591
0.352 1.87219
0.353 1.87849
0.354 1.88478
0.355 1.89108
0.356 1.89739
0.357 1.90369
0.358 1.91
0.359 1.91631
0.36 1.92263
0.361 1.92894
0.362 1.93526
0.363 1.94157
0.364 1.94789
0.365 1.9542
0.366 1.96052
0.367 1.96683
0.368 1.97314
0.369 1.97944
0.37 1.98575
0.371 1.99205
0.372 1.99834
0.373 2.00463
0.374 2.01092
0.375 2.01719
0.376 2.02346
0.377 2.02973
0.378 2.03598
0.379 2.04223
0.38 2.04847
0.381 2.0547
0.382 2.06092
0.383 2.06713
0.384 2.07332
0.385 2.07951
0.386 2.08568
0.387 2.09184
0.388 2.09798
0.389 2.10411
0.39 2.11022
0.391 2.11632
0.392 2.1224
0.393 2.12847
0.394 2.13452
0.395 2.14055
0.396 2.14656
0.397 2.15255
0.398 2.15852
0.399 2.16447
0.4 2.1704
0.401 2.1763
0.402 2.18219
0.403 2.18805
0.404 2.19388
0.405 2.1997
0.406 2.20548
0.407 2.21125
0.408 2.21698
0.409 2.22269
0.41 2.22838
0.411 2.23403
0.412 2.23966
0.413 2.24526
0.414 2.25083
0.415 2.25637
0.416 2.26188
0.417 2.26737
0.418 2.27282
0.419 2.27824
0.42 2.28362
0.421 2.28898
0.422 2.29431
0.423 2.2996
0.424 2.30486
0.425 2.31008
0.426 2.31528
0.427 2.32044
0.428 2.32556
0.429 2.33066
0.43 2.33572
0.431 2.34074
0.432 2.34574
0.433 2.35069
0.434 2.35562
0.435 2.36051
0.436 2.36537
0.437 2.37019
0.438 2.37498
0.439 2.37973
0.44 2.38446
0.441 2.38915
0.442 2.3938
0.443 2.39843
0.444 2.40302
0.445 2.40758
0.446 2.41211
0.447 2.41661
0.448 2.42108
0.449 2.42552
0.45 2.42992
0.451 2.4343
0.452 2.43865
0.453 2.44298
0.454 2.44728
0.455 2.45155
0.456 2.45579
0.457 2.46001
0.458 2.46421
0.459 2.46838
0.46 2.47253
0.461 2.47666
0.462 2.48077
0.463 2.48486
0.464 2.48893
0.465 2.49299
0.466 2.49702
0.467 2.50105
0.468 2.50505
0.469 2.50905
0.47 2.51303
0.471 2.517
0.472 2.52096
0.473 2.52492
0.474 2.52886
0.475 2.5328
0.476 2.53674
0.477 2.54067
0.478 2.5446
0.479 2.54853
0.48 2.55246
0.481 2.55639
0.482 2.56032
0.483 2.56426
0.484 2.5682
0.485 2.57215
0.486 2.57611
0.487 2.58008
0.488 2.58406
0.489 2.58805
0.49 2.59206
0.491 2.59608
0.492 2.60012
0.493 2.60418
0.494 2.60826
0.495 2.61235
0.496 2.61647
0.497 2.62062
0.498 2.62479
0.499 2.62898
0.5 2.6332
0.501 2.63746
0.502 2.64174
0.503 2.64605
0.504 2.6504
0.505 2.65478
0.506 2.6592
0.507 2.66365
0.508 2.66815
0.509 2.67268
0.51 2.67725
0.511 2.68186
0.512 2.68652
0.513 2.69122
0.514 2.69597
0.515 2.70076
0.516 2.7056
0.517 2.71049
0.518 2.71543
0.519 2.72041
0.52 2.72545
0.521 2.73054
0.522 2.73569
0.523 2.74088
0.524 2.74613
0.525 2.75144
0.526 2.7568
0.527 2.76222
0.528 2.7677
0.529 2.77323
0.53 2.77883
0.531 2.78448
0.532 2.79019
0.533 2.79596
0.534 2.80179
0.535 2.80768
0.536 2.81364
0.537 2.81965
0.538 2.82573
0.539 2.83186
0.54 2.83806
0.541 2.84432
0.542 2.85065
0.543 2.85703
0.544 2.86348
0.545 2.86998
0.546 2.87655
0.547 2.88318
0.548 2.88987
0.549 2.89663
0.55 2.90344
0.551 2.91031
0.552 2.91725
0.553 2.92424
0.554 2.93129
0.555 2.9384
0.556 2.94557
0.557 2.9528
0.558 2.96008
0.559 2.96742
0.56 2.97481
0.561 2.98226
0.562 2.98976
0.563 2.99732
0.564 3.00493
0.565 3.01259
0.566 3.0203
0.567 3.02806
0.568 3.03587
0.569 3.04373
0.57 3.05164
0.571 3.05959
0.572 3.06759
0.573 3.07563
0.574 3.08371
0.575 3.09184
0.576 3.10001
0.577 3.10822
0.578 3.11647
0.579 3.12476
0.58 3.13308
0.581 3.14144
0.582 3.14984
0.583 3.15827
0.584 3.16673
0.585 3.17523
0.586 3.18375
0.587 3.19231
0.588 3.20089
0.589 3.2095
0.59 3.21814
0.591 3.22681
0.592 3.2355
0.593 3.24421
0.594 3.25294
0.595 3.2617
0.596 3.27048
0.597 3.27928
0.598 3.28809
0.599 3.29693
0.6 3.30578
0.601 3.31464
0.602 3.32353
0.603 3.33242
0.604 3.34133
0.605 3.35025
0.606 3.35919
0.607 3.36813
0.608 3.37709
0.609 3.38605
0.61 3.39503
0.611 3.40401
0.612 3.413
0.613 3.42199
0.614 3.43099
0.615 3.44
0.616 3.44901
0.617 3.45803
0.618 3.46705
0.619 3.47607
0.62 3.4851
0.621 3.49413
0.622 3.50316
0.623 3.51219
0.624 3.52122
0.625 3.53025
0.626 3.53929
0.627 3.54832
0.628 3.55735
0.629 3.56638
0.63 3.57542
0.631 3.58444
0.632 3.59347
0.633 3.6025
0.634 3.61152
0.635 3.62054
0.636 3.62956
0.637 3.63858
0.638 3.64759
0.639 3.65661
0.64 3.66561
0.641 3.67462
0.642 3.68362
0.643 3.69262
0.644 3.70162
0.645 3.71061
0.646 3.71961
0.647 3.72859
0.648 3.73758
0.649 3.74656
0.65 3.75554
0.651 3.76452
0.652 3.77349
0.653 3.78247
0.654 3.79144
0.655 3.8004
0.656 3.80937
0.657 3.81833
0.658 3.8273
0.659 3.83626
0.66 3.84521
0.661 3.85417
0.662 3.86313
0.663 3.87208
0.664 3.88104
0.665 3.88999
0.666 3.89895
0.667 3.9079
0.668 3.91686
0.669 3.92581
0.67 3.93477
0.671 3.94373
0.672 3.95269
0.673 3.96165
0.674 3.97061
0.675 3.97957
0.676 3.98854
0.677 3.99751
0.678 4.00648
0.679 4.01545
0.68 4.02443
0.681 4.03341
0.682 4.0424
0.683 4.05139
0.684 4.06038
0.685 4.06938
0.686 4.07838
0.687 4.08739
0.688 4.0964
0.689 4.10542
0.69 4.11445
0.691 4.12348
0.692 4.13252
0.693 4.14156
0.694 4.15061
0.695 4.15967
0.696 4.16874
0.697 4.17781
0.698 4.18689
0.699 4.19598
0.7 4.20508
0.701 4.21418
0.702 4.2233
0.703 4.23242
0.704 4.24155
0.705 4.25069
0.706 4.25984
0.707 4.269
0.708 4.27817
0.709 4.28735
0.71 4.29653
0.711 4.30573
0.712 4.31494
0.713 4.32416
0.714 4.33338
0.715 4.34262
0.716 4.35187
0.717 4.36113
0.718 4.37039
0.719 4.37967
0.72 4.38896
0.721 4.39826
0.722 4.40757
0.723 4.41689
0.724 4.42622
0.725 4.43556
0.726 4.44491
0.727 4.45427
0.728 4.46364
0.729 4.47303
0.73 4.48242
0.731 4.49182
0.732 4.50123
0.733 4.51065
0.734 4.52008
0.735 4.52952
0.736 4.53896
0.737 4.54842
0.738 4.55789
0.739 4.56736
0.74 4.57684
0.741 4.58633
0.742 4.59583
0.743 4.60534
0.744 4.61485
0.745 4.62437
0.746 4.6339
0.747 4.64343
0.748 4.65297
0.749 4.66251
0.75 4.67206
0.751 4.68162
0.752 4.69117
0.753 4.70074
0.754 4.7103
0.755 4.71987
0.756 4.72944
0.757 4.73902
0.758 4.74859
0.759 4.75817
0.76 4.76775
0.761 4.77733
0.762 4.7869
0.763 4.79648
0.764 4.80605
0.765 4.81563
0.766 4.8252
0.767 4.83476
0.768 4.84432
0.769 4.85388
0.77 4.86343
0.771 4.87298
0.772 4.88252
0.773 4.89205
0.774 4.90157
0.775 4.91108
0.776 4.92059
0.777 4.93008
0.778 4.93956
0.779 4.94903
0.78 4.95849
0.781 4.96793
0.782 4.97736
0.783 4.98677
0.784 4.99616
0.785 5.00554
0.786 5.0149
0.787 5.02423
0.788 5.03355
0.789 5.04285
0.79 5.05212
0.791 5.06137
0.792 5.0706
0.793 5.0798
0.794 5.08897
0.795 5.09812
0.796 5.10724
0.797 5.11633
0.798 5.12539
0.799 5.13441
0.8 5.14341
0.801 5.15236
0.802 5.16129
0.803 5.17018
0.804 5.17903
0.805 5.18784
0.806 5.19661
0.807 5.20534
0.808 5.21403
0.809 5.22268
0.81 5.23128
0.811 5.23984
0.812 5.24835
0.813 5.25681
0.814 5.26522
0.815 5.27359
0.816 5.2819
0.817 5.29016
0.818 5.29837
0.819 5.30652
0.82 5.31462
0.821 5.32266
0.822 5.33065
0.823 5.33857
0.824 5.34643
0.825 5.35424
0.826 5.36198
0.827 5.36966
0.828 5.37727
0.829 5.38482
0.83 5.39231
0.831 5.39972
0.832 5.40707
0.833 5.41435
0.834 5.42157
0.835 5.42871
0.836 5.43578
0.837 5.44277
0.838 5.4497
0.839 5.45655
0.84 5.46332
0.841 5.47003
0.842 5.47665
0.843 5.4832
0.844 5.48967
0.845 5.49607
0.846 5.50239
0.847 5.50863
0.848 5.51479
0.849 5.52087
0.85 5.52687
0.851 5.53279
0.852 5.53863
0.853 5.54439
0.854 5.55007
0.855 5.55567
0.856 5.56119
0.857 5.56663
0.858 5.57198
0.859 5.57726
0.86 5.58245
0.861 5.58756
0.862 5.59259
0.863 5.59754
0.864 5.60241
0.865 5.6072
0.866 5.6119
0.867 5.61653
0.868 5.62107
0.869 5.62554
0.87 5.62993
0.871 5.63424
0.872 5.63846
0.873 5.64262
0.874 5.64669
0.875 5.65069
0.876 5.65461
0.877 5.65845
0.878 5.66222
0.879 5.66591
0.88 5.66953
0.881 5.67307
0.882 5.67655
0.883 5.67995
0.884 5.68327
0.885 5.68653
0.886 5.68972
0.887 5.69284
0.888 5.69589
0.889 5.69887
0.89 5.70178
0.891 5.70463
0.892 5.70742
0.893 5.71013
0.894 5.71279
0.895 5.71538
0.896 5.71791
0.897 5.72038
0.898 5.72279
0.899 5.72514
0.9 5.72743
0.901 5.72966
0.902 5.73184
0.903 5.73396
0.904 5.73603
0.905 5.73804
0.906 5.74
0.907 5.7419
0.908 5.74376
0.909 5.74556
0.91 5.74731
0.911 5.74902
0.912 5.75067
0.913 5.75228
0.914 5.75384
0.915 5.75536
0.916 5.75683
0.917 5.75826
0.918 5.75964
0.919 5.76098
0.92 5.76228
0.921 5.76354
0.922 5.76475
0.923 5.76593
0.924 5.76707
0.925 5.76817
0.926 5.76923
0.927 5.77025
0.928 5.77124
0.929 5.77219
0.93 5.77311
0.931 5.774
0.932 5.77484
0.933 5.77566
0.934 5.77644
0.935 5.7772
0.936 5.77792
0.937 5.77861
0.938 5.77927
0.939 5.7799
0.94 5.7805
0.941 5.78107
0.942 5.78161
0.943 5.78213
0.944 5.78262
0.945 5.78308
0.946 5.78351
0.947 5.78392
0.948 5.78431
0.949 5.78467
0.95 5.785
0.951 5.78531
0.952 5.7856
0.953 5.78587
0.954 5.78611
0.955 5.78633
0.956 5.78652
0.957 5.7867
0.958 5.78685
0.959 5.78699
0.96 5.7871
0.961 5.78719
0.962 5.78726
0.963 5.78731
0.964 5.78735
0.965 5.78736
0.966 5.78736
0.967 5.78733
0.968 5.78729
0.969 5.78723
0.97 5.78716
0.971 5.78706
0.972 5.78695
0.973 5.78682
0.974 5.78668
0.975 5.78652
0.976 5.78634
0.977 5.78615
0.978 5.78594
0.979 5.78572
0.98 5.78548
0.981 5.78523
0.982 5.78496
0.983 5.78468
0.984 5.78438
0.985 5.78407
0.986 5.78375
0.987 5.78341
0.988 5.78306
0.989 5.7827
0.99 5.78232
0.991 5.78193
0.992 5.78153
0.993 5.78112
0.994 5.78069
0.995 5.78026
0.996 5.77981
0.997 5.77935
0.998 5.77888
0.999 5.77839
1 5.7779
1.001 0
