0 0
0.001 0.452333
0.002 0.460747
0.003 0.469178
0.004 0.477623
0.005 0.486082
0.006 0.494554
0.007 0.503038
0.008 0.511533
0.009 0.520039
0.01 0.528554
0.011 0.537078
0.012 0.545609
0.013 0.554146
0.014 0.562689
0.015 0.571237
0.016 0.579789
0.017 0.588343
0.018 0.596899
0.019 0.605455
0.02 0.614012
0.021 0.622567
0.022 0.63112
0.023 0.63967
0.024 0.648215
0.025 0.656756
0.026 0.66529
0.027 0.673817
0.028 0.682335
0.029 0.690845
0.03 0.699344
0.031 0.707832
0.032 0.716309
0.033 0.724772
0.034 0.73322
0.035 0.741654
0.036 0.750072
0.037 0.758473
0.038 0.766856
0.039 0.775221
0.04 0.783565
0.041 0.791889
0.042 0.800192
0.043 0.808472
0.044 0.81673
0.045 0.824963
0.046 0.833171
0.047 0.841353
0.048 0.849509
0.049 0.857638
0.05 0.865739
0.051 0.873811
0.052 0.881853
0.053 0.889866
0.054 0.897847
0.055 0.905797
0.056 0.913714
0.057 0.921599
0.058 0.92945
0.059 0.937267
0.06 0.94505
0.061 0.952797
0.062 0.960509
0.063 0.968185
0.064 0.975824
0.065 0.983426
0.066 0.99099
0.067 0.998517
0.068 1.006
0.069 1.01345
0.07 1.02086
0.071 1.02824
0.072 1.03557
0.073 1.04286
0.074 1.05011
0.075 1.05732
0.076 1.06449
0.077 1.07162
0.078 1.07871
0.079 1.08576
0.08 1.09277
0.081 1.09973
0.082 1.10666
0.083 1.11354
0.084 1.12038
0.085 1.12718
0.086 1.13394
0.087 1.14066
0.088 1.14733
0.089 1.15397
0.09 1.16056
0.091 1.16712
0.092 1.17363
0.093 1.1801
0.094 1.18653
0.095 1.19292
0.096 1.19927
0.097 1.20558
0.098 1.21185
0.099 1.21808
0.1 1.22427
0.101 1.23042
0.102 1.23654
0.103 1.24261
0.104 1.24865
0.105 1.25464
0.106 1.2606
0.107 1.26653
0.108 1.27241
0.109 1.27826
0.11 1.28407
0.111 1.28985
0.112 1.29559
0.113 1.3013
0.114 1.30697
0.115 1.31261
0.116 1.31821
0.117 1.32378
0.118 1.32931
0.119 1.33481
0.12 1.34028
0.121 1.34572
0.122 1.35112
0.123 1.3565
0.124 1.36184
0.125 1.36715
0.126 1.37243
0.127 1.37769
0.128 1.38291
0.129 1.3881
0.13 1.39327
0.131 1.39841
0.132 1.40352
0.133 1.4086
0.134 1.41365
0.135 1.41868
0.136 1.42369
0.137 1.42866
0.138 1.43361
0.139 1.43854
0.14 1.44344
0.141 1.44832
0.142 1.45318
0.143 1.45801
0.144 1.46282
0.145 1.46761
0.146 1.47237
0.147 1.47711
0.148 1.48183
0.149 1.48653
0.15 1.49121
0.151 1.49587
0.152 1.50051
0.153 1.50513
0.154 1.50973
0.155 1.51432
0.156 1.51888
0.157 1.52343
0.158 1.52796
0.159 1.53247
0.16 1.53696
0.161 1.54144
0.162 1.5459
0.163 1.55034
0.164 1.55477
0.165 1.55918
0.166 1.56358
0.167 1.56797
0.168 1.57234
0.169 1.57669
0.17 1.58103
0.171 1.58536
0.172 1.58967
0.173 1.59397
0.174 1.59826
0.175 1.60254
0.176 1.6068
0.177 1.61105
0.178 1.61529
0.179 1.61952
0.18 1.62374
0.181 1.62794
0.182 1.63214
0.183 1.63632
0.184 1.6405
0.185 1.64466
0.186 1.64882
0.187 1.65297
0.188 1.6571
0.189 1.66123
0.19 1.66535
0.191 1.66946
0.192 1.67356
0.193 1.67766
0.194 1.68175
0.195 1.68582
0.196 1.6899
0.197 1.69396
0.198 1.69802
0.199 1.70207
0.2 1.70611
0.201 1.71015
0.202 1.71418
0.203 1.71821
0.204 1.72222
0.205 1.72624
0.206 1.73025
0.207 1.73425
0.208 1.73825
0.209 1.74224
0.21 1.74623
0.211 1.75021
0.212 1.75419
0.213 1.75817
0.214 1.76214
0.215 1.7661
0.216 1.77007
0.217 1.77403
0.218 1.77798
0.219 1.78193
0.22 1.78588
0.221 1.78983
0.222 1.79377
0.223 1.79771
0.224 1.80165
0.225 1.80559
0.226 1.80952
0.227 1.81345
0.228 1.81738
0.229 1.82131
0.23 1.82524
0.231 1.82916
0.232 1.83308
0.233 1.83701
0.234 1.84093
0.235 1.84485
0.236 1.84876
0.237 1.85268
0.238 1.8566
0.239 1.86051
0.24 1.86443
0.241 1.86834
0.242 1.87226
0.243 1.87617
0.244 1.88009
0.245 1.884
0.246 1.88792
0.247 1.89183
0.248 1.89575
0.249 1.89966
0.25 1.90358
0.251 1.9075
0.252 1.91142
0.253 1.91533
0.254 1.91925
0.255 1.92317
0.256 1.9271
0.257 1.93102
0.258 1.93494
0.259 1.93887
0.26 1.9428
0.261 1.94673
0.262 1.95066
0.263 1.95459
0.264 1.95852
0.265 1.96246
0.266 1.9664
0.267 1.97034
0.268 1.97428
0.269 1.97823
0.27 1.98217
0.271 1.98612
0.272 1.99008
0.273 1.99403
0.274 1.99799
0.275 2.00195
0.276 2.00591
0.277 2.00988
0.278 2.01384
0.279 2.01781
0.28 2.02179
0.281 2.02577
0.282 2.02975
0.283 2.03373
0.284 2.03772
0.285 2.04171
0.286 2.0457
0.287 2.0497
0.288 2.0537
0.289 2.0577
0.29 2.06171
0.291 2.06572
0.292 2.06973
0.293 2.07375
0.294 2.07777
0.295 2.0818
0.296 2.08583
0.297 2.08986
0.298 2.0939
0.299 2.09794
0.3 2.10199
0.301 2.10604
0.302 2.11009
0.303 2.11415
0.304 2.11822
0.305 2.12228
0.306 2.12636
0.307 2.13043
0.308 2.13451
0.309 2.1386
0.31 2.14269
0.311 2.14678
0.312 2.15088
0.313 2.15498
0.314 2.15909
0.315 2.1632
0.316 2.16732
0.317 2.17144
0.318 2.17557
0.319 2.1797
0.32 2.18384
0.321 2.18798
0.322 2.19213
0.323 2.19628
0.324 2.20044
0.325 2.2046
0.326 2.20877
0.327 2.21294
0.328 2.21712
0.329 2.2213
0.33 2.22549
0.331 2.22968
0.332 2.23388
0.333 2.23809
0.334 2.2423
0.335 2.24651
0.336 2.25074
0.337 2.25496
0.338 2.25919
0.339 2.26343
0.34 2.26768
0.341 2.27193
0.342 2.27618
0.343 2.28044
0.344 2.28471
0.345 2.28898
0.346 2.29326
0.347 2.29754
0.348 2.30184
0.349 2.30613
0.35 2.31044
0.351 2.31474
0.352 2.31906
0.353 2.32338
0.354 2.32771
0.355 2.33204
0.356 2.33638
0.357 2.34073
0.358 2.34508
0.359 2.34944
0.36 2.35381
0.361 2.35818
0.362 2.36256
0.363 2.36694
0.364 2.37134
0.365 2.37573
0.366 2.38014
0.367 2.38455
0.368 2.38897
0.369 2.3934
0.37 2.39783
0.371 2.40227
0.372 2.40672
0.373 2.41118
0.374 2.41564
0.375 2.42011
0.376 2.42458
0.377 2.42907
0.378 2.43356
0.379 2.43806
0.38 2.44256
0.381 2.44708
0.382 2.4516
0.383 2.45613
0.384 2.46067
0.385 2.46521
0.386 2.46976
0.387 2.47432
0.388 2.47889
0.389 2.48347
0.39 2.48805
0.391 2.49265
0.392 2.49725
0.393 2.50186
0.394 2.50648
0.395 2.51111
0.396 2.51574
0.397 2.52039
0.398 2.52504
0.399 2.5297
0.4 2.53437
0.401 2.53905
0.402 2.54374
0.403 2.54844
0.404 2.55315
0.405 2.55786
0.406 2.56259
0.407 2.56732
0.408 2.57207
0.409 2.57682
0.41 2.58159
0.411 2.58636
0.412 2.59115
0.413 2.59594
0.414 2.60075
0.415 2.60556
0.416 2.61039
0.417 2.61522
0.418 2.62007
0.419 2.62492
0.42 2.62979
0.421 2.63467
0.422 2.63956
0.423 2.64446
0.424 2.64937
0.425 2.65429
0.426 2.65923
0.427 2.66417
0.428 2.66913
0.429 2.6741
0.43 2.67908
0.431 2.68407
0.432 2.68908
0.433 2.69409
0.434 2.69912
0.435 2.70416
0.436 2.70922
0.437 2.71428
0.438 2.71936
0.439 2.72446
0.44 2.72956
0.441 2.73468
0.442 2.73981
0.443 2.74496
0.444 2.75012
0.445 2.75529
0.446 2.76048
0.447 2.76568
0.448 2.77089
0.449 2.77612
0.45 2.78136
0.451 2.78662
0.452 2.7919
0.453 2.79718
0.454 2.80249
0.455 2.8078
0.456 2.81314
0.457 2.81849
0.458 2.82385
0.459 2.82923
0.46 2.83463
0.461 2.84004
0.462 2.84547
0.463 2.85092
0.464 2.85638
0.465 2.86186
0.466 2.86735
0.467 2.87287
0.468 2.8784
0.469 2.88395
0.47 2.88951
0.471 2.8951
0.472 2.9007
0.473 2.90632
0.474 2.91196
0.475 2.91761
0.476 2.92329
0.477 2.92898
0.478 2.9347
0.479 2.94043
0.48 2.94619
0.481 2.95196
0.482 2.95775
0.483 2.96357
0.484 2.9694
0.485 2.97525
0.486 2.98113
0.487 2.98702
0.488 2.99294
0.489 2.99888
0.49 3.00484
0.491 3.01082
0.492 3.01683
0.493 3.02285
0.494 3.0289
0.495 3.03497
0.496 3.04107
0.497 3.04719
0.498 3.05333
0.499 3.05949
0.5 3.06568
0.501 3.0719
0.502 3.07813
0.503 3.08439
0.504 3.09068
0.505 3.09699
0.506 3.10333
0.507 3.10969
0.508 3.11608
0.509 3.1225
0.51 3.12894
0.511 3.13541
0.512 3.1419
0.513 3.14842
0.514 3.15497
0.515 3.16155
0.516 3.16815
0.517 3.17479
0.518 3.18145
0.519 3.18814
0.52 3.19486
0.521 3.2016
0.522 3.20838
0.523 3.21519
0.524 3.22203
0.525 3.22889
0.526 3.23579
0.527 3.24272
0.528 3.24968
0.529 3.25667
0.53 3.2637
0.531 3.27075
0.532 3.27784
0.533 3.28496
0.534 3.29211
0.535 3.2993
0.536 3.30652
0.537 3.31378
0.538 3.32106
0.539 3.32839
0.54 3.33574
0.541 3.34314
0.542 3.35056
0.543 3.35803
0.544 3.36553
0.545 3.37306
0.546 3.38064
0.547 3.38825
0.548 3.39589
0.549 3.40358
0.55 3.4113
0.551 3.41906
0.552 3.42686
0.553 3.4347
0.554 3.44257
0.555 3.45049
0.556 3.45845
0.557 3.46644
0.558 3.47448
0.559 3.48256
0.56 3.49068
0.561 3.49884
0.562 3.50704
0.563 3.51529
0.564 3.52357
0.565 3.5319
0.566 3.54028
0.567 3.5487
0.568 3.55716
0.569 3.56566
0.57 3.57421
0.571 3.58281
0.572 3.59145
0.573 3.60013
0.574 3.60887
0.575 3.61764
0.576 3.62647
0.577 3.63534
0.578 3.64426
0.579 3.65323
0.58 3.66224
0.581 3.67131
0.582 3.68042
0.583 3.68958
0.584 3.69879
0.585 3.70805
0.586 3.71736
0.587 3.72672
0.588 3.73613
0.589 3.7456
0.59 3.75511
0.591 3.76468
0.592 3.7743
0.593 3.78397
0.594 3.79369
0.595 3.80347
0.596 3.8133
0.597 3.82319
0.598 3.83313
0.599 3.84312
0.6 3.85317
0.601 3.86327
0.602 3.87343
0.603 3.88364
0.604 3.89392
0.605 3.90424
0.606 3.91463
0.607 3.92507
0.608 3.93557
0.609 3.94612
0.61 3.95674
0.611 3.96741
0.612 3.97814
0.613 3.98893
0.614 3.99978
0.615 4.01069
0.616 4.02165
0.617 4.03268
0.618 4.04377
0.619 4.05492
0.62 4.06613
0.621 4.0774
0.622 4.08873
0.623 4.10012
0.624 4.11157
0.625 4.12309
0.626 4.13467
0.627 4.14631
0.628 4.15801
0.629 4.16977
0.63 4.1816
0.631 4.19349
0.632 4.20545
0.633 4.21747
0.634 4.22955
0.635 4.24169
0.636 4.2539
0.637 4.26617
0.638 4.27851
0.639 4.29091
0.64 4.30337
0.641 4.3159
0.642 4.3285
0.643 4.34116
0.644 4.35388
0.645 4.36666
0.646 4.37952
0.647 4.39243
0.648 4.40541
0.649 4.41846
0.65 4.43157
0.651 4.44474
0.652 4.45798
0.653 4.47129
0.654 4.48466
0.655 4.49809
0.656 4.51159
0.657 4.52515
0.658 4.53877
0.659 4.55246
0.66 4.56621
0.661 4.58003
0.662 4.59391
0.663 4.60785
0.664 4.62186
0.665 4.63593
0.666 4.65006
0.667 4.66426
0.668 4.67851
0.669 4.69283
0.67 4.70721
0.671 4.72165
0.672 4.73615
0.673 4.75071
0.674 4.76533
0.675 4.78001
0.676 4.79475
0.677 4.80955
0.678 4.82441
0.679 4.83933
0.68 4.8543
0.681 4.86933
0.682 4.88441
0.683 4.89956
0.684 4.91475
0.685 4.93
0.686 4.94531
0.687 4.96067
0.688 4.97608
0.689 4.99154
0.69 5.00706
0.691 5.02262
0.692 5.03824
0.693 5.0539
0.694 5.06962
0.695 5.08538
0.696 5.10118
0.697 5.11704
0.698 5.13294
0.699 5.14888
0.7 5.16487
0.701 5.1809
0.702 5.19697
0.703 5.21308
0.704 5.22923
0.705 5.24542
0.706 5.26164
0.707 5.27791
0.708 5.29421
0.709 5.31054
0.71 5.32691
0.711 5.34331
0.712 5.35974
0.713 5.3762
0.714 5.39269
0.715 5.40921
0.716 5.42575
0.717 5.44232
0.718 5.45891
0.719 5.47553
0.72 5.49216
0.721 5.50882
0.722 5.5255
0.723 5.54219
0.724 5.5589
0.725 5.57563
0.726 5.59237
0.727 5.60912
0.728 5.62588
0.729 5.64265
0.73 5.65943
0.731 5.67622
0.732 5.69301
0.733 5.7098
0.734 5.7266
0.735 5.7434
0.736 5.7602
0.737 5.77699
0.738 5.79378
0.739 5.81057
0.74 5.82735
0.741 5.84412
0.742 5.86088
0.743 5.87763
0.744 5.89437
0.745 5.91109
0.746 5.9278
0.747 5.94448
0.748 5.96115
0.749 5.9778
0.75 5.99443
0.751 6.01103
0.752 6.02761
0.753 6.04416
0.754 6.06068
0.755 6.07717
0.756 6.09363
0.757 6.11006
0.758 6.12645
0.759 6.1428
0.76 6.15912
0.761 6.17539
0.762 6.19163
0.763 6.20782
0.764 6.22397
0.765 6.24007
0.766 6.25613
0.767 6.27213
0.768 6.28809
0.769 6.30399
0.77 6.31984
0.771 6.33564
0.772 6.35137
0.773 6.36705
0.774 6.38267
0.775 6.39823
0.776 6.41373
0.777 6.42916
0.778 6.44453
0.779 6.45983
0.78 6.47507
0.781 6.49023
0.782 6.50532
0.783 6.52034
0.784 6.53529
0.785 6.55016
0.786 6.56496
0.787 6.57968
0.788 6.59432
0.789 6.60888
0.79 6.62336
0.791 6.63776
0.792 6.65207
0.793 6.6663
0.794 6.68044
0.795 6.6945
0.796 6.70847
0.797 6.72235
0.798 6.73614
0.799 6.74983
0.8 6.76344
0.801 6.77695
0.802 6.79037
0.803 6.80369
0.804 6.81692
0.805 6.83005
0.806 6.84308
0.807 6.85602
0.808 6.86885
0.809 6.88159
0.81 6.89422
0.811 6.90675
0.812 6.91918
0.813 6.93151
0.814 6.94373
0.815 6.95585
0.816 6.96786
0.817 6.97977
0.818 6.99157
0.819 7.00327
0.82 7.01486
0.821 7.02634
0.822 7.03771
0.823 7.04898
0.824 7.06013
0.825 7.07118
0.826 7.08212
0.827 7.09294
0.828 7.10366
0.829 7.11427
0.83 7.12476
0.831 7.13515
0.832 7.14543
0.833 7.15559
0.834 7.16564
0.835 7.17558
0.836 7.18542
0.837 7.19513
0.838 7.20474
0.839 7.21424
0.84 7.22363
0.841 7.2329
0.842 7.24206
0.843 7.25112
0.844 7.26006
0.845 7.26889
0.846 7.27761
0.847 7.28623
0.848 7.29473
0.849 7.30312
0.85 7.3114
0.851 7.31958
0.852 7.32764
0.853 7.3356
0.854 7.34345
0.855 7.35119
0.856 7.35882
0.857 7.36635
0.858 7.37377
0.859 7.38109
0.86 7.3883
0.861 7.3954
0.862 7.40241
0.863 7.40931
0.864 7.4161
0.865 7.42279
0.866 7.42939
0.867 7.43588
0.868 7.44227
0.869 7.44856
0.87 7.45475
0.871 7.46084
0.872 7.46683
0.873 7.47273
0.874 7.47853
0.875 7.48424
0.876 7.48985
0.877 7.49537
0.878 7.50079
0.879 7.50612
0.88 7.51136
0.881 7.51651
0.882 7.52156
0.883 7.52653
0.884 7.53141
0.885 7.5362
0.886 7.54091
0.887 7.54552
0.888 7.55006
0.889 7.55451
0.89 7.55887
0.891 7.56315
0.892 7.56736
0.893 7.57148
0.894 7.57552
0.895 7.57948
0.896 7.58336
0.897 7.58716
0.898 7.59089
0.899 7.59454
0.9 7.59812
0.901 7.60162
0.902 7.60505
0.903 7.60841
0.904 7.6117
0.905 7.61492
0.906 7.61806
0.907 7.62114
0.908 7.62415
0.909 7.62709
0.91 7.62997
0.911 7.63278
0.912 7.63553
0.913 7.63821
0.914 7.64084
0.915 7.6434
0.916 7.64589
0.917 7.64833
0.918 7.65071
0.919 7.65303
0.92 7.6553
0.921 7.6575
0.922 7.65965
0.923 7.66175
0.924 7.66379
0.925 7.66578
0.926 7.66771
0.927 7.66959
0.928 7.67142
0.929 7.67321
0.93 7.67494
0.931 7.67662
0.932 7.67825
0.933 7.67984
0.934 7.68138
0.935 7.68288
0.936 7.68433
0.937 7.68573
0.938 7.68709
0.939 7.68841
0.94 7.68969
0.941 7.69092
0.942 7.69211
0.943 7.69327
0.944 7.69438
0.945 7.69545
0.946 7.69649
0.947 7.69749
0.948 7.69845
0.949 7.69938
0.95 7.70027
0.951 7.70112
0.952 7.70194
0.953 7.70273
0.954 7.70348
0.955 7.7042
0.956 7.70489
0.957 7.70554
0.958 7.70617
0.959 7.70676
0.96 7.70733
0.961 7.70787
0.962 7.70837
0.963 7.70885
0.964 7.7093
0.965 7.70973
0.966 7.71012
0.967 7.71049
0.968 7.71084
0.969 7.71116
0.97 7.71145
0.971 7.71172
0.972 7.71197
0.973 7.71219
0.974 7.71239
0.975 7.71257
0.976 7.71272
0.977 7.71286
0.978 7.71297
0.979 7.71306
0.98 7.71313
0.981 7.71319
0.982 7.71322
0.983 7.71323
0.984 7.71322
0.985 7.7132
0.986 7.71315
0.987 7.71309
0.988 7.71301
0.989 7.71292
0.99 7.71281
0.991 7.71268
0.992 7.71253
0.993 7.71237
0.994 7.7122
0.995 7.71201
0.996 7.7118
0.997 7.71158
0.998 7.71135
0.999 7.7111
1 7.71084
1.001 0
