0 5
0.001 3.22205
0.002 3.21755
0.003 3.21305
0.004 3.20854
0.005 3.20404
0.006 3.19954
0.007 3.19504
0.008 3.19054
0.009 3.18604
0.01 3.18155
0.011 3.17706
0.012 3.17258
0.013 3.1681
0.014 3.16363
0.015 3.15916
0.016 3.1547
0.017 3.15025
0.018 3.14581
0.019 3.14138
0.02 3.13696
0.021 3.13255
0.022 3.12815
0.023 3.12377
0.024 3.11939
0.025 3.11504
0.026 3.11069
0.027 3.10636
0.028 3.10205
0.029 3.09776
0.03 3.09348
0.031 3.08922
0.032 3.08498
0.033 3.08076
0.034 3.07656
0.035 3.07239
0.036 3.06823
0.037 3.0641
0.038 3.05999
0.039 3.05591
0.04 3.05185
0.041 3.04781
0.042 3.0438
0.043 3.03982
0.044 3.03587
0.045 3.03195
0.046 3.02805
0.047 3.02419
0.048 3.02035
0.049 3.01655
0.05 3.01277
0.051 3.00903
0.052 3.00533
0.053 3.00165
0.054 2.99801
0.055 2.99441
0.056 2.99084
0.057 2.9873
0.058 2.9838
0.059 2.98034
0.06 2.97692
0.061 2.97353
0.062 2.97018
0.063 2.96688
0.064 2.96361
0.065 2.96037
0.066 2.95718
0.067 2.95403
0.068 2.95092
0.069 2.94786
0.07 2.94483
0.071 2.94184
0.072 2.9389
0.073 2.936
0.074 2.93314
0.075 2.93033
0.076 2.92756
0.077 2.92483
0.078 2.92215
0.079 2.91951
0.08 2.91691
0.081 2.91436
0.082 2.91185
0.083 2.90939
0.084 2.90697
0.085 2.9046
0.086 2.90227
0.087 2.89999
0.088 2.89775
0.089 2.89556
0.09 2.89341
0.091 2.89131
0.092 2.88925
0.093 2.88724
0.094 2.88527
0.095 2.88335
0.096 2.88147
0.097 2.87964
0.098 2.87785
0.099 2.87611
0.1 2.87441
0.101 2.87276
0.102 2.87115
0.103 2.86958
0.104 2.86806
0.105 2.86658
0.106 2.86515
0.107 2.86375
0.108 2.86241
0.109 2.8611
0.11 2.85984
0.111 2.85862
0.112 2.85744
0.113 2.8563
0.114 2.8552
0.115 2.85415
0.116 2.85314
0.117 2.85216
0.118 2.85123
0.119 2.85034
0.12 2.84948
0.121 2.84867
0.122 2.8479
0.123 2.84716
0.124 2.84646
0.125 2.8458
0.126 2.84518
0.127 2.84459
0.128 2.84404
0.129 2.84353
0.13 2.84305
0.131 2.84261
0.132 2.8422
0.133 2.84183
0.134 2.84149
0.135 2.84119
0.136 2.84091
0.137 2.84068
0.138 2.84047
0.139 2.8403
0.14 2.84016
0.141 2.84004
0.142 2.83996
0.143 2.83991
0.144 2.8399
0.145 2.83991
0.146 2.83994
0.147 2.84001
0.148 2.84011
0.149 2.84023
0.15 2.84038
0.151 2.84056
0.152 2.84077
0.153 2.841
0.154 2.84125
0.155 2.84153
0.156 2.84184
0.157 2.84217
0.158 2.84253
0.159 2.8429
0.16 2.84331
0.161 2.84373
0.162 2.84418
0.163 2.84465
0.164 2.84514
0.165 2.84565
0.166 2.84618
0.167 2.84673
0.168 2.8473
0.169 2.8479
0.17 2.84851
0.171 2.84914
0.172 2.84978
0.173 2.85045
0.174 2.85114
0.175 2.85184
0.176 2.85256
0.177 2.85329
0.178 2.85404
0.179 2.85481
0.18 2.85559
0.181 2.85639
0.182 2.8572
0.183 2.85803
0.184 2.85887
0.185 2.85973
0.186 2.8606
0.187 2.86148
0.188 2.86238
0.189 2.86329
0.19 2.86421
0.191 2.86515
0.192 2.86609
0.193 2.86705
0.194 2.86802
0.195 2.869
0.196 2.86999
0.197 2.87099
0.198 2.872
0.199 2.87302
0.2 2.87405
0.201 2.87509
0.202 2.87614
0.203 2.8772
0.204 2.87827
0.205 2.87935
0.206 2.88043
0.207 2.88152
0.208 2.88262
0.209 2.88373
0.21 2.88485
0.211 2.88597
0.212 2.8871
0.213 2.88824
0.214 2.88938
0.215 2.89053
0.216 2.89169
0.217 2.89285
0.218 2.89402
0.219 2.89519
0.22 2.89637
0.221 2.89755
0.222 2.89874
0.223 2.89994
0.224 2.90114
0.225 2.90234
0.226 2.90355
0.227 2.90477
0.228 2.90598
0.229 2.90721
0.23 2.90843
0.231 2.90966
0.232 2.91089
0.233 2.91213
0.234 2.91337
0.235 2.91461
0.236 2.91586
0.237 2.91711
0.238 2.91836
0.239 2.91961
0.24 2.92087
0.241 2.92213
0.242 2.92339
0.243 2.92466
0.244 2.92592
0.245 2.92719
0.246 2.92846
0.247 2.92974
0.248 2.93101
0.249 2.93229
0.25 2.93356
0.251 2.93484
0.252 2.93612
0.253 2.9374
0.254 2.93868
0.255 2.93997
0.256 2.94125
0.257 2.94253
0.258 2.94382
0.259 2.94511
0.26 2.94639
0.261 2.94768
0.262 2.94897
0.263 2.95025
0.264 2.95154
0.265 2.95283
0.266 2.95412
0.267 2.95541
0.268 2.95669
0.269 2.95798
0.27 2.95927
0.271 2.96056
0.272 2.96184
0.273 2.96313
0.274 2.96441
0.275 2.9657
0.276 2.96698
0.277 2.96827
0.278 2.96955
0.279 2.97083
0.28 2.97211
0.281 2.97339
0.282 2.97467
0.283 2.97595
0.284 2.97723
0.285 2.9785
0.286 2.97978
0.287 2.98105
0.288 2.98232
0.289 2.98359
0.29 2.98486
0.291 2.98613
0.292 2.98739
0.293 2.98866
0.294 2.98992
0.295 2.99118
0.296 2.99244
0.297 2.99369
0.298 2.99495
0.299 2.9962
0.3 2.99745
0.301 2.9987
0.302 2.99994
0.303 3.00119
0.304 3.00243
0.305 3.00367
0.306 3.00491
0.307 3.00614
0.308 3.00738
0.309 3.00861
0.31 3.00983
0.311 3.01106
0.312 3.01228
0.313 3.0135
0.314 3.01472
0.315 3.01593
0.316 3.01714
0.317 3.01835
0.318 3.01956
0.319 3.02076
0.32 3.02196
0.321 3.02316
0.322 3.02436
0.323 3.02555
0.324 3.02674
0.325 3.02792
0.326 3.02911
0.327 3.03029
0.328 3.03146
0.329 3.03264
0.33 3.03381
0.331 3.03497
0.332 3.03614
0.333 3.0373
0.334 3.03846
0.335 3.03961
0.336 3.04076
0.337 3.04191
0.338 3.04305
0.339 3.04419
0.34 3.04533
0.341 3.04646
0.342 3.04759
0.343 3.04872
0.344 3.04984
0.345 3.05096
0.346 3.05208
0.347 3.05319
0.348 3.0543
0.349 3.0554
0.35 3.0565
0.351 3.0576
0.352 3.05869
0.353 3.05978
0.354 3.06087
0.355 3.06195
0.356 3.06303
0.357 3.0641
0.358 3.06518
0.359 3.06624
0.36 3.06731
0.361 3.06837
0.362 3.06942
0.363 3.07047
0.364 3.07152
0.365 3.07257
0.366 3.07361
0.367 3.07464
0.368 3.07567
0.369 3.0767
0.37 3.07773
0.371 3.07875
0.372 3.07976
0.373 3.08077
0.374 3.08178
0.375 3.08279
0.376 3.08379
0.377 3.08478
0.378 3.08578
0.379 3.08676
0.38 3.08775
0.381 3.08873
0.382 3.0897
0.383 3.09068
0.384 3.09164
0.385 3.09261
0.386 3.09357
0.387 3.09452
0.388 3.09548
0.389 3.09642
0.39 3.09737
0.391 3.09831
0.392 3.09924
0.393 3.10017
0.394 3.1011
0.395 3.10202
0.396 3.10294
0.397 3.10386
0.398 3.10477
0.399 3.10568
0.4 3.10658
0.401 3.10748
0.402 3.10837
0.403 3.10926
0.404 3.11015
0.405 3.11103
0.406 3.11191
0.407 3.11278
0.408 3.11365
0.409 3.11452
0.41 3.11538
0.411 3.11624
0.412 3.11709
0.413 3.11794
0.414 3.11879
0.415 3.11963
0.416 3.12047
0.417 3.1213
0.418 3.12213
0.419 3.12296
0.42 3.12378
0.421 3.1246
0.422 3.12541
0.423 3.12622
0.424 3.12703
0.425 3.12783
0.426 3.12863
0.427 3.12942
0.428 3.13021
0.429 3.131
0.43 3.13178
0.431 3.13256
0.432 3.13333
0.433 3.1341
0.434 3.13487
0.435 3.13563
0.436 3.13639
0.437 3.13714
0.438 3.13789
0.439 3.13864
0.44 3.13938
0.441 3.14012
0.442 3.14086
0.443 3.14159
0.444 3.14232
0.445 3.14304
0.446 3.14376
0.447 3.14448
0.448 3.14519
0.449 3.1459
0.45 3.14661
0.451 3.14731
0.452 3.14801
0.453 3.1487
0.454 3.14939
0.455 3.15008
0.456 3.15076
0.457 3.15144
0.458 3.15212
0.459 3.15279
0.46 3.15346
0.461 3.15412
0.462 3.15478
0.463 3.15544
0.464 3.15609
0.465 3.15674
0.466 3.15739
0.467 3.15803
0.468 3.15867
0.469 3.15931
0.47 3.15994
0.471 3.16057
0.472 3.1612
0.473 3.16182
0.474 3.16244
0.475 3.16305
0.476 3.16366
0.477 3.16427
0.478 3.16488
0.479 3.16548
0.48 3.16608
0.481 3.16667
0.482 3.16726
0.483 3.16785
0.484 3.16843
0.485 3.16901
0.486 3.16959
0.487 3.17017
0.488 3.17074
0.489 3.1713
0.49 3.17187
0.491 3.17243
0.492 3.17299
0.493 3.17354
0.494 3.17409
0.495 3.17464
0.496 3.17518
0.497 3.17572
0.498 3.17626
0.499 3.1768
0.5 3.17733
0.501 3.17786
0.502 3.17838
0.503 3.1789
0.504 3.17942
0.505 3.17994
0.506 3.18045
0.507 3.18096
0.508 3.18147
0.509 3.18197
0.51 3.18247
0.511 3.18297
0.512 3.18346
0.513 3.18395
0.514 3.18444
0.515 3.18492
0.516 3.1854
0.517 3.18588
0.518 3.18636
0.519 3.18683
0.52 3.1873
0.521 3.18776
0.522 3.18823
0.523 3.18869
0.524 3.18914
0.525 3.1896
0.526 3.19005
0.527 3.1905
0.528 3.19094
0.529 3.19138
0.53 3.19182
0.531 3.19226
0.532 3.19269
0.533 3.19312
0.534 3.19355
0.535 3.19397
0.536 3.19439
0.537 3.19481
0.538 3.19523
0.539 3.19564
0.54 3.19605
0.541 3.19645
0.542 3.19686
0.543 3.19726
0.544 3.19766
0.545 3.19805
0.546 3.19844
0.547 3.19883
0.548 3.19922
0.549 3.1996
0.55 3.19998
0.551 3.20036
0.552 3.20074
0.553 3.20111
0.554 3.20148
0.555 3.20184
0.556 3.20221
0.557 3.20257
0.558 3.20292
0.559 3.20328
0.56 3.20363
0.561 3.20398
0.562 3.20432
0.563 3.20467
0.564 3.20501
0.565 3.20535
0.566 3.20568
0.567 3.20601
0.568 3.20634
0.569 3.20667
0.57 3.20699
0.571 3.20731
0.572 3.20763
0.573 3.20794
0.574 3.20825
0.575 3.20856
0.576 3.20887
0.577 3.20917
0.578 3.20947
0.579 3.20976
0.58 3.21006
0.581 3.21035
0.582 3.21064
0.583 3.21092
0.584 3.2112
0.585 3.21148
0.586 3.21176
0.587 3.21203
0.588 3.2123
0.589 3.21257
0.59 3.21283
0.591 3.21309
0.592 3.21335
0.593 3.2136
0.594 3.21386
0.595 3.2141
0.596 3.21435
0.597 3.21459
0.598 3.21483
0.599 3.21507
0.6 3.2153
0.601 3.21553
0.602 3.21575
0.603 3.21597
0.604 3.21619
0.605 3.21641
0.606 3.21662
0.607 3.21683
0.608 3.21704
0.609 3.21724
0.61 3.21744
0.611 3.21763
0.612 3.21782
0.613 3.21801
0.614 3.2182
0.615 3.21838
0.616 3.21856
0.617 3.21873
0.618 3.2189
0.619 3.21907
0.62 3.21923
0.621 3.21939
0.622 3.21954
0.623 3.21969
0.624 3.21984
0.625 3.21998
0.626 3.22012
0.627 3.22025
0.628 3.22038
0.629 3.22051
0.63 3.22063
0.631 3.22075
0.632 3.22086
0.633 3.22097
0.634 3.22107
0.635 3.22117
0.636 3.22127
0.637 3.22136
0.638 3.22144
0.639 3.22153
0.64 3.2216
0.641 3.22167
0.642 3.22174
0.643 3.2218
0.644 3.22186
0.645 3.22191
0.646 3.22195
0.647 3.22199
0.648 3.22203
0.649 3.22205
0.65 3.22208
0.651 3.2221
0.652 3.22211
0.653 3.22211
0.654 3.22211
0.655 3.22211
0.656 3.2221
0.657 3.22208
0.658 3.22205
0.659 3.22202
0.66 3.22198
0.661 3.22194
0.662 3.22189
0.663 3.22183
0.664 3.22177
0.665 3.22169
0.666 3.22162
0.667 3.22153
0.668 3.22144
0.669 3.22134
0.67 3.22123
0.671 3.22111
0.672 3.22099
0.673 3.22085
0.674 3.22071
0.675 3.22057
0.676 3.22041
0.677 3.22024
0.678 3.22007
0.679 3.21989
0.68 3.2197
0.681 3.2195
0.682 3.21929
0.683 3.21907
0.684 3.21884
0.685 3.2186
0.686 3.21836
0.687 3.2181
0.688 3.21783
0.689 3.21756
0.69 3.21727
0.691 3.21697
0.692 3.21666
0.693 3.21634
0.694 3.21601
0.695 3.21567
0.696 3.21532
0.697 3.21496
0.698 3.21459
0.699 3.2142
0.7 3.2138
0.701 3.2134
0.702 3.21297
0.703 3.21254
0.704 3.2121
0.705 3.21164
0.706 3.21117
0.707 3.21069
0.708 3.21019
0.709 3.20968
0.71 3.20916
0.711 3.20863
0.712 3.20808
0.713 3.20752
0.714 3.20694
0.715 3.20635
0.716 3.20575
0.717 3.20514
0.718 3.20451
0.719 3.20386
0.72 3.2032
0.721 3.20253
0.722 3.20184
0.723 3.20114
0.724 3.20042
0.725 3.19969
0.726 3.19894
0.727 3.19818
0.728 3.1974
0.729 3.19661
0.73 3.1958
0.731 3.19498
0.732 3.19414
0.733 3.19328
0.734 3.19241
0.735 3.19153
0.736 3.19063
0.737 3.18971
0.738 3.18878
0.739 3.18783
0.74 3.18687
0.741 3.18589
0.742 3.18489
0.743 3.18388
0.744 3.18285
0.745 3.18181
0.746 3.18075
0.747 3.17967
0.748 3.17858
0.749 3.17747
0.75 3.17635
0.751 3.17521
0.752 3.17405
0.753 3.17288
0.754 3.1717
0.755 3.1705
0.756 3.16928
0.757 3.16805
0.758 3.1668
0.759 3.16554
0.76 3.16426
0.761 3.16297
0.762 3.16166
0.763 3.16034
0.764 3.159
0.765 3.15765
0.766 3.15629
0.767 3.15491
0.768 3.15352
0.769 3.15211
0.77 3.15069
0.771 3.14926
0.772 3.14781
0.773 3.14635
0.774 3.14488
0.775 3.14339
0.776 3.1419
0.777 3.14039
0.778 3.13887
0.779 3.13734
0.78 3.13579
0.781 3.13424
0.782 3.13268
0.783 3.1311
0.784 3.12952
0.785 3.12792
0.786 3.12632
0.787 3.1247
0.788 3.12308
0.789 3.12145
0.79 3.11981
0.791 3.11816
0.792 3.11651
0.793 3.11485
0.794 3.11318
0.795 3.1115
0.796 3.10982
0.797 3.10813
0.798 3.10644
0.799 3.10474
0.8 3.10304
0.801 3.10133
0.802 3.09962
0.803 3.09791
0.804 3.09619
0.805 3.09447
0.806 3.09274
0.807 3.09102
0.808 3.08929
0.809 3.08756
0.81 3.08583
0.811 3.0841
0.812 3.08237
0.813 3.08064
0.814 3.07891
0.815 3.07718
0.816 3.07545
0.817 3.07372
0.818 3.072
0.819 3.07028
0.82 3.06856
0.821 3.06684
0.822 3.06513
0.823 3.06342
0.824 3.06171
0.825 3.06001
0.826 3.05831
0.827 3.05662
0.828 3.05494
0.829 3.05326
0.83 3.05158
0.831 3.04992
0.832 3.04825
0.833 3.0466
0.834 3.04495
0.835 3.04332
0.836 3.04169
0.837 3.04006
0.838 3.03845
0.839 3.03684
0.84 3.03525
0.841 3.03366
0.842 3.03208
0.843 3.03052
0.844 3.02896
0.845 3.02741
0.846 3.02588
0.847 3.02435
0.848 3.02284
0.849 3.02133
0.85 3.01984
0.851 3.01836
0.852 3.01689
0.853 3.01543
0.854 3.01399
0.855 3.01255
0.856 3.01113
0.857 3.00973
0.858 3.00833
0.859 3.00695
0.86 3.00558
0.861 3.00422
0.862 3.00288
0.863 3.00155
0.864 3.00023
0.865 2.99893
0.866 2.99764
0.867 2.99636
0.868 2.9951
0.869 2.99385
0.87 2.99262
0.871 2.9914
0.872 2.99019
0.873 2.989
0.874 2.98782
0.875 2.98665
0.876 2.9855
0.877 2.98436
0.878 2.98324
0.879 2.98213
0.88 2.98103
0.881 2.97995
0.882 2.97889
0.883 2.97783
0.884 2.97679
0.885 2.97577
0.886 2.97475
0.887 2.97376
0.888 2.97277
0.889 2.9718
0.89 2.97084
0.891 2.9699
0.892 2.96897
0.893 2.96806
0.894 2.96715
0.895 2.96626
0.896 2.96539
0.897 2.96452
0.898 2.96367
0.899 2.96284
0.9 2.96201
0.901 2.9612
0.902 2.9604
0.903 2.95962
0.904 2.95884
0.905 2.95808
0.906 2.95733
0.907 2.9566
0.908 2.95587
0.909 2.95516
0.91 2.95446
0.911 2.95377
0.912 2.95309
0.913 2.95243
0.914 2.95178
0.915 2.95113
0.916 2.9505
0.917 2.94988
0.918 2.94927
0.919 2.94867
0.92 2.94809
0.921 2.94751
0.922 2.94694
0.923 2.94639
0.924 2.94584
0.925 2.94531
0.926 2.94478
0.927 2.94427
0.928 2.94376
0.929 2.94326
0.93 2.94278
0.931 2.9423
0.932 2.94183
0.933 2.94138
0.934 2.94093
0.935 2.94049
0.936 2.94005
0.937 2.93963
0.938 2.93922
0.939 2.93881
0.94 2.93841
0.941 2.93802
0.942 2.93764
0.943 2.93727
0.944 2.9369
0.945 2.93655
0.946 2.9362
0.947 2.93585
0.948 2.93552
0.949 2.93519
0.95 2.93487
0.951 2.93456
0.952 2.93425
0.953 2.93395
0.954 2.93366
0.955 2.93337
0.956 2.93309
0.957 2.93282
0.958 2.93256
0.959 2.9323
0.96 2.93204
0.961 2.93179
0.962 2.93155
0.963 2.93132
0.964 2.93109
0.965 2.93086
0.966 2.93065
0.967 2.93043
0.968 2.93022
0.969 2.93002
0.97 2.92983
0.971 2.92963
0.972 2.92945
0.973 2.92927
0.974 2.92909
0.975 2.92892
0.976 2.92875
0.977 2.92859
0.978 2.92843
0.979 2.92828
0.98 2.92813
0.981 2.92799
0.982 2.92785
0.983 2.92771
0.984 2.92758
0.985 2.92745
0.986 2.92733
0.987 2.92721
0.988 2.9271
0.989 2.92698
0.99 2.92688
0.991 2.92677
0.992 2.92667
0.993 2.92658
0.994 2.92648
0.995 2.92639
0.996 2.92631
0.997 2.92622
0.998 2.92615
0.999 2.92607
1 2.926
1.001 5
