0 5
0.001 4.3185
0.002 4.3202
0.003 4.32191
0.004 4.32363
0.005 4.32537
0.006 4.32712
0.007 4.32888
0.008 4.33066
0.009 4.33246
0.01 4.33427
0.011 4.33609
0.012 4.33793
0.013 4.33978
0.014 4.34165
0.015 4.34353
0.016 4.34543
0.017 4.34734
0.018 4.34927
0.019 4.35121
0.02 4.35316
0.021 4.35513
0.022 4.35712
0.023 4.35912
0.024 4.36114
0.025 4.36317
0.026 4.36521
0.027 4.36727
0.028 4.36935
0.029 4.37144
0.03 4.37354
0.031 4.37566
0.032 4.3778
0.033 4.37995
0.034 4.38211
0.035 4.38429
0.036 4.38649
0.037 4.3887
0.038 4.39092
0.039 4.39316
0.04 4.39541
0.041 4.39768
0.042 4.39996
0.043 4.40226
0.044 4.40457
0.045 4.4069
0.046 4.40924
0.047 4.4116
0.048 4.41397
0.049 4.41635
0.05 4.41875
0.051 4.42117
0.052 4.42359
0.053 4.42604
0.054 4.42849
0.055 4.43096
0.056 4.43345
0.057 4.43594
0.058 4.43846
0.059 4.44098
0.06 4.44352
0.061 4.44608
0.062 4.44864
0.063 4.45122
0.064 4.45382
0.065 4.45642
0.066 4.45904
0.067 4.46168
0.068 4.46433
0.069 4.46698
0.07 4.46966
0.071 4.47234
0.072 4.47504
0.073 4.47775
0.074 4.48048
0.075 4.48321
0.076 4.48596
0.077 4.48872
0.078 4.49149
0.079 4.49428
0.08 4.49707
0.081 4.49988
0.082 4.5027
0.083 4.50553
0.084 4.50838
0.085 4.51123
0.086 4.5141
0.087 4.51698
0.088 4.51986
0.089 4.52276
0.09 4.52567
0.091 4.5286
0.092 4.53153
0.093 4.53447
0.094 4.53742
0.095 4.54039
0.096 4.54336
0.097 4.54635
0.098 4.54934
0.099 4.55234
0.1 4.55536
0.101 4.55838
0.102 4.56142
0.103 4.56446
0.104 4.56751
0.105 4.57058
0.106 4.57365
0.107 4.57673
0.108 4.57982
0.109 4.58292
0.11 4.58603
0.111 4.58914
0.112 4.59227
0.113 4.5954
0.114 4.59854
0.115 4.6017
0.116 4.60486
0.117 4.60802
0.118 4.6112
0.119 4.61439
0.12 4.61758
0.121 4.62078
0.122 4.62399
0.123 4.6272
0.124 4.63043
0.125 4.63366
0.126 4.6369
0.127 4.64015
0.128 4.6434
0.129 4.64667
0.13 4.64994
0.131 4.65321
0.132 4.6565
0.133 4.65979
0.134 4.66309
0.135 4.6664
0.136 4.66971
0.137 4.67303
0.138 4.67636
0.139 4.67969
0.14 4.68304
0.141 4.68638
0.142 4.68974
0.143 4.6931
0.144 4.69647
0.145 4.69985
0.146 4.70323
0.147 4.70662
0.148 4.71002
0.149 4.71342
0.15 4.71683
0.151 4.72025
0.152 4.72367
0.153 4.72711
0.154 4.73054
0.155 4.73399
0.156 4.73744
0.157 4.7409
0.158 4.74436
0.159 4.74783
0.16 4.75131
0.161 4.7548
0.162 4.75829
0.163 4.76179
0.164 4.76529
0.165 4.7688
0.166 4.77232
0.167 4.77585
0.168 4.77938
0.169 4.78292
0.17 4.78647
0.171 4.79002
0.172 4.79358
0.173 4.79715
0.174 4.80073
0.175 4.80431
0.176 4.8079
0.177 4.8115
0.178 4.8151
0.179 4.81872
0.18 4.82234
0.181 4.82596
0.182 4.8296
0.183 4.83324
0.184 4.83689
0.185 4.84055
0.186 4.84422
0.187 4.84789
0.188 4.85157
0.189 4.85526
0.19 4.85896
0.191 4.86266
0.192 4.86638
0.193 4.8701
0.194 4.87383
0.195 4.87757
0.196 4.88132
0.197 4.88508
0.198 4.88884
0.199 4.89261
0.2 4.8964
0.201 4.90019
0.202 4.90399
0.203 4.9078
0.204 4.91162
0.205 4.91545
0.206 4.91929
0.207 4.92313
0.208 4.92699
0.209 4.93086
0.21 4.93473
0.211 4.93862
0.212 4.94251
0.213 4.94642
0.214 4.95034
0.215 4.95426
0.216 4.9582
0.217 4.96215
0.218 4.9661
0.219 4.97007
0.22 4.97405
0.221 4.97804
0.222 4.98204
0.223 4.98605
0.224 4.99008
0.225 4.99411
0.226 4.99816
0.227 5.00221
0.228 5.00628
0.229 5.01036
0.23 5.01445
0.231 5.01855
0.232 5.02267
0.233 5.0268
0.234 5.03094
0.235 5.03509
0.236 5.03925
0.237 5.04343
0.238 5.04762
0.239 5.05182
0.24 5.05604
0.241 5.06026
0.242 5.0645
0.243 5.06876
0.244 5.07302
0.245 5.0773
0.246 5.0816
0.247 5.08591
0.248 5.09023
0.249 5.09456
0.25 5.09891
0.251 5.10327
0.252 5.10765
0.253 5.11204
0.254 5.11644
0.255 5.12086
0.256 5.1253
0.257 5.12975
0.258 5.13421
0.259 5.13869
0.26 5.14318
0.261 5.14769
0.262 5.15221
0.263 5.15675
0.264 5.16131
0.265 5.16588
0.266 5.17046
0.267 5.17506
0.268 5.17968
0.269 5.18431
0.27 5.18896
0.271 5.19362
0.272 5.19831
0.273 5.203
0.274 5.20772
0.275 5.21245
0.276 5.21719
0.277 5.22196
0.278 5.22674
0.279 5.23154
0.28 5.23635
0.281 5.24118
0.282 5.24603
0.283 5.2509
0.284 5.25578
0.285 5.26068
0.286 5.2656
0.287 5.27054
0.288 5.27549
0.289 5.28047
0.29 5.28546
0.291 5.29046
0.292 5.29549
0.293 5.30054
0.294 5.3056
0.295 5.31068
0.296 5.31578
0.297 5.3209
0.298 5.32604
0.299 5.33119
0.3 5.33637
0.301 5.34156
0.302 5.34677
0.303 5.35201
0.304 5.35726
0.305 5.36253
0.306 5.36782
0.307 5.37313
0.308 5.37845
0.309 5.3838
0.31 5.38917
0.311 5.39455
0.312 5.39996
0.313 5.40538
0.314 5.41083
0.315 5.41629
0.316 5.42178
0.317 5.42728
0.318 5.4328
0.319 5.43835
0.32 5.44391
0.321 5.44949
0.322 5.45509
0.323 5.46072
0.324 5.46636
0.325 5.47202
0.326 5.4777
0.327 5.4834
0.328 5.48912
0.329 5.49486
0.33 5.50062
0.331 5.5064
0.332 5.5122
0.333 5.51801
0.334 5.52385
0.335 5.52971
0.336 5.53558
0.337 5.54148
0.338 5.54739
0.339 5.55333
0.34 5.55928
0.341 5.56525
0.342 5.57124
0.343 5.57724
0.344 5.58327
0.345 5.58931
0.346 5.59538
0.347 5.60146
0.348 5.60756
0.349 5.61367
0.35 5.6198
0.351 5.62595
0.352 5.63212
0.353 5.63831
0.354 5.64451
0.355 5.65073
0.356 5.65696
0.357 5.66321
0.358 5.66947
0.359 5.67575
0.36 5.68205
0.361 5.68836
0.362 5.69468
0.363 5.70102
0.364 5.70738
0.365 5.71374
0.366 5.72012
0.367 5.72652
0.368 5.73292
0.369 5.73934
0.37 5.74577
0.371 5.75221
0.372 5.75866
0.373 5.76512
0.374 5.7716
0.375 5.77808
0.376 5.78457
0.377 5.79107
0.378 5.79758
0.379 5.8041
0.38 5.81062
0.381 5.81715
0.382 5.82369
0.383 5.83023
0.384 5.83678
0.385 5.84333
0.386 5.84989
0.387 5.85645
0.388 5.86302
0.389 5.86958
0.39 5.87615
0.391 5.88272
0.392 5.88929
0.393 5.89586
0.394 5.90243
0.395 5.90899
0.396 5.91556
0.397 5.92212
0.398 5.92868
0.399 5.93523
0.4 5.94178
0.401 5.94832
0.402 5.95486
0.403 5.96138
0.404 5.96791
0.405 5.97442
0.406 5.98092
0.407 5.98741
0.408 5.99389
0.409 6.00036
0.41 6.00681
0.411 6.01325
0.412 6.01968
0.413 6.02609
0.414 6.03248
0.415 6.03886
0.416 6.04521
0.417 6.05155
0.418 6.05787
0.419 6.06417
0.42 6.07044
0.421 6.07669
0.422 6.08292
0.423 6.08913
0.424 6.0953
0.425 6.10145
0.426 6.10757
0.427 6.11367
0.428 6.11973
0.429 6.12576
0.43 6.13176
0.431 6.13773
0.432 6.14366
0.433 6.14956
0.434 6.15542
0.435 6.16125
0.436 6.16704
0.437 6.17278
0.438 6.17849
0.439 6.18416
0.44 6.18978
0.441 6.19536
0.442 6.2009
0.443 6.20639
0.444 6.21183
0.445 6.21723
0.446 6.22258
0.447 6.22788
0.448 6.23312
0.449 6.23832
0.45 6.24346
0.451 6.24855
0.452 6.25359
0.453 6.25857
0.454 6.26349
0.455 6.26836
0.456 6.27317
0.457 6.27792
0.458 6.2826
0.459 6.28723
0.46 6.2918
0.461 6.2963
0.462 6.30074
0.463 6.30511
0.464 6.30942
0.465 6.31366
0.466 6.31783
0.467 6.32194
0.468 6.32598
0.469 6.32995
0.47 6.33385
0.471 6.33768
0.472 6.34143
0.473 6.34512
0.474 6.34873
0.475 6.35228
0.476 6.35574
0.477 6.35914
0.478 6.36246
0.479 6.3657
0.48 6.36887
0.481 6.37196
0.482 6.37498
0.483 6.37793
0.484 6.38079
0.485 6.38358
0.486 6.38629
0.487 6.38893
0.488 6.39149
0.489 6.39397
0.49 6.39637
0.491 6.3987
0.492 6.40095
0.493 6.40312
0.494 6.40521
0.495 6.40723
0.496 6.40917
0.497 6.41103
0.498 6.41281
0.499 6.41452
0.5 6.41615
0.501 6.41771
0.502 6.41919
0.503 6.42059
0.504 6.42192
0.505 6.42317
0.506 6.42435
0.507 6.42546
0.508 6.42649
0.509 6.42744
0.51 6.42833
0.511 6.42914
0.512 6.42988
0.513 6.43055
0.514 6.43114
0.515 6.43167
0.516 6.43212
0.517 6.43251
0.518 6.43283
0.519 6.43308
0.52 6.43326
0.521 6.43338
0.522 6.43343
0.523 6.43341
0.524 6.43333
0.525 6.43319
0.526 6.43298
0.527 6.43271
0.528 6.43238
0.529 6.43199
0.53 6.43153
0.531 6.43102
0.532 6.43045
0.533 6.42982
0.534 6.42913
0.535 6.42838
0.536 6.42758
0.537 6.42673
0.538 6.42582
0.539 6.42486
0.54 6.42384
0.541 6.42277
0.542 6.42166
0.543 6.42049
0.544 6.41927
0.545 6.418
0.546 6.41669
0.547 6.41533
0.548 6.41392
0.549 6.41247
0.55 6.41097
0.551 6.40943
0.552 6.40785
0.553 6.40622
0.554 6.40455
0.555 6.40285
0.556 6.4011
0.557 6.39931
0.558 6.39749
0.559 6.39562
0.56 6.39373
0.561 6.39179
0.562 6.38982
0.563 6.38782
0.564 6.38578
0.565 6.38371
0.566 6.38161
0.567 6.37947
0.568 6.37731
0.569 6.37511
0.57 6.37289
0.571 6.37064
0.572 6.36836
0.573 6.36606
0.574 6.36372
0.575 6.36137
0.576 6.35898
0.577 6.35658
0.578 6.35415
0.579 6.35169
0.58 6.34922
0.581 6.34672
0.582 6.34421
0.583 6.34167
0.584 6.33911
0.585 6.33654
0.586 6.33394
0.587 6.33133
0.588 6.3287
0.589 6.32605
0.59 6.32339
0.591 6.32072
0.592 6.31802
0.593 6.31532
0.594 6.3126
0.595 6.30986
0.596 6.30711
0.597 6.30435
0.598 6.30158
0.599 6.2988
0.6 6.29601
0.601 6.2932
0.602 6.29039
0.603 6.28756
0.604 6.28473
0.605 6.28188
0.606 6.27903
0.607 6.27617
0.608 6.27331
0.609 6.27043
0.61 6.26755
0.611 6.26466
0.612 6.26176
0.613 6.25886
0.614 6.25596
0.615 6.25304
0.616 6.25012
0.617 6.2472
0.618 6.24427
0.619 6.24134
0.62 6.2384
0.621 6.23546
0.622 6.23251
0.623 6.22956
0.624 6.22661
0.625 6.22366
0.626 6.2207
0.627 6.21773
0.628 6.21477
0.629 6.2118
0.63 6.20883
0.631 6.20586
0.632 6.20288
0.633 6.1999
0.634 6.19692
0.635 6.19394
0.636 6.19095
0.637 6.18796
0.638 6.18497
0.639 6.18198
0.64 6.17899
0.641 6.17599
0.642 6.173
0.643 6.17
0.644 6.16699
0.645 6.16399
0.646 6.16099
0.647 6.15798
0.648 6.15497
0.649 6.15196
0.65 6.14894
0.651 6.14593
0.652 6.14291
0.653 6.13989
0.654 6.13687
0.655 6.13384
0.656 6.13081
0.657 6.12778
0.658 6.12475
0.659 6.12171
0.66 6.11867
0.661 6.11563
0.662 6.11258
0.663 6.10954
0.664 6.10648
0.665 6.10343
0.666 6.10037
0.667 6.09731
0.668 6.09424
0.669 6.09117
0.67 6.08809
0.671 6.08501
0.672 6.08192
0.673 6.07883
0.674 6.07574
0.675 6.07264
0.676 6.06953
0.677 6.06642
0.678 6.06331
0.679 6.06018
0.68 6.05706
0.681 6.05392
0.682 6.05078
0.683 6.04763
0.684 6.04448
0.685 6.04131
0.686 6.03814
0.687 6.03497
0.688 6.03178
0.689 6.02859
0.69 6.02539
0.691 6.02218
0.692 6.01896
0.693 6.01573
0.694 6.01249
0.695 6.00925
0.696 6.00599
0.697 6.00272
0.698 5.99945
0.699 5.99616
0.7 5.99286
0.701 5.98955
0.702 5.98623
0.703 5.9829
0.704 5.97956
0.705 5.9762
0.706 5.97284
0.707 5.96946
0.708 5.96606
0.709 5.96266
0.71 5.95924
0.711 5.9558
0.712 5.95236
0.713 5.94889
0.714 5.94542
0.715 5.94192
0.716 5.93842
0.717 5.93489
0.718 5.93135
0.719 5.9278
0.72 5.92423
0.721 5.92064
0.722 5.91703
0.723 5.91341
0.724 5.90976
0.725 5.9061
0.726 5.90243
0.727 5.89873
0.728 5.89501
0.729 5.89127
0.73 5.88752
0.731 5.88374
0.732 5.87994
0.733 5.87612
0.734 5.87228
0.735 5.86842
0.736 5.86453
0.737 5.86062
0.738 5.85669
0.739 5.85273
0.74 5.84876
0.741 5.84475
0.742 5.84072
0.743 5.83667
0.744 5.83259
0.745 5.82849
0.746 5.82435
0.747 5.82019
0.748 5.81601
0.749 5.81179
0.75 5.80755
0.751 5.80328
0.752 5.79898
0.753 5.79465
0.754 5.79029
0.755 5.7859
0.756 5.78147
0.757 5.77702
0.758 5.77254
0.759 5.76802
0.76 5.76347
0.761 5.75888
0.762 5.75426
0.763 5.74961
0.764 5.74492
0.765 5.7402
0.766 5.73544
0.767 5.73064
0.768 5.72581
0.769 5.72094
0.77 5.71603
0.771 5.71108
0.772 5.7061
0.773 5.70107
0.774 5.69601
0.775 5.69091
0.776 5.68576
0.777 5.68057
0.778 5.67535
0.779 5.67008
0.78 5.66476
0.781 5.65941
0.782 5.65401
0.783 5.64856
0.784 5.64308
0.785 5.63755
0.786 5.63197
0.787 5.62635
0.788 5.62068
0.789 5.61497
0.79 5.60921
0.791 5.6034
0.792 5.59755
0.793 5.59165
0.794 5.5857
0.795 5.5797
0.796 5.57366
0.797 5.56757
0.798 5.56143
0.799 5.55524
0.8 5.549
0.801 5.54271
0.802 5.53638
0.803 5.53
0.804 5.52356
0.805 5.51708
0.806 5.51056
0.807 5.50398
0.808 5.49735
0.809 5.49068
0.81 5.48396
0.811 5.47718
0.812 5.47037
0.813 5.4635
0.814 5.45659
0.815 5.44963
0.816 5.44263
0.817 5.43558
0.818 5.42848
0.819 5.42134
0.82 5.41415
0.821 5.40693
0.822 5.39966
0.823 5.39234
0.824 5.38499
0.825 5.37759
0.826 5.37016
0.827 5.36268
0.828 5.35517
0.829 5.34762
0.83 5.34003
0.831 5.33241
0.832 5.32475
0.833 5.31706
0.834 5.30934
0.835 5.30159
0.836 5.29381
0.837 5.286
0.838 5.27816
0.839 5.27029
0.84 5.26241
0.841 5.25449
0.842 5.24656
0.843 5.23861
0.844 5.23063
0.845 5.22264
0.846 5.21463
0.847 5.20661
0.848 5.19857
0.849 5.19053
0.85 5.18247
0.851 5.1744
0.852 5.16633
0.853 5.15825
0.854 5.15017
0.855 5.14209
0.856 5.134
0.857 5.12592
0.858 5.11784
0.859 5.10976
0.86 5.10169
0.861 5.09363
0.862 5.08557
0.863 5.07753
0.864 5.0695
0.865 5.06148
0.866 5.05348
0.867 5.04549
0.868 5.03753
0.869 5.02958
0.87 5.02165
0.871 5.01375
0.872 5.00588
0.873 4.99803
0.874 4.9902
0.875 4.98241
0.876 4.97464
0.877 4.96691
0.878 4.95921
0.879 4.95154
0.88 4.94391
0.881 4.93632
0.882 4.92876
0.883 4.92125
0.884 4.91377
0.885 4.90634
0.886 4.89894
0.887 4.8916
0.888 4.88429
0.889 4.87703
0.89 4.86982
0.891 4.86265
0.892 4.85554
0.893 4.84847
0.894 4.84145
0.895 4.83448
0.896 4.82756
0.897 4.8207
0.898 4.81389
0.899 4.80713
0.9 4.80042
0.901 4.79377
0.902 4.78717
0.903 4.78063
0.904 4.77415
0.905 4.76772
0.906 4.76135
0.907 4.75503
0.908 4.74877
0.909 4.74257
0.91 4.73643
0.911 4.73034
0.912 4.72432
0.913 4.71835
0.914 4.71244
0.915 4.70659
0.916 4.70079
0.917 4.69506
0.918 4.68938
0.919 4.68377
0.92 4.67821
0.921 4.67271
0.922 4.66727
0.923 4.66189
0.924 4.65657
0.925 4.6513
0.926 4.6461
0.927 4.64095
0.928 4.63586
0.929 4.63082
0.93 4.62585
0.931 4.62093
0.932 4.61607
0.933 4.61126
0.934 4.60651
0.935 4.60182
0.936 4.59718
0.937 4.5926
0.938 4.58808
0.939 4.58361
0.94 4.57919
0.941 4.57483
0.942 4.57052
0.943 4.56626
0.944 4.56206
0.945 4.55791
0.946 4.55381
0.947 4.54976
0.948 4.54576
0.949 4.54182
0.95 4.53792
0.951 4.53408
0.952 4.53028
0.953 4.52654
0.954 4.52284
0.955 4.51919
0.956 4.51559
0.957 4.51203
0.958 4.50852
0.959 4.50506
0.96 4.50164
0.961 4.49827
0.962 4.49494
0.963 4.49166
0.964 4.48842
0.965 4.48522
0.966 4.48207
0.967 4.47896
0.968 4.47589
0.969 4.47286
0.97 4.46988
0.971 4.46693
0.972 4.46402
0.973 4.46116
0.974 4.45833
0.975 4.45554
0.976 4.45278
0.977 4.45007
0.978 4.44739
0.979 4.44475
0.98 4.44215
0.981 4.43958
0.982 4.43704
0.983 4.43454
0.984 4.43208
0.985 4.42965
0.986 4.42725
0.987 4.42489
0.988 4.42255
0.989 4.42025
0.99 4.41799
0.991 4.41575
0.992 4.41354
0.993 4.41137
0.994 4.40922
0.995 4.4071
0.996 4.40502
0.997 4.40296
0.998 4.40093
0.999 4.39893
1 4.39695
1.001 5
