0 -10
0.001 -8.5724
0.002 -8.56974
0.003 -8.56703
0.004 -8.5643
0.005 -8.56153
0.006 -8.55872
0.007 -8.55588
0.008 -8.55301
0.009 -8.5501
0.01 -8.54716
0.011 -8.54418
0.012 -8.54116
0.013 -8.53811
0.014 -8.53503
0.015 -8.53191
0.016 -8.52876
0.017 -8.52557
0.018 -8.52234
0.019 -8.51908
0.02 -8.51579
0.021 -8.51246
0.022 -8.5091
0.023 -8.5057
0.024 -8.50226
0.025 -8.4988
0.026 -8.49529
0.027 -8.49175
0.028 -8.48818
0.029 -8.48457
0.03 -8.48093
0.031 -8.47725
0.032 -8.47354
0.033 -8.4698
0.034 -8.46602
0.035 -8.46221
0.036 -8.45836
0.037 -8.45448
0.038 -8.45056
0.039 -8.44662
0.04 -8.44263
0.041 -8.43862
0.042 -8.43457
0.043 -8.43049
0.044 -8.42638
0.045 -8.42223
0.046 -8.41806
0.047 -8.41385
0.048 -8.4096
0.049 -8.40533
0.05 -8.40102
0.051 -8.39669
0.052 -8.39232
0.053 -8.38792
0.054 -8.38349
0.055 -8.37903
0.056 -8.37454
0.057 -8.37002
0.058 -8.36547
0.059 -8.36089
0.06 -8.35628
0.061 -8.35164
0.062 -8.34697
0.063 -8.34227
0.064 -8.33755
0.065 -8.33279
0.066 -8.32801
0.067 -8.3232
0.068 -8.31837
0.069 -8.31351
0.07 -8.30862
0.071 -8.3037
0.072 -8.29876
0.073 -8.29379
0.074 -8.28879
0.075 -8.28377
0.076 -8.27872
0.077 -8.27365
0.078 -8.26856
0.079 -8.26344
0.08 -8.25829
0.081 -8.25312
0.082 -8.24793
0.083 -8.24271
0.084 -8.23747
0.085 -8.23221
0.086 -8.22693
0.087 -8.22162
0.088 -8.21629
0.089 -8.21094
0.09 -8.20556
0.091 -8.20017
0.092 -8.19475
0.093 -8.18932
0.094 -8.18386
0.095 -8.17838
0.096 -8.17288
0.097 -8.16736
0.098 -8.16182
0.099 -8.15626
0.1 -8.15068
0.101 -8.14508
0.102 -8.13947
0.103 -8.13383
0.104 -8.12818
0.105 -8.1225
0.106 -8.11681
0.107 -8.1111
0.108 -8.10537
0.109 -8.09963
0.11 -8.09387
0.111 -8.08808
0.112 -8.08229
0.113 -8.07647
0.114 -8.07064
0.115 -8.06479
0.116 -8.05892
0.117 -8.05304
0.118 -8.04714
0.119 -8.04122
0.12 -8.03529
0.121 -8.02934
0.122 -8.02337
0.123 -8.01739
0.124 -8.01139
0.125 -8.00538
0.126 -7.99935
0.127 -7.9933
0.128 -7.98724
0.129 -7.98116
0.13 -7.97507
0.131 -7.96896
0.132 -7.96283
0.133 -7.95669
0.134 -7.95053
0.135 -7.94436
0.136 -7.93817
0.137 -7.93196
0.138 -7.92574
0.139 -7.91951
0.14 -7.91325
0.141 -7.90698
0.142 -7.9007
0.143 -7.8944
0.144 -7.88808
0.145 -7.88175
0.146 -7.8754
0.147 -7.86903
0.148 -7.86265
0.149 -7.85625
0.15 -7.84983
0.151 -7.8434
0.152 -7.83695
0.153 -7.83049
0.154 -7.824
0.155 -7.8175
0.156 -7.81098
0.157 -7.80445
0.158 -7.7979
0.159 -7.79132
0.16 -7.78474
0.161 -7.77813
0.162 -7.7715
0.163 -7.76486
0.164 -7.7582
0.165 -7.75152
0.166 -7.74482
0.167 -7.7381
0.168 -7.73136
0.169 -7.7246
0.17 -7.71782
0.171 -7.71102
0.172 -7.70421
0.173 -7.69737
0.174 -7.69051
0.175 -7.68363
0.176 -7.67673
0.177 -7.66981
0.178 -7.66287
0.179 -7.6559
0.18 -7.64892
0.181 -7.64191
0.182 -7.63488
0.183 -7.62782
0.184 -7.62075
0.185 -7.61365
0.186 -7.60653
0.187 -7.59938
0.188 -7.59221
0.189 -7.58502
0.19 -7.57781
0.191 -7.57056
0.192 -7.5633
0.193 -7.55601
0.194 -7.54869
0.195 -7.54135
0.196 -7.53398
0.197 -7.52659
0.198 -7.51917
0.199 -7.51173
0.2 -7.50426
0.201 -7.49676
0.202 -7.48923
0.203 -7.48168
0.204 -7.4741
0.205 -7.46649
0.206 -7.45886
0.207 -7.4512
0.208 -7.4435
0.209 -7.43578
0.21 -7.42803
0.211 -7.42026
0.212 -7.41245
0.213 -7.40461
0.214 -7.39674
0.215 -7.38885
0.216 -7.38092
0.217 -7.37296
0.218 -7.36497
0.219 -7.35695
0.22 -7.3489
0.221 -7.34082
0.222 -7.33271
0.223 -7.32457
0.224 -7.31639
0.225 -7.30818
0.226 -7.29994
0.227 -7.29167
0.228 -7.28336
0.229 -7.27503
0.23 -7.26665
0.231 -7.25825
0.232 -7.24981
0.233 -7.24134
0.234 -7.23284
0.235 -7.2243
0.236 -7.21573
0.237 -7.20712
0.238 -7.19848
0.239 -7.18981
0.24 -7.1811
0.241 -7.17236
0.242 -7.16358
0.243 -7.15477
0.244 -7.14592
0.245 -7.13704
0.246 -7.12812
0.247 -7.11917
0.248 -7.11018
0.249 -7.10116
0.25 -7.0921
0.251 -7.08301
0.252 -7.07388
0.253 -7.06471
0.254 -7.05551
0.255 -7.04628
0.256 -7.03701
0.257 -7.0277
0.258 -7.01835
0.259 -7.00897
0.26 -6.99956
0.261 -6.9901
0.262 -6.98062
0.263 -6.97109
0.264 -6.96153
0.265 -6.95193
0.266 -6.9423
0.267 -6.93263
0.268 -6.92293
0.269 -6.91319
0.27 -6.90341
0.271 -6.8936
0.272 -6.88375
0.273 -6.87387
0.274 -6.86395
0.275 -6.85399
0.276 -6.844
0.277 -6.83397
0.278 -6.82391
0.279 -6.81381
0.28 -6.80368
0.281 -6.79351
0.282 -6.7833
0.283 -6.77306
0.284 -6.76279
0.285 -6.75248
0.286 -6.74214
0.287 -6.73176
0.288 -6.72134
0.289 -6.7109
0.29 -6.70042
0.291 -6.6899
0.292 -6.67935
0.293 -6.66877
0.294 -6.65815
0.295 -6.6475
0.296 -6.63682
0.297 -6.6261
0.298 -6.61535
0.299 -6.60457
0.3 -6.59376
0.301 -6.58292
0.302 -6.57204
0.303 -6.56113
0.304 -6.55019
0.305 -6.53922
0.306 -6.52822
0.307 -6.51719
0.308 -6.50613
0.309 -6.49504
0.31 -6.48392
0.311 -6.47277
0.312 -6.46159
0.313 -6.45038
0.314 -6.43915
0.315 -6.42789
0.316 -6.4166
0.317 -6.40528
0.318 -6.39394
0.319 -6.38257
0.32 -6.37117
0.321 -6.35975
0.322 -6.3483
0.323 -6.33684
0.324 -6.32534
0.325 -6.31382
0.326 -6.30228
0.327 -6.29072
0.328 -6.27914
0.329 -6.26753
0.33 -6.2559
0.331 -6.24426
0.332 -6.23259
0.333 -6.2209
0.334 -6.2092
0.335 -6.19747
0.336 -6.18573
0.337 -6.17398
0.338 -6.1622
0.339 -6.15041
0.34 -6.13861
0.341 -6.12679
0.342 -6.11496
0.343 -6.10312
0.344 -6.09126
0.345 -6.07939
0.346 -6.06751
0.347 -6.05562
0.348 -6.04373
0.349 -6.03182
0.35 -6.01991
0.351 -6.00799
0.352 -5.99607
0.353 -5.98414
0.354 -5.9722
0.355 -5.96027
0.356 -5.94833
0.357 -5.93639
0.358 -5.92445
0.359 -5.91251
0.36 -5.90057
0.361 -5.88863
0.362 -5.8767
0.363 -5.86478
0.364 -5.85285
0.365 -5.84094
0.366 -5.82903
0.367 -5.81714
0.368 -5.80525
0.369 -5.79337
0.37 -5.78151
0.371 -5.76966
0.372 -5.75782
0.373 -5.746
0.374 -5.7342
0.375 -5.72242
0.376 -5.71065
0.377 -5.69891
0.378 -5.68719
0.379 -5.67549
0.38 -5.66381
0.381 -5.65216
0.382 -5.64054
0.383 -5.62895
0.384 -5.61738
0.385 -5.60585
0.386 -5.59435
0.387 -5.58288
0.388 -5.57145
0.389 -5.56006
0.39 -5.5487
0.391 -5.53738
0.392 -5.5261
0.393 -5.51487
0.394 -5.50367
0.395 -5.49252
0.396 -5.48142
0.397 -5.47037
0.398 -5.45936
0.399 -5.4484
0.4 -5.4375
0.401 -5.42665
0.402 -5.41585
0.403 -5.4051
0.404 -5.39442
0.405 -5.38379
0.406 -5.37322
0.407 -5.36272
0.408 -5.35227
0.409 -5.34189
0.41 -5.33157
0.411 -5.32132
0.412 -5.31114
0.413 -5.30102
0.414 -5.29098
0.415 -5.281
0.416 -5.2711
0.417 -5.26127
0.418 -5.25151
0.419 -5.24183
0.42 -5.23223
0.421 -5.2227
0.422 -5.21325
0.423 -5.20388
0.424 -5.19459
0.425 -5.18538
0.426 -5.17626
0.427 -5.16721
0.428 -5.15825
0.429 -5.14937
0.43 -5.14058
0.431 -5.13188
0.432 -5.12326
0.433 -5.11472
0.434 -5.10627
0.435 -5.09791
0.436 -5.08964
0.437 -5.08146
0.438 -5.07336
0.439 -5.06536
0.44 -5.05744
0.441 -5.04961
0.442 -5.04187
0.443 -5.03422
0.444 -5.02666
0.445 -5.01918
0.446 -5.0118
0.447 -5.0045
0.448 -4.9973
0.449 -4.99018
0.45 -4.98314
0.451 -4.9762
0.452 -4.96934
0.453 -4.96256
0.454 -4.95587
0.455 -4.94927
0.456 -4.94275
0.457 -4.93631
0.458 -4.92996
0.459 -4.92368
0.46 -4.91749
0.461 -4.91137
0.462 -4.90533
0.463 -4.89937
0.464 -4.89348
0.465 -4.88767
0.466 -4.88193
0.467 -4.87626
0.468 -4.87067
0.469 -4.86514
0.47 -4.85967
0.471 -4.85428
0.472 -4.84894
0.473 -4.84367
0.474 -4.83846
0.475 -4.83331
0.476 -4.82821
0.477 -4.82317
0.478 -4.81819
0.479 -4.81325
0.48 -4.80837
0.481 -4.80353
0.482 -4.79874
0.483 -4.79399
0.484 -4.78929
0.485 -4.78462
0.486 -4.77999
0.487 -4.7754
0.488 -4.77084
0.489 -4.76632
0.49 -4.76182
0.491 -4.75736
0.492 -4.75291
0.493 -4.7485
0.494 -4.7441
0.495 -4.73972
0.496 -4.73537
0.497 -4.73103
0.498 -4.7267
0.499 -4.72238
0.5 -4.71808
0.501 -4.71378
0.502 -4.70949
0.503 -4.7052
0.504 -4.70092
0.505 -4.69664
0.506 -4.69236
0.507 -4.68807
0.508 -4.68378
0.509 -4.67948
0.51 -4.67518
0.511 -4.67087
0.512 -4.66654
0.513 -4.66221
0.514 -4.65786
0.515 -4.65349
0.516 -4.64911
0.517 -4.64471
0.518 -4.64029
0.519 -4.63585
0.52 -4.63139
0.521 -4.62691
0.522 -4.6224
0.523 -4.61787
0.524 -4.61331
0.525 -4.60872
0.526 -4.60411
0.527 -4.59947
0.528 -4.59479
0.529 -4.59009
0.53 -4.58536
0.531 -4.58059
0.532 -4.57579
0.533 -4.57096
0.534 -4.56609
0.535 -4.5612
0.536 -4.55626
0.537 -4.55129
0.538 -4.54629
0.539 -4.54125
0.54 -4.53618
0.541 -4.53107
0.542 -4.52592
0.543 -4.52074
0.544 -4.51552
0.545 -4.51027
0.546 -4.50498
0.547 -4.49965
0.548 -4.49429
0.549 -4.48889
0.55 -4.48346
0.551 -4.478
0.552 -4.47249
0.553 -4.46696
0.554 -4.46139
0.555 -4.45579
0.556 -4.45015
0.557 -4.44448
0.558 -4.43878
0.559 -4.43305
0.56 -4.42729
0.561 -4.4215
0.562 -4.41568
0.563 -4.40982
0.564 -4.40395
0.565 -4.39804
0.566 -4.39211
0.567 -4.38615
0.568 -4.38016
0.569 -4.37415
0.57 -4.36812
0.571 -4.36206
0.572 -4.35599
0.573 -4.34989
0.574 -4.34377
0.575 -4.33763
0.576 -4.33147
0.577 -4.3253
0.578 -4.31911
0.579 -4.3129
0.58 -4.30667
0.581 -4.30044
0.582 -4.29419
0.583 -4.28792
0.584 -4.28165
0.585 -4.27537
0.586 -4.26907
0.587 -4.26277
0.588 -4.25646
0.589 -4.25014
0.59 -4.24381
0.591 -4.23748
0.592 -4.23115
0.593 -4.22481
0.594 -4.21847
0.595 -4.21213
0.596 -4.20578
0.597 -4.19944
0.598 -4.19309
0.599 -4.18675
0.6 -4.18041
0.601 -4.17407
0.602 -4.16773
0.603 -4.1614
0.604 -4.15507
0.605 -4.14875
0.606 -4.14243
0.607 -4.13612
0.608 -4.12982
0.609 -4.12353
0.61 -4.11724
0.611 -4.11097
0.612 -4.1047
0.613 -4.09844
0.614 -4.0922
0.615 -4.08596
0.616 -4.07974
0.617 -4.07353
0.618 -4.06733
0.619 -4.06115
0.62 -4.05497
0.621 -4.04882
0.622 -4.04267
0.623 -4.03655
0.624 -4.03043
0.625 -4.02434
0.626 -4.01825
0.627 -4.01219
0.628 -4.00614
0.629 -4.00011
0.63 -3.99409
0.631 -3.98809
0.632 -3.98211
0.633 -3.97615
0.634 -3.97021
0.635 -3.96428
0.636 -3.95837
0.637 -3.95249
0.638 -3.94662
0.639 -3.94077
0.64 -3.93493
0.641 -3.92912
0.642 -3.92333
0.643 -3.91756
0.644 -3.9118
0.645 -3.90607
0.646 -3.90036
0.647 -3.89467
0.648 -3.88899
0.649 -3.88334
0.65 -3.87771
0.651 -3.8721
0.652 -3.86651
0.653 -3.86094
0.654 -3.85539
0.655 -3.84987
0.656 -3.84436
0.657 -3.83888
0.658 -3.83341
0.659 -3.82797
0.66 -3.82255
0.661 -3.81715
0.662 -3.81177
0.663 -3.80642
0.664 -3.80108
0.665 -3.79577
0.666 -3.79048
0.667 -3.78521
0.668 -3.77996
0.669 -3.77474
0.67 -3.76954
0.671 -3.76436
0.672 -3.7592
0.673 -3.75406
0.674 -3.74895
0.675 -3.74386
0.676 -3.7388
0.677 -3.73375
0.678 -3.72873
0.679 -3.72373
0.68 -3.71876
0.681 -3.71381
0.682 -3.70889
0.683 -3.70398
0.684 -3.69911
0.685 -3.69425
0.686 -3.68943
0.687 -3.68462
0.688 -3.67984
0.689 -3.67509
0.69 -3.67036
0.691 -3.66566
0.692 -3.66099
0.693 -3.65634
0.694 -3.65172
0.695 -3.64712
0.696 -3.64256
0.697 -3.63802
0.698 -3.63351
0.699 -3.62903
0.7 -3.62457
0.701 -3.62015
0.702 -3.61576
0.703 -3.6114
0.704 -3.60706
0.705 -3.60276
0.706 -3.59849
0.707 -3.59426
0.708 -3.59005
0.709 -3.58588
0.71 -3.58175
0.711 -3.57764
0.712 -3.57358
0.713 -3.56955
0.714 -3.56555
0.715 -3.56159
0.716 -3.55767
0.717 -3.55379
0.718 -3.54995
0.719 -3.54615
0.72 -3.54239
0.721 -3.53867
0.722 -3.53499
0.723 -3.53135
0.724 -3.52776
0.725 -3.52422
0.726 -3.52072
0.727 -3.51726
0.728 -3.51385
0.729 -3.5105
0.73 -3.50719
0.731 -3.50393
0.732 -3.50072
0.733 -3.49756
0.734 -3.49446
0.735 -3.49142
0.736 -3.48842
0.737 -3.48549
0.738 -3.48261
0.739 -3.47979
0.74 -3.47703
0.741 -3.47434
0.742 -3.4717
0.743 -3.46913
0.744 -3.46663
0.745 -3.46419
0.746 -3.46181
0.747 -3.45951
0.748 -3.45728
0.749 -3.45512
0.75 -3.45303
0.751 -3.45101
0.752 -3.44907
0.753 -3.44721
0.754 -3.44543
0.755 -3.44372
0.756 -3.4421
0.757 -3.44056
0.758 -3.43911
0.759 -3.43774
0.76 -3.43646
0.761 -3.43527
0.762 -3.43416
0.763 -3.43315
0.764 -3.43224
0.765 -3.43142
0.766 -3.43069
0.767 -3.43007
0.768 -3.42954
0.769 -3.42912
0.77 -3.4288
0.771 -3.42858
0.772 -3.42847
0.773 -3.42847
0.774 -3.42858
0.775 -3.4288
0.776 -3.42913
0.777 -3.42958
0.778 -3.43014
0.779 -3.43082
0.78 -3.43162
0.781 -3.43254
0.782 -3.43358
0.783 -3.43475
0.784 -3.43604
0.785 -3.43746
0.786 -3.43901
0.787 -3.44069
0.788 -3.4425
0.789 -3.44444
0.79 -3.44652
0.791 -3.44873
0.792 -3.45108
0.793 -3.45357
0.794 -3.4562
0.795 -3.45897
0.796 -3.46188
0.797 -3.46494
0.798 -3.46813
0.799 -3.47148
0.8 -3.47497
0.801 -3.47861
0.802 -3.4824
0.803 -3.48633
0.804 -3.49042
0.805 -3.49466
0.806 -3.49905
0.807 -3.50359
0.808 -3.50828
0.809 -3.51313
0.81 -3.51813
0.811 -3.52329
0.812 -3.5286
0.813 -3.53407
0.814 -3.53969
0.815 -3.54547
0.816 -3.5514
0.817 -3.55749
0.818 -3.56373
0.819 -3.57012
0.82 -3.57668
0.821 -3.58338
0.822 -3.59024
0.823 -3.59725
0.824 -3.60442
0.825 -3.61173
0.826 -3.6192
0.827 -3.62682
0.828 -3.63459
0.829 -3.6425
0.83 -3.65056
0.831 -3.65877
0.832 -3.66712
0.833 -3.67561
0.834 -3.68425
0.835 -3.69303
0.836 -3.70194
0.837 -3.71099
0.838 -3.72017
0.839 -3.72949
0.84 -3.73894
0.841 -3.74851
0.842 -3.75822
0.843 -3.76804
0.844 -3.77799
0.845 -3.78806
0.846 -3.79825
0.847 -3.80855
0.848 -3.81896
0.849 -3.82948
0.85 -3.84011
0.851 -3.85084
0.852 -3.86167
0.853 -3.8726
0.854 -3.88363
0.855 -3.89475
0.856 -3.90596
0.857 -3.91725
0.858 -3.92863
0.859 -3.94009
0.86 -3.95162
0.861 -3.96323
0.862 -3.97492
0.863 -3.98666
0.864 -3.99848
0.865 -4.01035
0.866 -4.02229
0.867 -4.03427
0.868 -4.04631
0.869 -4.0584
0.87 -4.07054
0.871 -4.08271
0.872 -4.09493
0.873 -4.10718
0.874 -4.11946
0.875 -4.13177
0.876 -4.14411
0.877 -4.15647
0.878 -4.16885
0.879 -4.18125
0.88 -4.19366
0.881 -4.20609
0.882 -4.21852
0.883 -4.23095
0.884 -4.24339
0.885 -4.25583
0.886 -4.26827
0.887 -4.28069
0.888 -4.29311
0.889 -4.30552
0.89 -4.31792
0.891 -4.33029
0.892 -4.34265
0.893 -4.35499
0.894 -4.3673
0.895 -4.37959
0.896 -4.39184
0.897 -4.40407
0.898 -4.41626
0.899 -4.42842
0.9 -4.44054
0.901 -4.45263
0.902 -4.46467
0.903 -4.47666
0.904 -4.48862
0.905 -4.50052
0.906 -4.51238
0.907 -4.52419
0.908 -4.53595
0.909 -4.54765
0.91 -4.5593
0.911 -4.57089
0.912 -4.58243
0.913 -4.5939
0.914 -4.60532
0.915 -4.61667
0.916 -4.62797
0.917 -4.6392
0.918 -4.65036
0.919 -4.66146
0.92 -4.6725
0.921 -4.68347
0.922 -4.69436
0.923 -4.7052
0.924 -4.71596
0.925 -4.72665
0.926 -4.73727
0.927 -4.74781
0.928 -4.75829
0.929 -4.7687
0.93 -4.77903
0.931 -4.78928
0.932 -4.79947
0.933 -4.80958
0.934 -4.81961
0.935 -4.82957
0.936 -4.83946
0.937 -4.84927
0.938 -4.85901
0.939 -4.86867
0.94 -4.87825
0.941 -4.88776
0.942 -4.89719
0.943 -4.90655
0.944 -4.91583
0.945 -4.92504
0.946 -4.93417
0.947 -4.94323
0.948 -4.95221
0.949 -4.96111
0.95 -4.96994
0.951 -4.9787
0.952 -4.98738
0.953 -4.99598
0.954 -5.00452
0.955 -5.01297
0.956 -5.02136
0.957 -5.02967
0.958 -5.03791
0.959 -5.04608
0.96 -5.05417
0.961 -5.06219
0.962 -5.07014
0.963 -5.07802
0.964 -5.08583
0.965 -5.09357
0.966 -5.10123
0.967 -5.10883
0.968 -5.11636
0.969 -5.12382
0.97 -5.13121
0.971 -5.13854
0.972 -5.1458
0.973 -5.15299
0.974 -5.16011
0.975 -5.16717
0.976 -5.17417
0.977 -5.18109
0.978 -5.18796
0.979 -5.19476
0.98 -5.2015
0.981 -5.20817
0.982 -5.21479
0.983 -5.22134
0.984 -5.22783
0.985 -5.23426
0.986 -5.24062
0.987 -5.24693
0.988 -5.25319
0.989 -5.25938
0.99 -5.26551
0.991 -5.27159
0.992 -5.27761
0.993 -5.28357
0.994 -5.28948
0.995 -5.29533
0.996 -5.30113
0.997 -5.30687
0.998 -5.31256
0.999 -5.3182
1 -5.32378
1.001 -10
