0 -10
0.001 -6.54801
0.002 -6.52936
0.003 -6.51067
0.004 -6.49195
0.005 -6.4732
0.006 -6.45442
0.007 -6.43562
0.008 -6.41679
0.009 -6.39795
0.01 -6.37908
0.011 -6.36019
0.012 -6.34129
0.013 -6.32237
0.014 -6.30343
0.015 -6.28449
0.016 -6.26553
0.017 -6.24657
0.018 -6.2276
0.019 -6.20863
0.02 -6.18965
0.021 -6.17067
0.022 -6.15169
0.023 -6.13272
0.024 -6.11375
0.025 -6.09478
0.026 -6.07583
0.027 -6.05688
0.028 -6.03795
0.029 -6.01903
0.03 -6.00013
0.031 -5.98124
0.032 -5.96238
0.033 -5.94353
0.034 -5.92471
0.035 -5.90592
0.036 -5.88715
0.037 -5.86841
0.038 -5.8497
0.039 -5.83102
0.04 -5.81237
0.041 -5.79376
0.042 -5.77519
0.043 -5.75666
0.044 -5.73817
0.045 -5.71972
0.046 -5.70132
0.047 -5.68296
0.048 -5.66465
0.049 -5.64638
0.05 -5.62817
0.051 -5.61001
0.052 -5.5919
0.053 -5.57385
0.054 -5.55585
0.055 -5.53791
0.056 -5.52003
0.057 -5.50221
0.058 -5.48445
0.059 -5.46676
0.06 -5.44912
0.061 -5.43156
0.062 -5.41406
0.063 -5.39662
0.064 -5.37926
0.065 -5.36196
0.066 -5.34474
0.067 -5.32759
0.068 -5.3105
0.069 -5.2935
0.07 -5.27656
0.071 -5.2597
0.072 -5.24292
0.073 -5.22621
0.074 -5.20958
0.075 -5.19303
0.076 -5.17655
0.077 -5.16015
0.078 -5.14384
0.079 -5.1276
0.08 -5.11144
0.081 -5.09536
0.082 -5.07937
0.083 -5.06345
0.084 -5.04762
0.085 -5.03187
0.086 -5.0162
0.087 -5.00061
0.088 -4.9851
0.089 -4.96968
0.09 -4.95434
0.091 -4.93908
0.092 -4.92391
0.093 -4.90882
0.094 -4.89381
0.095 -4.87888
0.096 -4.86404
0.097 -4.84927
0.098 -4.8346
0.099 -4.82
0.1 -4.80548
0.101 -4.79105
0.102 -4.77669
0.103 -4.76242
0.104 -4.74823
0.105 -4.73412
0.106 -4.72009
0.107 -4.70614
0.108 -4.69227
0.109 -4.67848
0.11 -4.66477
0.111 -4.65114
0.112 -4.63758
0.113 -4.6241
0.114 -4.6107
0.115 -4.59738
0.116 -4.58413
0.117 -4.57095
0.118 -4.55786
0.119 -4.54483
0.12 -4.53188
0.121 -4.51901
0.122 -4.50621
0.123 -4.49348
0.124 -4.48082
0.125 -4.46823
0.126 -4.45572
0.127 -4.44327
0.128 -4.4309
0.129 -4.41859
0.13 -4.40635
0.131 -4.39418
0.132 -4.38208
0.133 -4.37005
0.134 -4.35808
0.135 -4.34618
0.136 -4.33434
0.137 -4.32257
0.138 -4.31086
0.139 -4.29921
0.14 -4.28763
0.141 -4.27611
0.142 -4.26465
0.143 -4.25325
0.144 -4.24192
0.145 -4.23064
0.146 -4.21942
0.147 -4.20826
0.148 -4.19716
0.149 -4.18612
0.15 -4.17514
0.151 -4.16421
0.152 -4.15334
0.153 -4.14252
0.154 -4.13176
0.155 -4.12105
0.156 -4.1104
0.157 -4.0998
0.158 -4.08925
0.159 -4.07876
0.16 -4.06832
0.161 -4.05793
0.162 -4.04759
0.163 -4.0373
0.164 -4.02706
0.165 -4.01687
0.166 -4.00673
0.167 -3.99663
0.168 -3.98659
0.169 -3.97659
0.17 -3.96664
0.171 -3.95674
0.172 -3.94688
0.173 -3.93707
0.174 -3.9273
0.175 -3.91758
0.176 -3.9079
0.177 -3.89827
0.178 -3.88868
0.179 -3.87913
0.18 -3.86963
0.181 -3.86016
0.182 -3.85074
0.183 -3.84136
0.184 -3.83203
0.185 -3.82273
0.186 -3.81347
0.187 -3.80425
0.188 -3.79507
0.189 -3.78593
0.19 -3.77683
0.191 -3.76777
0.192 -3.75874
0.193 -3.74976
0.194 -3.74081
0.195 -3.73189
0.196 -3.72301
0.197 -3.71417
0.198 -3.70537
0.199 -3.6966
0.2 -3.68786
0.201 -3.67916
0.202 -3.67049
0.203 -3.66186
0.204 -3.65326
0.205 -3.64469
0.206 -3.63616
0.207 -3.62766
0.208 -3.61919
0.209 -3.61075
0.21 -3.60235
0.211 -3.59397
0.212 -3.58563
0.213 -3.57732
0.214 -3.56904
0.215 -3.56079
0.216 -3.55256
0.217 -3.54437
0.218 -3.53621
0.219 -3.52808
0.22 -3.51997
0.221 -3.51189
0.222 -3.50385
0.223 -3.49583
0.224 -3.48783
0.225 -3.47987
0.226 -3.47193
0.227 -3.46402
0.228 -3.45613
0.229 -3.44827
0.23 -3.44044
0.231 -3.43263
0.232 -3.42485
0.233 -3.41709
0.234 -3.40936
0.235 -3.40166
0.236 -3.39398
0.237 -3.38632
0.238 -3.37869
0.239 -3.37108
0.24 -3.36349
0.241 -3.35593
0.242 -3.34839
0.243 -3.34088
0.244 -3.33338
0.245 -3.32591
0.246 -3.31847
0.247 -3.31104
0.248 -3.30364
0.249 -3.29626
0.25 -3.2889
0.251 -3.28156
0.252 -3.27424
0.253 -3.26695
0.254 -3.25967
0.255 -3.25242
0.256 -3.24519
0.257 -3.23798
0.258 -3.23078
0.259 -3.22361
0.26 -3.21646
0.261 -3.20933
0.262 -3.20221
0.263 -3.19512
0.264 -3.18805
0.265 -3.18099
0.266 -3.17396
0.267 -3.16694
0.268 -3.15994
0.269 -3.15296
0.27 -3.146
0.271 -3.13906
0.272 -3.13213
0.273 -3.12522
0.274 -3.11834
0.275 -3.11146
0.276 -3.10461
0.277 -3.09777
0.278 -3.09095
0.279 -3.08415
0.28 -3.07737
0.281 -3.0706
0.282 -3.06385
0.283 -3.05712
0.284 -3.0504
0.285 -3.0437
0.286 -3.03701
0.287 -3.03034
0.288 -3.02369
0.289 -3.01706
0.29 -3.01044
0.291 -3.00383
0.292 -2.99724
0.293 -2.99067
0.294 -2.98411
0.295 -2.97757
0.296 -2.97105
0.297 -2.96454
0.298 -2.95804
0.299 -2.95156
0.3 -2.94509
0.301 -2.93864
0.302 -2.93221
0.303 -2.92579
0.304 -2.91938
0.305 -2.91299
0.306 -2.90661
0.307 -2.90025
0.308 -2.8939
0.309 -2.88756
0.31 -2.88124
0.311 -2.87494
0.312 -2.86865
0.313 -2.86237
0.314 -2.8561
0.315 -2.84985
0.316 -2.84361
0.317 -2.83739
0.318 -2.83118
0.319 -2.82498
0.32 -2.8188
0.321 -2.81263
0.322 -2.80647
0.323 -2.80033
0.324 -2.7942
0.325 -2.78808
0.326 -2.78198
0.327 -2.77588
0.328 -2.76981
0.329 -2.76374
0.33 -2.75769
0.331 -2.75164
0.332 -2.74561
0.333 -2.7396
0.334 -2.73359
0.335 -2.7276
0.336 -2.72162
0.337 -2.71565
0.338 -2.7097
0.339 -2.70375
0.34 -2.69782
0.341 -2.6919
0.342 -2.68599
0.343 -2.6801
0.344 -2.67421
0.345 -2.66834
0.346 -2.66248
0.347 -2.65662
0.348 -2.65078
0.349 -2.64496
0.35 -2.63914
0.351 -2.63333
0.352 -2.62754
0.353 -2.62175
0.354 -2.61598
0.355 -2.61022
0.356 -2.60446
0.357 -2.59872
0.358 -2.59299
0.359 -2.58727
0.36 -2.58156
0.361 -2.57586
0.362 -2.57017
0.363 -2.56449
0.364 -2.55882
0.365 -2.55316
0.366 -2.54751
0.367 -2.54187
0.368 -2.53624
0.369 -2.53062
0.37 -2.52501
0.371 -2.51941
0.372 -2.51381
0.373 -2.50823
0.374 -2.50266
0.375 -2.49709
0.376 -2.49154
0.377 -2.48599
0.378 -2.48045
0.379 -2.47492
0.38 -2.4694
0.381 -2.46389
0.382 -2.45838
0.383 -2.45289
0.384 -2.4474
0.385 -2.44192
0.386 -2.43645
0.387 -2.43099
0.388 -2.42553
0.389 -2.42009
0.39 -2.41465
0.391 -2.40922
0.392 -2.40379
0.393 -2.39837
0.394 -2.39297
0.395 -2.38756
0.396 -2.38217
0.397 -2.37678
0.398 -2.3714
0.399 -2.36602
0.4 -2.36066
0.401 -2.35529
0.402 -2.34994
0.403 -2.34459
0.404 -2.33925
0.405 -2.33391
0.406 -2.32858
0.407 -2.32326
0.408 -2.31794
0.409 -2.31263
0.41 -2.30732
0.411 -2.30202
0.412 -2.29673
0.413 -2.29144
0.414 -2.28615
0.415 -2.28087
0.416 -2.27559
0.417 -2.27032
0.418 -2.26506
0.419 -2.2598
0.42 -2.25454
0.421 -2.24929
0.422 -2.24404
0.423 -2.2388
0.424 -2.23356
0.425 -2.22832
0.426 -2.22309
0.427 -2.21786
0.428 -2.21263
0.429 -2.20741
0.43 -2.20219
0.431 -2.19698
0.432 -2.19177
0.433 -2.18656
0.434 -2.18135
0.435 -2.17615
0.436 -2.17094
0.437 -2.16575
0.438 -2.16055
0.439 -2.15535
0.44 -2.15016
0.441 -2.14497
0.442 -2.13978
0.443 -2.13459
0.444 -2.12941
0.445 -2.12422
0.446 -2.11904
0.447 -2.11386
0.448 -2.10868
0.449 -2.1035
0.45 -2.09832
0.451 -2.09314
0.452 -2.08796
0.453 -2.08278
0.454 -2.0776
0.455 -2.07242
0.456 -2.06724
0.457 -2.06206
0.458 -2.05688
0.459 -2.0517
0.46 -2.04652
0.461 -2.04134
0.462 -2.03616
0.463 -2.03097
0.464 -2.02579
0.465 -2.0206
0.466 -2.01541
0.467 -2.01022
0.468 -2.00503
0.469 -1.99984
0.47 -1.99464
0.471 -1.98944
0.472 -1.98424
0.473 -1.97904
0.474 -1.97383
0.475 -1.96862
0.476 -1.96341
0.477 -1.9582
0.478 -1.95298
0.479 -1.94776
0.48 -1.94253
0.481 -1.9373
0.482 -1.93207
0.483 -1.92683
0.484 -1.92159
0.485 -1.91634
0.486 -1.91109
0.487 -1.90583
0.488 -1.90057
0.489 -1.89531
0.49 -1.89004
0.491 -1.88476
0.492 -1.87948
0.493 -1.87419
0.494 -1.8689
0.495 -1.8636
0.496 -1.85829
0.497 -1.85298
0.498 -1.84766
0.499 -1.84234
0.5 -1.83701
0.501 -1.83167
0.502 -1.82632
0.503 -1.82097
0.504 -1.81561
0.505 -1.81024
0.506 -1.80487
0.507 -1.79948
0.508 -1.79409
0.509 -1.78869
0.51 -1.78328
0.511 -1.77787
0.512 -1.77244
0.513 -1.76701
0.514 -1.76157
0.515 -1.75611
0.516 -1.75065
0.517 -1.74518
0.518 -1.7397
0.519 -1.73421
0.52 -1.72871
0.521 -1.7232
0.522 -1.71768
0.523 -1.71214
0.524 -1.7066
0.525 -1.70105
0.526 -1.69548
0.527 -1.68991
0.528 -1.68432
0.529 -1.67872
0.53 -1.67312
0.531 -1.66749
0.532 -1.66186
0.533 -1.65622
0.534 -1.65056
0.535 -1.64489
0.536 -1.6392
0.537 -1.63351
0.538 -1.6278
0.539 -1.62208
0.54 -1.61634
0.541 -1.6106
0.542 -1.60483
0.543 -1.59906
0.544 -1.59327
0.545 -1.58747
0.546 -1.58165
0.547 -1.57582
0.548 -1.56997
0.549 -1.56411
0.55 -1.55823
0.551 -1.55234
0.552 -1.54644
0.553 -1.54052
0.554 -1.53458
0.555 -1.52863
0.556 -1.52266
0.557 -1.51668
0.558 -1.51068
0.559 -1.50466
0.56 -1.49863
0.561 -1.49258
0.562 -1.48651
0.563 -1.48043
0.564 -1.47433
0.565 -1.46822
0.566 -1.46209
0.567 -1.45594
0.568 -1.44977
0.569 -1.44358
0.57 -1.43738
0.571 -1.43116
0.572 -1.42492
0.573 -1.41867
0.574 -1.41239
0.575 -1.4061
0.576 -1.39979
0.577 -1.39346
0.578 -1.38711
0.579 -1.38075
0.58 -1.37436
0.581 -1.36796
0.582 -1.36153
0.583 -1.35509
0.584 -1.34863
0.585 -1.34215
0.586 -1.33565
0.587 -1.32913
0.588 -1.32259
0.589 -1.31603
0.59 -1.30946
0.591 -1.30286
0.592 -1.29624
0.593 -1.2896
0.594 -1.28295
0.595 -1.27627
0.596 -1.26957
0.597 -1.26285
0.598 -1.25612
0.599 -1.24936
0.6 -1.24258
0.601 -1.23579
0.602 -1.22897
0.603 -1.22213
0.604 -1.21527
0.605 -1.20839
0.606 -1.20149
0.607 -1.19457
0.608 -1.18764
0.609 -1.18068
0.61 -1.1737
0.611 -1.1667
0.612 -1.15968
0.613 -1.15264
0.614 -1.14558
0.615 -1.1385
0.616 -1.1314
0.617 -1.12428
0.618 -1.11714
0.619 -1.10998
0.62 -1.10281
0.621 -1.09561
0.622 -1.08839
0.623 -1.08116
0.624 -1.0739
0.625 -1.06663
0.626 -1.05933
0.627 -1.05202
0.628 -1.04469
0.629 -1.03735
0.63 -1.02998
0.631 -1.0226
0.632 -1.01519
0.633 -1.00777
0.634 -1.00034
0.635 -0.992885
0.636 -0.985415
0.637 -0.977928
0.638 -0.970425
0.639 -0.962906
0.64 -0.955371
0.641 -0.947821
0.642 -0.940256
0.643 -0.932676
0.644 -0.925082
0.645 -0.917473
0.646 -0.909851
0.647 -0.902215
0.648 -0.894567
0.649 -0.886905
0.65 -0.879232
0.651 -0.871547
0.652 -0.86385
0.653 -0.856143
0.654 -0.848425
0.655 -0.840698
0.656 -0.832961
0.657 -0.825215
0.658 -0.81746
0.659 -0.809698
0.66 -0.801928
0.661 -0.794152
0.662 -0.786369
0.663 -0.778581
0.664 -0.770788
0.665 -0.762991
0.666 -0.75519
0.667 -0.747386
0.668 -0.739579
0.669 -0.731771
0.67 -0.723962
0.671 -0.716152
0.672 -0.708343
0.673 -0.700536
0.674 -0.69273
0.675 -0.684927
0.676 -0.677127
0.677 -0.669332
0.678 -0.661543
0.679 -0.653759
0.68 -0.645982
0.681 -0.638213
0.682 -0.630453
0.683 -0.622703
0.684 -0.614963
0.685 -0.607234
0.686 -0.599519
0.687 -0.591816
0.688 -0.584128
0.689 -0.576456
0.69 -0.5688
0.691 -0.561162
0.692 -0.553542
0.693 -0.545942
0.694 -0.538363
0.695 -0.530805
0.696 -0.523271
0.697 -0.515761
0.698 -0.508276
0.699 -0.500818
0.7 -0.493387
0.701 -0.485986
0.702 -0.478614
0.703 -0.471274
0.704 -0.463966
0.705 -0.456692
0.706 -0.449454
0.707 -0.442251
0.708 -0.435086
0.709 -0.427961
0.71 -0.420875
0.711 -0.413831
0.712 -0.40683
0.713 -0.399873
0.714 -0.392962
0.715 -0.386098
0.716 -0.379282
0.717 -0.372516
0.718 -0.365802
0.719 -0.359139
0.72 -0.352531
0.721 -0.345978
0.722 -0.339482
0.723 -0.333045
0.724 -0.326666
0.725 -0.320349
0.726 -0.314095
0.727 -0.307905
0.728 -0.30178
0.729 -0.295722
0.73 -0.289732
0.731 -0.283812
0.732 -0.277964
0.733 -0.272188
0.734 -0.266486
0.735 -0.26086
0.736 -0.255312
0.737 -0.249841
0.738 -0.244451
0.739 -0.239143
0.74 -0.233917
0.741 -0.228775
0.742 -0.22372
0.743 -0.218751
0.744 -0.213871
0.745 -0.209082
0.746 -0.204383
0.747 -0.199778
0.748 -0.195266
0.749 -0.190851
0.75 -0.186532
0.751 -0.182311
0.752 -0.178191
0.753 -0.174171
0.754 -0.170253
0.755 -0.166439
0.756 -0.16273
0.757 -0.159127
0.758 -0.155631
0.759 -0.152244
0.76 -0.148967
0.761 -0.145801
0.762 -0.142747
0.763 -0.139807
0.764 -0.136981
0.765 -0.13427
0.766 -0.131677
0.767 -0.129201
0.768 -0.126844
0.769 -0.124607
0.77 -0.12249
0.771 -0.120496
0.772 -0.118624
0.773 -0.116877
0.774 -0.115254
0.775 -0.113756
0.776 -0.112385
0.777 -0.111141
0.778 -0.110026
0.779 -0.109039
0.78 -0.108181
0.781 -0.107454
0.782 -0.106858
0.783 -0.106393
0.784 -0.106061
0.785 -0.105862
0.786 -0.105796
0.787 -0.105864
0.788 -0.106066
0.789 -0.106404
0.79 -0.106877
0.791 -0.107485
0.792 -0.10823
0.793 -0.109112
0.794 -0.11013
0.795 -0.111285
0.796 -0.112578
0.797 -0.114008
0.798 -0.115576
0.799 -0.117282
0.8 -0.119127
0.801 -0.121109
0.802 -0.123229
0.803 -0.125488
0.804 -0.127885
0.805 -0.13042
0.806 -0.133093
0.807 -0.135905
0.808 -0.138854
0.809 -0.14194
0.81 -0.145165
0.811 -0.148526
0.812 -0.152024
0.813 -0.155659
0.814 -0.15943
0.815 -0.163338
0.816 -0.16738
0.817 -0.171558
0.818 -0.17587
0.819 -0.180317
0.82 -0.184897
0.821 -0.18961
0.822 -0.194455
0.823 -0.199433
0.824 -0.204541
0.825 -0.20978
0.826 -0.215149
0.827 -0.220647
0.828 -0.226273
0.829 -0.232027
0.83 -0.237907
0.831 -0.243913
0.832 -0.250044
0.833 -0.256299
0.834 -0.262677
0.835 -0.269177
0.836 -0.275799
0.837 -0.28254
0.838 -0.289401
0.839 -0.29638
0.84 -0.303476
0.841 -0.310688
0.842 -0.318015
0.843 -0.325455
0.844 -0.333008
0.845 -0.340672
0.846 -0.348446
0.847 -0.356329
0.848 -0.36432
0.849 -0.372417
0.85 -0.380619
0.851 -0.388925
0.852 -0.397334
0.853 -0.405844
0.854 -0.414453
0.855 -0.423161
0.856 -0.431966
0.857 -0.440867
0.858 -0.449862
0.859 -0.45895
0.86 -0.46813
0.861 -0.477399
0.862 -0.486757
0.863 -0.496202
0.864 -0.505733
0.865 -0.515348
0.866 -0.525046
0.867 -0.534825
0.868 -0.544683
0.869 -0.55462
0.87 -0.564633
0.871 -0.574722
0.872 -0.584884
0.873 -0.595118
0.874 -0.605423
0.875 -0.615797
0.876 -0.626239
0.877 -0.636746
0.878 -0.647318
0.879 -0.657952
0.88 -0.668648
0.881 -0.679404
0.882 -0.690218
0.883 -0.701089
0.884 -0.712014
0.885 -0.722994
0.886 -0.734025
0.887 -0.745108
0.888 -0.756239
0.889 -0.767417
0.89 -0.778642
0.891 -0.789911
0.892 -0.801224
0.893 -0.812577
0.894 -0.823971
0.895 -0.835403
0.896 -0.846873
0.897 -0.858377
0.898 -0.869916
0.899 -0.881488
0.9 -0.893091
0.901 -0.904724
0.902 -0.916385
0.903 -0.928073
0.904 -0.939786
0.905 -0.951524
0.906 -0.963284
0.907 -0.975066
0.908 -0.986868
0.909 -0.998689
0.91 -1.01053
0.911 -1.02238
0.912 -1.03425
0.913 -1.04613
0.914 -1.05803
0.915 -1.06993
0.916 -1.08185
0.917 -1.09377
0.918 -1.1057
0.919 -1.11764
0.92 -1.12958
0.921 -1.14153
0.922 -1.15348
0.923 -1.16543
0.924 -1.17738
0.925 -1.18932
0.926 -1.20127
0.927 -1.21322
0.928 -1.22516
0.929 -1.23709
0.93 -1.24902
0.931 -1.26094
0.932 -1.27285
0.933 -1.28476
0.934 -1.29665
0.935 -1.30853
0.936 -1.3204
0.937 -1.33226
0.938 -1.34411
0.939 -1.35594
0.94 -1.36775
0.941 -1.37955
0.942 -1.39133
0.943 -1.40309
0.944 -1.41483
0.945 -1.42655
0.946 -1.43825
0.947 -1.44994
0.948 -1.46159
0.949 -1.47323
0.95 -1.48484
0.951 -1.49643
0.952 -1.508
0.953 -1.51954
0.954 -1.53105
0.955 -1.54253
0.956 -1.55399
0.957 -1.56542
0.958 -1.57683
0.959 -1.5882
0.96 -1.59954
0.961 -1.61086
0.962 -1.62214
0.963 -1.63339
0.964 -1.64461
0.965 -1.6558
0.966 -1.66695
0.967 -1.67807
0.968 -1.68916
0.969 -1.70022
0.97 -1.71124
0.971 -1.72222
0.972 -1.73317
0.973 -1.74408
0.974 -1.75496
0.975 -1.76581
0.976 -1.77661
0.977 -1.78738
0.978 -1.79811
0.979 -1.8088
0.98 -1.81946
0.981 -1.83008
0.982 -1.84066
0.983 -1.8512
0.984 -1.8617
0.985 -1.87217
0.986 -1.88259
0.987 -1.89297
0.988 -1.90332
0.989 -1.91362
0.99 -1.92389
0.991 -1.93411
0.992 -1.9443
0.993 -1.95444
0.994 -1.96454
0.995 -1.97461
0.996 -1.98463
0.997 -1.99461
0.998 -2.00455
0.999 -2.01445
1 -2.0243
1.001 -10
