0 -10
0.001 -5.72391
0.002 -5.71143
0.003 -5.69896
0.004 -5.68648
0.005 -5.67401
0.006 -5.66155
0.007 -5.64908
0.008 -5.63663
0.009 -5.62417
0.01 -5.61173
0.011 -5.59929
0.012 -5.58685
0.013 -5.57443
0.014 -5.56201
0.015 -5.5496
0.016 -5.5372
0.017 -5.52481
0.018 -5.51243
0.019 -5.50006
0.02 -5.48771
0.021 -5.47536
0.022 -5.46303
0.023 -5.45071
0.024 -5.43841
0.025 -5.42612
0.026 -5.41384
0.027 -5.40158
0.028 -5.38934
0.029 -5.37711
0.03 -5.3649
0.031 -5.35271
0.032 -5.34053
0.033 -5.32838
0.034 -5.31624
0.035 -5.30412
0.036 -5.29203
0.037 -5.27995
0.038 -5.26789
0.039 -5.25586
0.04 -5.24385
0.041 -5.23186
0.042 -5.21989
0.043 -5.20795
0.044 -5.19603
0.045 -5.18413
0.046 -5.17226
0.047 -5.16041
0.048 -5.14859
0.049 -5.1368
0.05 -5.12503
0.051 -5.11329
0.052 -5.10157
0.053 -5.08989
0.054 -5.07823
0.055 -5.06659
0.056 -5.05499
0.057 -5.04342
0.058 -5.03187
0.059 -5.02035
0.06 -5.00887
0.061 -4.99741
0.062 -4.98598
0.063 -4.97458
0.064 -4.96322
0.065 -4.95188
0.066 -4.94058
0.067 -4.92931
0.068 -4.91807
0.069 -4.90686
0.07 -4.89568
0.071 -4.88454
0.072 -4.87342
0.073 -4.86234
0.074 -4.8513
0.075 -4.84028
0.076 -4.8293
0.077 -4.81835
0.078 -4.80744
0.079 -4.79656
0.08 -4.78571
0.081 -4.7749
0.082 -4.76412
0.083 -4.75337
0.084 -4.74266
0.085 -4.73198
0.086 -4.72134
0.087 -4.71073
0.088 -4.70015
0.089 -4.68961
0.09 -4.67911
0.091 -4.66863
0.092 -4.6582
0.093 -4.64779
0.094 -4.63742
0.095 -4.62709
0.096 -4.61679
0.097 -4.60652
0.098 -4.59629
0.099 -4.58609
0.1 -4.57592
0.101 -4.56579
0.102 -4.5557
0.103 -4.54564
0.104 -4.53561
0.105 -4.52562
0.106 -4.51566
0.107 -4.50573
0.108 -4.49584
0.109 -4.48598
0.11 -4.47616
0.111 -4.46637
0.112 -4.45661
0.113 -4.44689
0.114 -4.4372
0.115 -4.42754
0.116 -4.41791
0.117 -4.40832
0.118 -4.39876
0.119 -4.38924
0.12 -4.37975
0.121 -4.37028
0.122 -4.36086
0.123 -4.35146
0.124 -4.3421
0.125 -4.33276
0.126 -4.32346
0.127 -4.3142
0.128 -4.30496
0.129 -4.29575
0.13 -4.28658
0.131 -4.27744
0.132 -4.26833
0.133 -4.25924
0.134 -4.25019
0.135 -4.24117
0.136 -4.23219
0.137 -4.22323
0.138 -4.2143
0.139 -4.2054
0.14 -4.19653
0.141 -4.18769
0.142 -4.17888
0.143 -4.1701
0.144 -4.16135
0.145 -4.15263
0.146 -4.14394
0.147 -4.13527
0.148 -4.12664
0.149 -4.11803
0.15 -4.10945
0.151 -4.1009
0.152 -4.09238
0.153 -4.08389
0.154 -4.07542
0.155 -4.06698
0.156 -4.05857
0.157 -4.05019
0.158 -4.04183
0.159 -4.0335
0.16 -4.0252
0.161 -4.01692
0.162 -4.00867
0.163 -4.00045
0.164 -3.99225
0.165 -3.98408
0.166 -3.97593
0.167 -3.96782
0.168 -3.95972
0.169 -3.95165
0.17 -3.94361
0.171 -3.93559
0.172 -3.9276
0.173 -3.91963
0.174 -3.91169
0.175 -3.90377
0.176 -3.89588
0.177 -3.88801
0.178 -3.88016
0.179 -3.87234
0.18 -3.86454
0.181 -3.85677
0.182 -3.84902
0.183 -3.84129
0.184 -3.83359
0.185 -3.82591
0.186 -3.81825
0.187 -3.81061
0.188 -3.803
0.189 -3.79541
0.19 -3.78785
0.191 -3.7803
0.192 -3.77278
0.193 -3.76528
0.194 -3.7578
0.195 -3.75034
0.196 -3.74291
0.197 -3.73549
0.198 -3.7281
0.199 -3.72073
0.2 -3.71338
0.201 -3.70605
0.202 -3.69874
0.203 -3.69146
0.204 -3.68419
0.205 -3.67694
0.206 -3.66972
0.207 -3.66251
0.208 -3.65532
0.209 -3.64816
0.21 -3.64101
0.211 -3.63388
0.212 -3.62678
0.213 -3.61969
0.214 -3.61262
0.215 -3.60557
0.216 -3.59854
0.217 -3.59153
0.218 -3.58453
0.219 -3.57756
0.22 -3.5706
0.221 -3.56367
0.222 -3.55675
0.223 -3.54985
0.224 -3.54296
0.225 -3.5361
0.226 -3.52925
0.227 -3.52242
0.228 -3.51561
0.229 -3.50881
0.23 -3.50204
0.231 -3.49528
0.232 -3.48853
0.233 -3.48181
0.234 -3.4751
0.235 -3.4684
0.236 -3.46173
0.237 -3.45507
0.238 -3.44843
0.239 -3.4418
0.24 -3.43519
0.241 -3.42859
0.242 -3.42202
0.243 -3.41545
0.244 -3.40891
0.245 -3.40238
0.246 -3.39586
0.247 -3.38936
0.248 -3.38288
0.249 -3.37641
0.25 -3.36995
0.251 -3.36351
0.252 -3.35709
0.253 -3.35068
0.254 -3.34429
0.255 -3.33791
0.256 -3.33154
0.257 -3.32519
0.258 -3.31885
0.259 -3.31253
0.26 -3.30623
0.261 -3.29993
0.262 -3.29365
0.263 -3.28739
0.264 -3.28114
0.265 -3.2749
0.266 -3.26868
0.267 -3.26247
0.268 -3.25627
0.269 -3.25009
0.27 -3.24392
0.271 -3.23776
0.272 -3.23162
0.273 -3.22549
0.274 -3.21938
0.275 -3.21327
0.276 -3.20718
0.277 -3.20111
0.278 -3.19504
0.279 -3.18899
0.28 -3.18295
0.281 -3.17693
0.282 -3.17091
0.283 -3.16491
0.284 -3.15892
0.285 -3.15295
0.286 -3.14698
0.287 -3.14103
0.288 -3.13509
0.289 -3.12917
0.29 -3.12325
0.291 -3.11735
0.292 -3.11146
0.293 -3.10558
0.294 -3.09971
0.295 -3.09386
0.296 -3.08801
0.297 -3.08218
0.298 -3.07636
0.299 -3.07055
0.3 -3.06476
0.301 -3.05897
0.302 -3.0532
0.303 -3.04744
0.304 -3.04168
0.305 -3.03594
0.306 -3.03022
0.307 -3.0245
0.308 -3.01879
0.309 -3.0131
0.31 -3.00741
0.311 -3.00174
0.312 -2.99608
0.313 -2.99043
0.314 -2.98478
0.315 -2.97916
0.316 -2.97354
0.317 -2.96793
0.318 -2.96233
0.319 -2.95674
0.32 -2.95117
0.321 -2.9456
0.322 -2.94005
0.323 -2.9345
0.324 -2.92897
0.325 -2.92345
0.326 -2.91793
0.327 -2.91243
0.328 -2.90694
0.329 -2.90146
0.33 -2.89598
0.331 -2.89052
0.332 -2.88507
0.333 -2.87963
0.334 -2.8742
0.335 -2.86878
0.336 -2.86336
0.337 -2.85796
0.338 -2.85257
0.339 -2.84719
0.34 -2.84182
0.341 -2.83645
0.342 -2.8311
0.343 -2.82576
0.344 -2.82043
0.345 -2.8151
0.346 -2.80979
0.347 -2.80448
0.348 -2.79919
0.349 -2.7939
0.35 -2.78863
0.351 -2.78336
0.352 -2.7781
0.353 -2.77286
0.354 -2.76762
0.355 -2.76239
0.356 -2.75717
0.357 -2.75196
0.358 -2.74676
0.359 -2.74156
0.36 -2.73638
0.361 -2.7312
0.362 -2.72604
0.363 -2.72088
0.364 -2.71573
0.365 -2.7106
0.366 -2.70547
0.367 -2.70034
0.368 -2.69523
0.369 -2.69013
0.37 -2.68503
0.371 -2.67994
0.372 -2.67487
0.373 -2.6698
0.374 -2.66473
0.375 -2.65968
0.376 -2.65464
0.377 -2.6496
0.378 -2.64457
0.379 -2.63955
0.38 -2.63454
0.381 -2.62954
0.382 -2.62454
0.383 -2.61955
0.384 -2.61457
0.385 -2.6096
0.386 -2.60464
0.387 -2.59968
0.388 -2.59473
0.389 -2.58979
0.39 -2.58486
0.391 -2.57993
0.392 -2.57502
0.393 -2.5701
0.394 -2.5652
0.395 -2.56031
0.396 -2.55542
0.397 -2.55054
0.398 -2.54566
0.399 -2.5408
0.4 -2.53594
0.401 -2.53109
0.402 -2.52624
0.403 -2.5214
0.404 -2.51657
0.405 -2.51175
0.406 -2.50693
0.407 -2.50212
0.408 -2.49731
0.409 -2.49252
0.41 -2.48772
0.411 -2.48294
0.412 -2.47816
0.413 -2.47339
0.414 -2.46862
0.415 -2.46386
0.416 -2.45911
0.417 -2.45436
0.418 -2.44962
0.419 -2.44489
0.42 -2.44016
0.421 -2.43543
0.422 -2.43072
0.423 -2.42601
0.424 -2.4213
0.425 -2.4166
0.426 -2.4119
0.427 -2.40721
0.428 -2.40253
0.429 -2.39785
0.43 -2.39318
0.431 -2.38851
0.432 -2.38384
0.433 -2.37918
0.434 -2.37453
0.435 -2.36988
0.436 -2.36524
0.437 -2.3606
0.438 -2.35596
0.439 -2.35133
0.44 -2.34671
0.441 -2.34209
0.442 -2.33747
0.443 -2.33286
0.444 -2.32825
0.445 -2.32365
0.446 -2.31905
0.447 -2.31445
0.448 -2.30986
0.449 -2.30527
0.45 -2.30068
0.451 -2.2961
0.452 -2.29153
0.453 -2.28695
0.454 -2.28238
0.455 -2.27781
0.456 -2.27325
0.457 -2.26869
0.458 -2.26413
0.459 -2.25958
0.46 -2.25503
0.461 -2.25048
0.462 -2.24593
0.463 -2.24139
0.464 -2.23685
0.465 -2.23231
0.466 -2.22777
0.467 -2.22324
0.468 -2.21871
0.469 -2.21418
0.47 -2.20965
0.471 -2.20513
0.472 -2.20061
0.473 -2.19608
0.474 -2.19157
0.475 -2.18705
0.476 -2.18253
0.477 -2.17802
0.478 -2.1735
0.479 -2.16899
0.48 -2.16448
0.481 -2.15997
0.482 -2.15546
0.483 -2.15096
0.484 -2.14645
0.485 -2.14194
0.486 -2.13744
0.487 -2.13293
0.488 -2.12843
0.489 -2.12393
0.49 -2.11942
0.491 -2.11492
0.492 -2.11042
0.493 -2.10591
0.494 -2.10141
0.495 -2.09691
0.496 -2.09241
0.497 -2.0879
0.498 -2.0834
0.499 -2.07889
0.5 -2.07439
0.501 -2.06988
0.502 -2.06538
0.503 -2.06087
0.504 -2.05636
0.505 -2.05185
0.506 -2.04734
0.507 -2.04283
0.508 -2.03831
0.509 -2.0338
0.51 -2.02928
0.511 -2.02476
0.512 -2.02024
0.513 -2.01572
0.514 -2.0112
0.515 -2.00667
0.516 -2.00214
0.517 -1.99761
0.518 -1.99308
0.519 -1.98855
0.52 -1.98401
0.521 -1.97947
0.522 -1.97492
0.523 -1.97038
0.524 -1.96583
0.525 -1.96128
0.526 -1.95672
0.527 -1.95216
0.528 -1.9476
0.529 -1.94304
0.53 -1.93847
0.531 -1.9339
0.532 -1.92932
0.533 -1.92474
0.534 -1.92016
0.535 -1.91557
0.536 -1.91097
0.537 -1.90638
0.538 -1.90178
0.539 -1.89717
0.54 -1.89256
0.541 -1.88795
0.542 -1.88333
0.543 -1.8787
0.544 -1.87407
0.545 -1.86944
0.546 -1.8648
0.547 -1.86015
0.548 -1.8555
0.549 -1.85085
0.55 -1.84618
0.551 -1.84152
0.552 -1.83684
0.553 -1.83216
0.554 -1.82748
0.555 -1.82279
0.556 -1.81809
0.557 -1.81339
0.558 -1.80867
0.559 -1.80396
0.56 -1.79923
0.561 -1.7945
0.562 -1.78977
0.563 -1.78502
0.564 -1.78027
0.565 -1.77551
0.566 -1.77074
0.567 -1.76597
0.568 -1.76119
0.569 -1.7564
0.57 -1.7516
0.571 -1.7468
0.572 -1.74198
0.573 -1.73716
0.574 -1.73234
0.575 -1.7275
0.576 -1.72265
0.577 -1.7178
0.578 -1.71294
0.579 -1.70806
0.58 -1.70318
0.581 -1.69829
0.582 -1.6934
0.583 -1.68849
0.584 -1.68357
0.585 -1.67865
0.586 -1.67371
0.587 -1.66877
0.588 -1.66381
0.589 -1.65885
0.59 -1.65387
0.591 -1.64889
0.592 -1.64389
0.593 -1.63889
0.594 -1.63387
0.595 -1.62885
0.596 -1.62381
0.597 -1.61877
0.598 -1.61371
0.599 -1.60864
0.6 -1.60356
0.601 -1.59847
0.602 -1.59337
0.603 -1.58826
0.604 -1.58313
0.605 -1.578
0.606 -1.57285
0.607 -1.56769
0.608 -1.56252
0.609 -1.55734
0.61 -1.55215
0.611 -1.54694
0.612 -1.54172
0.613 -1.53649
0.614 -1.53125
0.615 -1.526
0.616 -1.52073
0.617 -1.51545
0.618 -1.51016
0.619 -1.50485
0.62 -1.49953
0.621 -1.4942
0.622 -1.48886
0.623 -1.4835
0.624 -1.47813
0.625 -1.47274
0.626 -1.46735
0.627 -1.46194
0.628 -1.45651
0.629 -1.45107
0.63 -1.44562
0.631 -1.44015
0.632 -1.43467
0.633 -1.42918
0.634 -1.42367
0.635 -1.41815
0.636 -1.41261
0.637 -1.40706
0.638 -1.4015
0.639 -1.39592
0.64 -1.39032
0.641 -1.38472
0.642 -1.37909
0.643 -1.37345
0.644 -1.3678
0.645 -1.36213
0.646 -1.35645
0.647 -1.35075
0.648 -1.34504
0.649 -1.33931
0.65 -1.33357
0.651 -1.32781
0.652 -1.32204
0.653 -1.31625
0.654 -1.31045
0.655 -1.30463
0.656 -1.29879
0.657 -1.29294
0.658 -1.28708
0.659 -1.28119
0.66 -1.2753
0.661 -1.26938
0.662 -1.26346
0.663 -1.25751
0.664 -1.25155
0.665 -1.24558
0.666 -1.23959
0.667 -1.23358
0.668 -1.22756
0.669 -1.22152
0.67 -1.21546
0.671 -1.2094
0.672 -1.20331
0.673 -1.19721
0.674 -1.19109
0.675 -1.18496
0.676 -1.17881
0.677 -1.17265
0.678 -1.16647
0.679 -1.16027
0.68 -1.15406
0.681 -1.14783
0.682 -1.14159
0.683 -1.13533
0.684 -1.12906
0.685 -1.12277
0.686 -1.11646
0.687 -1.11015
0.688 -1.10381
0.689 -1.09746
0.69 -1.0911
0.691 -1.08471
0.692 -1.07832
0.693 -1.07191
0.694 -1.06548
0.695 -1.05905
0.696 -1.05259
0.697 -1.04612
0.698 -1.03964
0.699 -1.03314
0.7 -1.02663
0.701 -1.0201
0.702 -1.01357
0.703 -1.00701
0.704 -1.00045
0.705 -0.993865
0.706 -0.987272
0.707 -0.980665
0.708 -0.974046
0.709 -0.967413
0.71 -0.960768
0.711 -0.954111
0.712 -0.947441
0.713 -0.94076
0.714 -0.934066
0.715 -0.927361
0.716 -0.920645
0.717 -0.913918
0.718 -0.907179
0.719 -0.90043
0.72 -0.893671
0.721 -0.886901
0.722 -0.880122
0.723 -0.873333
0.724 -0.866534
0.725 -0.859727
0.726 -0.852911
0.727 -0.846087
0.728 -0.839254
0.729 -0.832414
0.73 -0.825566
0.731 -0.818711
0.732 -0.81185
0.733 -0.804982
0.734 -0.798108
0.735 -0.791228
0.736 -0.784343
0.737 -0.777453
0.738 -0.770559
0.739 -0.763661
0.74 -0.756759
0.741 -0.749854
0.742 -0.742947
0.743 -0.736037
0.744 -0.729125
0.745 -0.722212
0.746 -0.715298
0.747 -0.708384
0.748 -0.701469
0.749 -0.694556
0.75 -0.687643
0.751 -0.680732
0.752 -0.673824
0.753 -0.666918
0.754 -0.660016
0.755 -0.653117
0.756 -0.646223
0.757 -0.639334
0.758 -0.632451
0.759 -0.625574
0.76 -0.618704
0.761 -0.611842
0.762 -0.604987
0.763 -0.598142
0.764 -0.591306
0.765 -0.584481
0.766 -0.577666
0.767 -0.570863
0.768 -0.564072
0.769 -0.557294
0.77 -0.55053
0.771 -0.54378
0.772 -0.537045
0.773 -0.530327
0.774 -0.523625
0.775 -0.516941
0.776 -0.510275
0.777 -0.503628
0.778 -0.497001
0.779 -0.490395
0.78 -0.48381
0.781 -0.477248
0.782 -0.470709
0.783 -0.464194
0.784 -0.457704
0.785 -0.45124
0.786 -0.444802
0.787 -0.438393
0.788 -0.432011
0.789 -0.425659
0.79 -0.419338
0.791 -0.413048
0.792 -0.40679
0.793 -0.400565
0.794 -0.394374
0.795 -0.388218
0.796 -0.382098
0.797 -0.376016
0.798 -0.369971
0.799 -0.363965
0.8 -0.357999
0.801 -0.352074
0.802 -0.346191
0.803 -0.340352
0.804 -0.334556
0.805 -0.328805
0.806 -0.3231
0.807 -0.317442
0.808 -0.311832
0.809 -0.306271
0.81 -0.300761
0.811 -0.295302
0.812 -0.289895
0.813 -0.284542
0.814 -0.279242
0.815 -0.273999
0.816 -0.268812
0.817 -0.263682
0.818 -0.258612
0.819 -0.253601
0.82 -0.24865
0.821 -0.243762
0.822 -0.238937
0.823 -0.234175
0.824 -0.229479
0.825 -0.224849
0.826 -0.220286
0.827 -0.215792
0.828 -0.211367
0.829 -0.207012
0.83 -0.202729
0.831 -0.198518
0.832 -0.194381
0.833 -0.190319
0.834 -0.186332
0.835 -0.182423
0.836 -0.178591
0.837 -0.174837
0.838 -0.171164
0.839 -0.167571
0.84 -0.164061
0.841 -0.160633
0.842 -0.157289
0.843 -0.15403
0.844 -0.150857
0.845 -0.147771
0.846 -0.144773
0.847 -0.141863
0.848 -0.139043
0.849 -0.136314
0.85 -0.133677
0.851 -0.131132
0.852 -0.12868
0.853 -0.126323
0.854 -0.124061
0.855 -0.121895
0.856 -0.119826
0.857 -0.117855
0.858 -0.115982
0.859 -0.114209
0.86 -0.112536
0.861 -0.110965
0.862 -0.109495
0.863 -0.108128
0.864 -0.106864
0.865 -0.105704
0.866 -0.104649
0.867 -0.1037
0.868 -0.102857
0.869 -0.102121
0.87 -0.101492
0.871 -0.100972
0.872 -0.10056
0.873 -0.100258
0.874 -0.100066
0.875 -0.0999844
0.876 -0.100014
0.877 -0.100155
0.878 -0.100409
0.879 -0.100775
0.88 -0.101254
0.881 -0.101846
0.882 -0.102553
0.883 -0.103374
0.884 -0.10431
0.885 -0.105362
0.886 -0.106528
0.887 -0.107811
0.888 -0.10921
0.889 -0.110725
0.89 -0.112357
0.891 -0.114106
0.892 -0.115973
0.893 -0.117957
0.894 -0.120058
0.895 -0.122277
0.896 -0.124614
0.897 -0.127069
0.898 -0.129643
0.899 -0.132334
0.9 -0.135144
0.901 -0.138072
0.902 -0.141118
0.903 -0.144282
0.904 -0.147565
0.905 -0.150966
0.906 -0.154485
0.907 -0.158122
0.908 -0.161877
0.909 -0.16575
0.91 -0.16974
0.911 -0.173847
0.912 -0.178072
0.913 -0.182413
0.914 -0.186872
0.915 -0.191446
0.916 -0.196137
0.917 -0.200943
0.918 -0.205864
0.919 -0.210901
0.92 -0.216052
0.921 -0.221318
0.922 -0.226697
0.923 -0.232189
0.924 -0.237794
0.925 -0.243512
0.926 -0.249341
0.927 -0.255282
0.928 -0.261333
0.929 -0.267494
0.93 -0.273765
0.931 -0.280145
0.932 -0.286633
0.933 -0.293229
0.934 -0.299932
0.935 -0.30674
0.936 -0.313655
0.937 -0.320674
0.938 -0.327797
0.939 -0.335023
0.94 -0.342352
0.941 -0.349782
0.942 -0.357313
0.943 -0.364945
0.944 -0.372675
0.945 -0.380503
0.946 -0.388429
0.947 -0.396451
0.948 -0.404569
0.949 -0.412782
0.95 -0.421088
0.951 -0.429486
0.952 -0.437977
0.953 -0.446557
0.954 -0.455228
0.955 -0.463987
0.956 -0.472834
0.957 -0.481768
0.958 -0.490787
0.959 -0.49989
0.96 -0.509077
0.961 -0.518346
0.962 -0.527696
0.963 -0.537126
0.964 -0.546635
0.965 -0.556222
0.966 -0.565885
0.967 -0.575624
0.968 -0.585437
0.969 -0.595323
0.97 -0.605282
0.971 -0.615311
0.972 -0.625409
0.973 -0.635576
0.974 -0.645811
0.975 -0.656111
0.976 -0.666476
0.977 -0.676904
0.978 -0.687395
0.979 -0.697947
0.98 -0.708558
0.981 -0.719229
0.982 -0.729957
0.983 -0.74074
0.984 -0.751579
0.985 -0.762472
0.986 -0.773417
0.987 -0.784413
0.988 -0.795459
0.989 -0.806553
0.99 -0.817695
0.991 -0.828884
0.992 -0.840117
0.993 -0.851394
0.994 -0.862713
0.995 -0.874073
0.996 -0.885474
0.997 -0.896913
0.998 -0.90839
0.999 -0.919903
1 -0.931451
1.001 -10
