0 5
0.001 3.25553
0.002 3.25309
0.003 3.25067
0.004 3.24825
0.005 3.24584
0.006 3.24344
0.007 3.24106
0.008 3.23868
0.009 3.23631
0.01 3.23395
0.011 3.2316
0.012 3.22926
0.013 3.22694
0.014 3.22462
0.015 3.22232
0.016 3.22002
0.017 3.21774
0.018 3.21548
0.019 3.21322
0.02 3.21098
0.021 3.20875
0.022 3.20653
0.023 3.20433
0.024 3.20214
0.025 3.19996
0.026 3.1978
0.027 3.19565
0.028 3.19352
0.029 3.1914
0.03 3.18929
0.031 3.1872
0.032 3.18513
0.033 3.18307
0.034 3.18103
0.035 3.179
0.036 3.17699
0.037 3.175
0.038 3.17302
0.039 3.17106
0.04 3.16912
0.041 3.16719
0.042 3.16528
0.043 3.16339
0.044 3.16151
0.045 3.15966
0.046 3.15782
0.047 3.156
0.048 3.1542
0.049 3.15241
0.05 3.15065
0.051 3.1489
0.052 3.14718
0.053 3.14547
0.054 3.14378
0.055 3.14211
0.056 3.14046
0.057 3.13883
0.058 3.13722
0.059 3.13563
0.06 3.13406
0.061 3.13251
0.062 3.13098
0.063 3.12947
0.064 3.12798
0.065 3.12652
0.066 3.12507
0.067 3.12364
0.068 3.12224
0.069 3.12085
0.07 3.11949
0.071 3.11814
0.072 3.11682
0.073 3.11552
0.074 3.11424
0.075 3.11299
0.076 3.11175
0.077 3.11054
0.078 3.10934
0.079 3.10817
0.08 3.10702
0.081 3.10589
0.082 3.10479
0.083 3.1037
0.084 3.10264
0.085 3.1016
0.086 3.10058
0.087 3.09958
0.088 3.0986
0.089 3.09765
0.09 3.09671
0.091 3.0958
0.092 3.09491
0.093 3.09405
0.094 3.0932
0.095 3.09237
0.096 3.09157
0.097 3.09079
0.098 3.09003
0.099 3.08929
0.1 3.08857
0.101 3.08787
0.102 3.0872
0.103 3.08654
0.104 3.08591
0.105 3.0853
0.106 3.08471
0.107 3.08414
0.108 3.08359
0.109 3.08306
0.11 3.08255
0.111 3.08206
0.112 3.0816
0.113 3.08115
0.114 3.08072
0.115 3.08032
0.116 3.07993
0.117 3.07956
0.118 3.07921
0.119 3.07889
0.12 3.07858
0.121 3.07829
0.122 3.07802
0.123 3.07777
0.124 3.07754
0.125 3.07733
0.126 3.07713
0.127 3.07696
0.128 3.0768
0.129 3.07667
0.13 3.07655
0.131 3.07644
0.132 3.07636
0.133 3.07629
0.134 3.07625
0.135 3.07621
0.136 3.0762
0.137 3.0762
0.138 3.07622
0.139 3.07626
0.14 3.07631
0.141 3.07638
0.142 3.07647
0.143 3.07657
0.144 3.07669
0.145 3.07683
0.146 3.07698
0.147 3.07714
0.148 3.07732
0.149 3.07752
0.15 3.07773
0.151 3.07795
0.152 3.07819
0.153 3.07845
0.154 3.07872
0.155 3.079
0.156 3.0793
0.157 3.07961
0.158 3.07993
0.159 3.08027
0.16 3.08062
0.161 3.08098
0.162 3.08136
0.163 3.08175
0.164 3.08215
0.165 3.08257
0.166 3.08299
0.167 3.08343
0.168 3.08388
0.169 3.08435
0.17 3.08482
0.171 3.08531
0.172 3.0858
0.173 3.08631
0.174 3.08683
0.175 3.08736
0.176 3.0879
0.177 3.08845
0.178 3.08901
0.179 3.08958
0.18 3.09016
0.181 3.09075
0.182 3.09135
0.183 3.09195
0.184 3.09257
0.185 3.0932
0.186 3.09384
0.187 3.09448
0.188 3.09513
0.189 3.0958
0.19 3.09647
0.191 3.09715
0.192 3.09783
0.193 3.09853
0.194 3.09923
0.195 3.09994
0.196 3.10066
0.197 3.10138
0.198 3.10211
0.199 3.10285
0.2 3.1036
0.201 3.10435
0.202 3.10511
0.203 3.10587
0.204 3.10665
0.205 3.10742
0.206 3.10821
0.207 3.109
0.208 3.10979
0.209 3.1106
0.21 3.1114
0.211 3.11222
0.212 3.11304
0.213 3.11386
0.214 3.11469
0.215 3.11552
0.216 3.11636
0.217 3.1172
0.218 3.11805
0.219 3.1189
0.22 3.11976
0.221 3.12062
0.222 3.12149
0.223 3.12236
0.224 3.12323
0.225 3.12411
0.226 3.12499
0.227 3.12588
0.228 3.12677
0.229 3.12766
0.23 3.12855
0.231 3.12945
0.232 3.13036
0.233 3.13126
0.234 3.13217
0.235 3.13308
0.236 3.134
0.237 3.13491
0.238 3.13583
0.239 3.13676
0.24 3.13768
0.241 3.13861
0.242 3.13954
0.243 3.14047
0.244 3.14141
0.245 3.14234
0.246 3.14328
0.247 3.14422
0.248 3.14516
0.249 3.14611
0.25 3.14705
0.251 3.148
0.252 3.14895
0.253 3.1499
0.254 3.15085
0.255 3.15181
0.256 3.15276
0.257 3.15372
0.258 3.15467
0.259 3.15563
0.26 3.15659
0.261 3.15755
0.262 3.15851
0.263 3.15948
0.264 3.16044
0.265 3.1614
0.266 3.16237
0.267 3.16333
0.268 3.1643
0.269 3.16526
0.27 3.16623
0.271 3.16719
0.272 3.16816
0.273 3.16913
0.274 3.17009
0.275 3.17106
0.276 3.17203
0.277 3.173
0.278 3.17396
0.279 3.17493
0.28 3.1759
0.281 3.17686
0.282 3.17783
0.283 3.1788
0.284 3.17976
0.285 3.18073
0.286 3.18169
0.287 3.18266
0.288 3.18362
0.289 3.18459
0.29 3.18555
0.291 3.18651
0.292 3.18747
0.293 3.18843
0.294 3.1894
0.295 3.19035
0.296 3.19131
0.297 3.19227
0.298 3.19323
0.299 3.19418
0.3 3.19514
0.301 3.19609
0.302 3.19704
0.303 3.19799
0.304 3.19894
0.305 3.19989
0.306 3.20084
0.307 3.20178
0.308 3.20273
0.309 3.20367
0.31 3.20461
0.311 3.20555
0.312 3.20649
0.313 3.20743
0.314 3.20837
0.315 3.2093
0.316 3.21023
0.317 3.21116
0.318 3.21209
0.319 3.21302
0.32 3.21395
0.321 3.21487
0.322 3.21579
0.323 3.21671
0.324 3.21763
0.325 3.21855
0.326 3.21946
0.327 3.22037
0.328 3.22128
0.329 3.22219
0.33 3.2231
0.331 3.224
0.332 3.22491
0.333 3.22581
0.334 3.2267
0.335 3.2276
0.336 3.22849
0.337 3.22939
0.338 3.23027
0.339 3.23116
0.34 3.23205
0.341 3.23293
0.342 3.23381
0.343 3.23469
0.344 3.23556
0.345 3.23643
0.346 3.2373
0.347 3.23817
0.348 3.23904
0.349 3.2399
0.35 3.24076
0.351 3.24162
0.352 3.24247
0.353 3.24333
0.354 3.24418
0.355 3.24502
0.356 3.24587
0.357 3.24671
0.358 3.24755
0.359 3.24839
0.36 3.24922
0.361 3.25006
0.362 3.25088
0.363 3.25171
0.364 3.25253
0.365 3.25336
0.366 3.25417
0.367 3.25499
0.368 3.2558
0.369 3.25661
0.37 3.25742
0.371 3.25822
0.372 3.25902
0.373 3.25982
0.374 3.26062
0.375 3.26141
0.376 3.2622
0.377 3.26299
0.378 3.26377
0.379 3.26455
0.38 3.26533
0.381 3.26611
0.382 3.26688
0.383 3.26765
0.384 3.26842
0.385 3.26918
0.386 3.26994
0.387 3.2707
0.388 3.27145
0.389 3.2722
0.39 3.27295
0.391 3.2737
0.392 3.27444
0.393 3.27518
0.394 3.27592
0.395 3.27665
0.396 3.27738
0.397 3.27811
0.398 3.27884
0.399 3.27956
0.4 3.28028
0.401 3.28099
0.402 3.28171
0.403 3.28242
0.404 3.28312
0.405 3.28383
0.406 3.28453
0.407 3.28523
0.408 3.28592
0.409 3.28661
0.41 3.2873
0.411 3.28799
0.412 3.28867
0.413 3.28935
0.414 3.29003
0.415 3.2907
0.416 3.29137
0.417 3.29204
0.418 3.2927
0.419 3.29336
0.42 3.29402
0.421 3.29468
0.422 3.29533
0.423 3.29598
0.424 3.29663
0.425 3.29727
0.426 3.29791
0.427 3.29855
0.428 3.29918
0.429 3.29981
0.43 3.30044
0.431 3.30107
0.432 3.30169
0.433 3.30231
0.434 3.30293
0.435 3.30354
0.436 3.30415
0.437 3.30476
0.438 3.30536
0.439 3.30596
0.44 3.30656
0.441 3.30716
0.442 3.30775
0.443 3.30834
0.444 3.30893
0.445 3.30951
0.446 3.31009
0.447 3.31067
0.448 3.31125
0.449 3.31182
0.45 3.31239
0.451 3.31295
0.452 3.31352
0.453 3.31408
0.454 3.31464
0.455 3.31519
0.456 3.31574
0.457 3.31629
0.458 3.31684
0.459 3.31738
0.46 3.31792
0.461 3.31846
0.462 3.319
0.463 3.31953
0.464 3.32006
0.465 3.32059
0.466 3.32111
0.467 3.32163
0.468 3.32215
0.469 3.32267
0.47 3.32318
0.471 3.32369
0.472 3.3242
0.473 3.3247
0.474 3.3252
0.475 3.3257
0.476 3.3262
0.477 3.32669
0.478 3.32718
0.479 3.32767
0.48 3.32816
0.481 3.32864
0.482 3.32912
0.483 3.3296
0.484 3.33007
0.485 3.33054
0.486 3.33101
0.487 3.33148
0.488 3.33195
0.489 3.33241
0.49 3.33287
0.491 3.33332
0.492 3.33378
0.493 3.33423
0.494 3.33468
0.495 3.33512
0.496 3.33557
0.497 3.33601
0.498 3.33645
0.499 3.33688
0.5 3.33732
0.501 3.33775
0.502 3.33817
0.503 3.3386
0.504 3.33902
0.505 3.33944
0.506 3.33986
0.507 3.34028
0.508 3.34069
0.509 3.3411
0.51 3.34151
0.511 3.34192
0.512 3.34232
0.513 3.34272
0.514 3.34312
0.515 3.34351
0.516 3.34391
0.517 3.3443
0.518 3.34469
0.519 3.34507
0.52 3.34546
0.521 3.34584
0.522 3.34622
0.523 3.3466
0.524 3.34697
0.525 3.34734
0.526 3.34771
0.527 3.34808
0.528 3.34844
0.529 3.34881
0.53 3.34917
0.531 3.34952
0.532 3.34988
0.533 3.35023
0.534 3.35058
0.535 3.35093
0.536 3.35128
0.537 3.35162
0.538 3.35196
0.539 3.3523
0.54 3.35264
0.541 3.35298
0.542 3.35331
0.543 3.35364
0.544 3.35397
0.545 3.35429
0.546 3.35462
0.547 3.35494
0.548 3.35526
0.549 3.35557
0.55 3.35589
0.551 3.3562
0.552 3.35651
0.553 3.35682
0.554 3.35712
0.555 3.35743
0.556 3.35773
0.557 3.35803
0.558 3.35832
0.559 3.35862
0.56 3.35891
0.561 3.3592
0.562 3.35949
0.563 3.35977
0.564 3.36006
0.565 3.36034
0.566 3.36062
0.567 3.3609
0.568 3.36117
0.569 3.36144
0.57 3.36171
0.571 3.36198
0.572 3.36225
0.573 3.36251
0.574 3.36278
0.575 3.36304
0.576 3.36329
0.577 3.36355
0.578 3.3638
0.579 3.36405
0.58 3.3643
0.581 3.36455
0.582 3.3648
0.583 3.36504
0.584 3.36528
0.585 3.36552
0.586 3.36576
0.587 3.36599
0.588 3.36622
0.589 3.36645
0.59 3.36668
0.591 3.36691
0.592 3.36713
0.593 3.36735
0.594 3.36757
0.595 3.36779
0.596 3.36801
0.597 3.36822
0.598 3.36843
0.599 3.36864
0.6 3.36885
0.601 3.36906
0.602 3.36926
0.603 3.36946
0.604 3.36966
0.605 3.36986
0.606 3.37005
0.607 3.37024
0.608 3.37043
0.609 3.37062
0.61 3.37081
0.611 3.37099
0.612 3.37118
0.613 3.37136
0.614 3.37153
0.615 3.37171
0.616 3.37188
0.617 3.37206
0.618 3.37223
0.619 3.37239
0.62 3.37256
0.621 3.37272
0.622 3.37288
0.623 3.37304
0.624 3.3732
0.625 3.37335
0.626 3.37351
0.627 3.37366
0.628 3.37381
0.629 3.37395
0.63 3.3741
0.631 3.37424
0.632 3.37438
0.633 3.37452
0.634 3.37465
0.635 3.37479
0.636 3.37492
0.637 3.37505
0.638 3.37518
0.639 3.3753
0.64 3.37543
0.641 3.37555
0.642 3.37566
0.643 3.37578
0.644 3.3759
0.645 3.37601
0.646 3.37612
0.647 3.37622
0.648 3.37633
0.649 3.37643
0.65 3.37653
0.651 3.37663
0.652 3.37673
0.653 3.37682
0.654 3.37692
0.655 3.377
0.656 3.37709
0.657 3.37718
0.658 3.37726
0.659 3.37734
0.66 3.37742
0.661 3.37749
0.662 3.37757
0.663 3.37764
0.664 3.37771
0.665 3.37777
0.666 3.37784
0.667 3.3779
0.668 3.37796
0.669 3.37801
0.67 3.37807
0.671 3.37812
0.672 3.37817
0.673 3.37821
0.674 3.37826
0.675 3.3783
0.676 3.37834
0.677 3.37837
0.678 3.37841
0.679 3.37844
0.68 3.37847
0.681 3.37849
0.682 3.37852
0.683 3.37854
0.684 3.37855
0.685 3.37857
0.686 3.37858
0.687 3.37859
0.688 3.3786
0.689 3.3786
0.69 3.3786
0.691 3.3786
0.692 3.37859
0.693 3.37858
0.694 3.37857
0.695 3.37856
0.696 3.37854
0.697 3.37852
0.698 3.3785
0.699 3.37847
0.7 3.37844
0.701 3.37841
0.702 3.37837
0.703 3.37833
0.704 3.37829
0.705 3.37824
0.706 3.37819
0.707 3.37814
0.708 3.37808
0.709 3.37802
0.71 3.37796
0.711 3.37789
0.712 3.37782
0.713 3.37775
0.714 3.37767
0.715 3.37759
0.716 3.3775
0.717 3.37741
0.718 3.37732
0.719 3.37722
0.72 3.37712
0.721 3.37701
0.722 3.3769
0.723 3.37679
0.724 3.37667
0.725 3.37655
0.726 3.37642
0.727 3.37629
0.728 3.37615
0.729 3.37601
0.73 3.37587
0.731 3.37572
0.732 3.37556
0.733 3.3754
0.734 3.37524
0.735 3.37507
0.736 3.37489
0.737 3.37471
0.738 3.37453
0.739 3.37434
0.74 3.37414
0.741 3.37394
0.742 3.37374
0.743 3.37352
0.744 3.37331
0.745 3.37308
0.746 3.37285
0.747 3.37262
0.748 3.37238
0.749 3.37213
0.75 3.37188
0.751 3.37162
0.752 3.37135
0.753 3.37108
0.754 3.3708
0.755 3.37052
0.756 3.37022
0.757 3.36992
0.758 3.36962
0.759 3.36931
0.76 3.36898
0.761 3.36866
0.762 3.36832
0.763 3.36798
0.764 3.36763
0.765 3.36727
0.766 3.36691
0.767 3.36654
0.768 3.36615
0.769 3.36577
0.77 3.36537
0.771 3.36496
0.772 3.36455
0.773 3.36413
0.774 3.36369
0.775 3.36325
0.776 3.36281
0.777 3.36235
0.778 3.36188
0.779 3.3614
0.78 3.36092
0.781 3.36042
0.782 3.35992
0.783 3.3594
0.784 3.35888
0.785 3.35834
0.786 3.3578
0.787 3.35724
0.788 3.35668
0.789 3.3561
0.79 3.35552
0.791 3.35492
0.792 3.35431
0.793 3.35369
0.794 3.35306
0.795 3.35242
0.796 3.35177
0.797 3.35111
0.798 3.35043
0.799 3.34974
0.8 3.34904
0.801 3.34833
0.802 3.34761
0.803 3.34687
0.804 3.34613
0.805 3.34537
0.806 3.34459
0.807 3.34381
0.808 3.34301
0.809 3.3422
0.81 3.34137
0.811 3.34054
0.812 3.33969
0.813 3.33882
0.814 3.33795
0.815 3.33706
0.816 3.33615
0.817 3.33524
0.818 3.3343
0.819 3.33336
0.82 3.3324
0.821 3.33143
0.822 3.33044
0.823 3.32944
0.824 3.32842
0.825 3.32739
0.826 3.32635
0.827 3.32529
0.828 3.32422
0.829 3.32313
0.83 3.32203
0.831 3.32091
0.832 3.31978
0.833 3.31863
0.834 3.31747
0.835 3.31629
0.836 3.3151
0.837 3.3139
0.838 3.31268
0.839 3.31144
0.84 3.31019
0.841 3.30893
0.842 3.30764
0.843 3.30635
0.844 3.30504
0.845 3.30371
0.846 3.30237
0.847 3.30102
0.848 3.29965
0.849 3.29827
0.85 3.29687
0.851 3.29545
0.852 3.29402
0.853 3.29258
0.854 3.29112
0.855 3.28965
0.856 3.28817
0.857 3.28667
0.858 3.28515
0.859 3.28362
0.86 3.28208
0.861 3.28052
0.862 3.27895
0.863 3.27737
0.864 3.27577
0.865 3.27416
0.866 3.27254
0.867 3.2709
0.868 3.26925
0.869 3.26759
0.87 3.26591
0.871 3.26423
0.872 3.26253
0.873 3.26081
0.874 3.25909
0.875 3.25735
0.876 3.25561
0.877 3.25385
0.878 3.25208
0.879 3.2503
0.88 3.24851
0.881 3.24671
0.882 3.24489
0.883 3.24307
0.884 3.24124
0.885 3.2394
0.886 3.23755
0.887 3.23569
0.888 3.23382
0.889 3.23195
0.89 3.23006
0.891 3.22817
0.892 3.22627
0.893 3.22436
0.894 3.22245
0.895 3.22053
0.896 3.2186
0.897 3.21667
0.898 3.21473
0.899 3.21278
0.9 3.21083
0.901 3.20888
0.902 3.20692
0.903 3.20495
0.904 3.20299
0.905 3.20101
0.906 3.19904
0.907 3.19706
0.908 3.19508
0.909 3.1931
0.91 3.19111
0.911 3.18913
0.912 3.18714
0.913 3.18515
0.914 3.18316
0.915 3.18117
0.916 3.17918
0.917 3.17719
0.918 3.1752
0.919 3.17321
0.92 3.17123
0.921 3.16924
0.922 3.16726
0.923 3.16528
0.924 3.1633
0.925 3.16132
0.926 3.15935
0.927 3.15738
0.928 3.15542
0.929 3.15346
0.93 3.1515
0.931 3.14955
0.932 3.1476
0.933 3.14566
0.934 3.14372
0.935 3.14179
0.936 3.13987
0.937 3.13795
0.938 3.13605
0.939 3.13414
0.94 3.13225
0.941 3.13036
0.942 3.12848
0.943 3.12661
0.944 3.12474
0.945 3.12289
0.946 3.12105
0.947 3.11921
0.948 3.11738
0.949 3.11556
0.95 3.11376
0.951 3.11196
0.952 3.11017
0.953 3.1084
0.954 3.10663
0.955 3.10488
0.956 3.10313
0.957 3.1014
0.958 3.09968
0.959 3.09797
0.96 3.09627
0.961 3.09458
0.962 3.09291
0.963 3.09125
0.964 3.0896
0.965 3.08796
0.966 3.08634
0.967 3.08473
0.968 3.08313
0.969 3.08155
0.97 3.07997
0.971 3.07842
0.972 3.07687
0.973 3.07534
0.974 3.07382
0.975 3.07232
0.976 3.07082
0.977 3.06935
0.978 3.06788
0.979 3.06643
0.98 3.065
0.981 3.06358
0.982 3.06217
0.983 3.06077
0.984 3.05939
0.985 3.05803
0.986 3.05668
0.987 3.05534
0.988 3.05402
0.989 3.05271
0.99 3.05141
0.991 3.05013
0.992 3.04886
0.993 3.04761
0.994 3.04637
0.995 3.04515
0.996 3.04394
0.997 3.04274
0.998 3.04156
0.999 3.04039
1 3.03924
1.001 5
