0 0
0.001 0.75249
0.002 0.758018
0.003 0.763542
0.004 0.769064
0.005 0.774582
0.006 0.780097
0.007 0.785608
0.008 0.791115
0.009 0.796617
0.01 0.802114
0.011 0.807607
0.012 0.813094
0.013 0.818576
0.014 0.824052
0.015 0.829522
0.016 0.834985
0.017 0.840442
0.018 0.845892
0.019 0.851335
0.02 0.856771
0.021 0.862199
0.022 0.867619
0.023 0.873031
0.024 0.878434
0.025 0.88383
0.026 0.889216
0.027 0.894593
0.028 0.899961
0.029 0.905319
0.03 0.910668
0.031 0.916006
0.032 0.921335
0.033 0.926653
0.034 0.93196
0.035 0.937257
0.036 0.942543
0.037 0.947817
0.038 0.95308
0.039 0.958331
0.04 0.963571
0.041 0.968799
0.042 0.974014
0.043 0.979217
0.044 0.984408
0.045 0.989586
0.046 0.994752
0.047 0.999904
0.048 1.00504
0.049 1.01017
0.05 1.01528
0.051 1.02038
0.052 1.02547
0.053 1.03054
0.054 1.0356
0.055 1.04064
0.056 1.04567
0.057 1.05069
0.058 1.05569
0.059 1.06068
0.06 1.06565
0.061 1.07061
0.062 1.07555
0.063 1.08048
0.064 1.0854
0.065 1.0903
0.066 1.09518
0.067 1.10005
0.068 1.10491
0.069 1.10975
0.07 1.11458
0.071 1.11939
0.072 1.12418
0.073 1.12896
0.074 1.13373
0.075 1.13848
0.076 1.14322
0.077 1.14794
0.078 1.15264
0.079 1.15733
0.08 1.16201
0.081 1.16667
0.082 1.17132
0.083 1.17595
0.084 1.18056
0.085 1.18516
0.086 1.18975
0.087 1.19432
0.088 1.19888
0.089 1.20342
0.09 1.20795
0.091 1.21246
0.092 1.21696
0.093 1.22144
0.094 1.22591
0.095 1.23037
0.096 1.23481
0.097 1.23923
0.098 1.24365
0.099 1.24804
0.1 1.25243
0.101 1.2568
0.102 1.26116
0.103 1.2655
0.104 1.26983
0.105 1.27415
0.106 1.27845
0.107 1.28274
0.108 1.28702
0.109 1.29128
0.11 1.29553
0.111 1.29977
0.112 1.30399
0.113 1.30821
0.114 1.31241
0.115 1.31659
0.116 1.32077
0.117 1.32493
0.118 1.32908
0.119 1.33322
0.12 1.33735
0.121 1.34147
0.122 1.34557
0.123 1.34966
0.124 1.35375
0.125 1.35782
0.126 1.36188
0.127 1.36592
0.128 1.36996
0.129 1.37399
0.13 1.378
0.131 1.38201
0.132 1.386
0.133 1.38999
0.134 1.39396
0.135 1.39793
0.136 1.40188
0.137 1.40583
0.138 1.40976
0.139 1.41369
0.14 1.41761
0.141 1.42151
0.142 1.42541
0.143 1.4293
0.144 1.43318
0.145 1.43705
0.146 1.44092
0.147 1.44477
0.148 1.44862
0.149 1.45246
0.15 1.45628
0.151 1.46011
0.152 1.46392
0.153 1.46773
0.154 1.47152
0.155 1.47531
0.156 1.4791
0.157 1.48287
0.158 1.48664
0.159 1.4904
0.16 1.49416
0.161 1.49791
0.162 1.50165
0.163 1.50538
0.164 1.50911
0.165 1.51283
0.166 1.51654
0.167 1.52025
0.168 1.52396
0.169 1.52765
0.17 1.53134
0.171 1.53503
0.172 1.53871
0.173 1.54238
0.174 1.54605
0.175 1.54971
0.176 1.55337
0.177 1.55702
0.178 1.56067
0.179 1.56431
0.18 1.56795
0.181 1.57158
0.182 1.57521
0.183 1.57883
0.184 1.58245
0.185 1.58606
0.186 1.58967
0.187 1.59328
0.188 1.59688
0.189 1.60048
0.19 1.60407
0.191 1.60766
0.192 1.61125
0.193 1.61483
0.194 1.61841
0.195 1.62198
0.196 1.62556
0.197 1.62913
0.198 1.63269
0.199 1.63625
0.2 1.63981
0.201 1.64337
0.202 1.64692
0.203 1.65048
0.204 1.65402
0.205 1.65757
0.206 1.66111
0.207 1.66465
0.208 1.66819
0.209 1.67173
0.21 1.67526
0.211 1.67879
0.212 1.68232
0.213 1.68585
0.214 1.68938
0.215 1.6929
0.216 1.69643
0.217 1.69995
0.218 1.70347
0.219 1.70698
0.22 1.7105
0.221 1.71402
0.222 1.71753
0.223 1.72104
0.224 1.72455
0.225 1.72807
0.226 1.73157
0.227 1.73508
0.228 1.73859
0.229 1.7421
0.23 1.74561
0.231 1.74911
0.232 1.75262
0.233 1.75612
0.234 1.75963
0.235 1.76313
0.236 1.76663
0.237 1.77014
0.238 1.77364
0.239 1.77714
0.24 1.78065
0.241 1.78415
0.242 1.78765
0.243 1.79116
0.244 1.79466
0.245 1.79817
0.246 1.80167
0.247 1.80517
0.248 1.80868
0.249 1.81218
0.25 1.81569
0.251 1.8192
0.252 1.82271
0.253 1.82621
0.254 1.82972
0.255 1.83323
0.256 1.83674
0.257 1.84025
0.258 1.84377
0.259 1.84728
0.26 1.8508
0.261 1.85431
0.262 1.85783
0.263 1.86135
0.264 1.86487
0.265 1.86839
0.266 1.87191
0.267 1.87543
0.268 1.87896
0.269 1.88248
0.27 1.88601
0.271 1.88954
0.272 1.89307
0.273 1.89661
0.274 1.90014
0.275 1.90368
0.276 1.90722
0.277 1.91076
0.278 1.9143
0.279 1.91784
0.28 1.92139
0.281 1.92494
0.282 1.92849
0.283 1.93204
0.284 1.93559
0.285 1.93915
0.286 1.94271
0.287 1.94627
0.288 1.94983
0.289 1.95339
0.29 1.95696
0.291 1.96053
0.292 1.9641
0.293 1.96768
0.294 1.97125
0.295 1.97483
0.296 1.97841
0.297 1.982
0.298 1.98558
0.299 1.98917
0.3 1.99276
0.301 1.99636
0.302 1.99995
0.303 2.00355
0.304 2.00716
0.305 2.01076
0.306 2.01437
0.307 2.01798
0.308 2.02159
0.309 2.02521
0.31 2.02883
0.311 2.03245
0.312 2.03607
0.313 2.0397
0.314 2.04333
0.315 2.04696
0.316 2.0506
0.317 2.05424
0.318 2.05788
0.319 2.06152
0.32 2.06517
0.321 2.06882
0.322 2.07247
0.323 2.07613
0.324 2.07979
0.325 2.08345
0.326 2.08712
0.327 2.09079
0.328 2.09446
0.329 2.09814
0.33 2.10181
0.331 2.1055
0.332 2.10918
0.333 2.11287
0.334 2.11656
0.335 2.12025
0.336 2.12395
0.337 2.12765
0.338 2.13136
0.339 2.13507
0.34 2.13878
0.341 2.14249
0.342 2.14621
0.343 2.14993
0.344 2.15365
0.345 2.15738
0.346 2.16111
0.347 2.16485
0.348 2.16859
0.349 2.17233
0.35 2.17607
0.351 2.17982
0.352 2.18357
0.353 2.18733
0.354 2.19109
0.355 2.19485
0.356 2.19861
0.357 2.20238
0.358 2.20616
0.359 2.20993
0.36 2.21371
0.361 2.2175
0.362 2.22128
0.363 2.22508
0.364 2.22887
0.365 2.23267
0.366 2.23647
0.367 2.24028
0.368 2.24409
0.369 2.2479
0.37 2.25172
0.371 2.25554
0.372 2.25936
0.373 2.26319
0.374 2.26702
0.375 2.27086
0.376 2.2747
0.377 2.27854
0.378 2.28239
0.379 2.28624
0.38 2.2901
0.381 2.29396
0.382 2.29782
0.383 2.30169
0.384 2.30556
0.385 2.30944
0.386 2.31332
0.387 2.3172
0.388 2.32109
0.389 2.32498
0.39 2.32888
0.391 2.33278
0.392 2.33668
0.393 2.34059
0.394 2.3445
0.395 2.34842
0.396 2.35234
0.397 2.35627
0.398 2.3602
0.399 2.36414
0.4 2.36808
0.401 2.37202
0.402 2.37597
0.403 2.37992
0.404 2.38388
0.405 2.38784
0.406 2.39181
0.407 2.39578
0.408 2.39976
0.409 2.40374
0.41 2.40772
0.411 2.41172
0.412 2.41571
0.413 2.41971
0.414 2.42372
0.415 2.42773
0.416 2.43174
0.417 2.43576
0.418 2.43979
0.419 2.44382
0.42 2.44785
0.421 2.4519
0.422 2.45594
0.423 2.45999
0.424 2.46405
0.425 2.46811
0.426 2.47218
0.427 2.47625
0.428 2.48033
0.429 2.48442
0.43 2.48851
0.431 2.4926
0.432 2.4967
0.433 2.50081
0.434 2.50492
0.435 2.50904
0.436 2.51316
0.437 2.51729
0.438 2.52143
0.439 2.52557
0.44 2.52972
0.441 2.53388
0.442 2.53804
0.443 2.5422
0.444 2.54638
0.445 2.55056
0.446 2.55474
0.447 2.55894
0.448 2.56314
0.449 2.56734
0.45 2.57156
0.451 2.57578
0.452 2.58
0.453 2.58424
0.454 2.58848
0.455 2.59273
0.456 2.59698
0.457 2.60124
0.458 2.60551
0.459 2.60979
0.46 2.61407
0.461 2.61836
0.462 2.62266
0.463 2.62697
0.464 2.63128
0.465 2.6356
0.466 2.63993
0.467 2.64427
0.468 2.64862
0.469 2.65297
0.47 2.65733
0.471 2.6617
0.472 2.66608
0.473 2.67047
0.474 2.67486
0.475 2.67927
0.476 2.68368
0.477 2.6881
0.478 2.69253
0.479 2.69697
0.48 2.70142
0.481 2.70587
0.482 2.71034
0.483 2.71481
0.484 2.7193
0.485 2.72379
0.486 2.7283
0.487 2.73281
0.488 2.73733
0.489 2.74186
0.49 2.74641
0.491 2.75096
0.492 2.75552
0.493 2.76009
0.494 2.76468
0.495 2.76927
0.496 2.77387
0.497 2.77849
0.498 2.78311
0.499 2.78775
0.5 2.7924
0.501 2.79705
0.502 2.80172
0.503 2.8064
0.504 2.81109
0.505 2.8158
0.506 2.82051
0.507 2.82524
0.508 2.82998
0.509 2.83473
0.51 2.83949
0.511 2.84426
0.512 2.84905
0.513 2.85385
0.514 2.85866
0.515 2.86348
0.516 2.86832
0.517 2.87316
0.518 2.87803
0.519 2.8829
0.52 2.88779
0.521 2.89269
0.522 2.89761
0.523 2.90253
0.524 2.90748
0.525 2.91243
0.526 2.9174
0.527 2.92239
0.528 2.92739
0.529 2.9324
0.53 2.93742
0.531 2.94247
0.532 2.94752
0.533 2.95259
0.534 2.95768
0.535 2.96278
0.536 2.9679
0.537 2.97303
0.538 2.97818
0.539 2.98334
0.54 2.98852
0.541 2.99372
0.542 2.99893
0.543 3.00416
0.544 3.0094
0.545 3.01466
0.546 3.01994
0.547 3.02523
0.548 3.03054
0.549 3.03587
0.55 3.04122
0.551 3.04658
0.552 3.05196
0.553 3.05736
0.554 3.06278
0.555 3.06821
0.556 3.07367
0.557 3.07914
0.558 3.08463
0.559 3.09014
0.56 3.09567
0.561 3.10121
0.562 3.10678
0.563 3.11237
0.564 3.11797
0.565 3.1236
0.566 3.12924
0.567 3.13491
0.568 3.14059
0.569 3.1463
0.57 3.15203
0.571 3.15777
0.572 3.16354
0.573 3.16933
0.574 3.17514
0.575 3.18097
0.576 3.18683
0.577 3.1927
0.578 3.1986
0.579 3.20452
0.58 3.21046
0.581 3.21643
0.582 3.22242
0.583 3.22843
0.584 3.23446
0.585 3.24052
0.586 3.2466
0.587 3.2527
0.588 3.25883
0.589 3.26498
0.59 3.27116
0.591 3.27736
0.592 3.28359
0.593 3.28984
0.594 3.29612
0.595 3.30242
0.596 3.30874
0.597 3.3151
0.598 3.32147
0.599 3.32788
0.6 3.33431
0.601 3.34077
0.602 3.34725
0.603 3.35376
0.604 3.3603
0.605 3.36686
0.606 3.37345
0.607 3.38008
0.608 3.38672
0.609 3.3934
0.61 3.4001
0.611 3.40684
0.612 3.4136
0.613 3.42039
0.614 3.42721
0.615 3.43406
0.616 3.44094
0.617 3.44785
0.618 3.45479
0.619 3.46176
0.62 3.46875
0.621 3.47579
0.622 3.48285
0.623 3.48994
0.624 3.49706
0.625 3.50422
0.626 3.51141
0.627 3.51862
0.628 3.52588
0.629 3.53316
0.63 3.54048
0.631 3.54783
0.632 3.55521
0.633 3.56262
0.634 3.57007
0.635 3.57756
0.636 3.58507
0.637 3.59263
0.638 3.60021
0.639 3.60783
0.64 3.61549
0.641 3.62318
0.642 3.63091
0.643 3.63867
0.644 3.64647
0.645 3.6543
0.646 3.66217
0.647 3.67008
0.648 3.67802
0.649 3.686
0.65 3.69402
0.651 3.70207
0.652 3.71016
0.653 3.71829
0.654 3.72646
0.655 3.73467
0.656 3.74291
0.657 3.7512
0.658 3.75952
0.659 3.76788
0.66 3.77628
0.661 3.78472
0.662 3.7932
0.663 3.80172
0.664 3.81028
0.665 3.81888
0.666 3.82753
0.667 3.83621
0.668 3.84493
0.669 3.8537
0.67 3.8625
0.671 3.87135
0.672 3.88024
0.673 3.88918
0.674 3.89815
0.675 3.90717
0.676 3.91623
0.677 3.92533
0.678 3.93448
0.679 3.94366
0.68 3.9529
0.681 3.96217
0.682 3.97149
0.683 3.98086
0.684 3.99027
0.685 3.99972
0.686 4.00922
0.687 4.01876
0.688 4.02834
0.689 4.03798
0.69 4.04765
0.691 4.05738
0.692 4.06714
0.693 4.07696
0.694 4.08682
0.695 4.09672
0.696 4.10667
0.697 4.11667
0.698 4.12672
0.699 4.13681
0.7 4.14695
0.701 4.15713
0.702 4.16736
0.703 4.17764
0.704 4.18797
0.705 4.19834
0.706 4.20876
0.707 4.21923
0.708 4.22974
0.709 4.24031
0.71 4.25092
0.711 4.26158
0.712 4.27228
0.713 4.28304
0.714 4.29384
0.715 4.30469
0.716 4.31559
0.717 4.32654
0.718 4.33753
0.719 4.34858
0.72 4.35967
0.721 4.37081
0.722 4.382
0.723 4.39323
0.724 4.40452
0.725 4.41585
0.726 4.42723
0.727 4.43866
0.728 4.45014
0.729 4.46167
0.73 4.47324
0.731 4.48487
0.732 4.49654
0.733 4.50826
0.734 4.52002
0.735 4.53184
0.736 4.5437
0.737 4.55561
0.738 4.56757
0.739 4.57958
0.74 4.59163
0.741 4.60373
0.742 4.61588
0.743 4.62807
0.744 4.64031
0.745 4.6526
0.746 4.66493
0.747 4.67731
0.748 4.68974
0.749 4.70221
0.75 4.71473
0.751 4.72729
0.752 4.7399
0.753 4.75255
0.754 4.76525
0.755 4.77799
0.756 4.79078
0.757 4.80361
0.758 4.81648
0.759 4.8294
0.76 4.84236
0.761 4.85536
0.762 4.86841
0.763 4.8815
0.764 4.89463
0.765 4.9078
0.766 4.92101
0.767 4.93426
0.768 4.94755
0.769 4.96088
0.77 4.97425
0.771 4.98766
0.772 5.00111
0.773 5.01459
0.774 5.02811
0.775 5.04167
0.776 5.05527
0.777 5.0689
0.778 5.08257
0.779 5.09627
0.78 5.11001
0.781 5.12378
0.782 5.13758
0.783 5.15142
0.784 5.16529
0.785 5.17919
0.786 5.19312
0.787 5.20708
0.788 5.22107
0.789 5.23509
0.79 5.24914
0.791 5.26321
0.792 5.27732
0.793 5.29145
0.794 5.3056
0.795 5.31978
0.796 5.33399
0.797 5.34821
0.798 5.36246
0.799 5.37674
0.8 5.39103
0.801 5.40535
0.802 5.41968
0.803 5.43404
0.804 5.44841
0.805 5.4628
0.806 5.4772
0.807 5.49162
0.808 5.50606
0.809 5.52051
0.81 5.53498
0.811 5.54945
0.812 5.56394
0.813 5.57844
0.814 5.59295
0.815 5.60747
0.816 5.62199
0.817 5.63652
0.818 5.65106
0.819 5.66561
0.82 5.68016
0.821 5.69471
0.822 5.70926
0.823 5.72382
0.824 5.73837
0.825 5.75293
0.826 5.76749
0.827 5.78204
0.828 5.79659
0.829 5.81113
0.83 5.82567
0.831 5.84021
0.832 5.85473
0.833 5.86925
0.834 5.88376
0.835 5.89826
0.836 5.91275
0.837 5.92722
0.838 5.94168
0.839 5.95613
0.84 5.97056
0.841 5.98498
0.842 5.99938
0.843 6.01376
0.844 6.02812
0.845 6.04246
0.846 6.05678
0.847 6.07108
0.848 6.08535
0.849 6.0996
0.85 6.11382
0.851 6.12802
0.852 6.14219
0.853 6.15633
0.854 6.17044
0.855 6.18452
0.856 6.19857
0.857 6.21258
0.858 6.22656
0.859 6.24051
0.86 6.25442
0.861 6.26829
0.862 6.28213
0.863 6.29593
0.864 6.30968
0.865 6.3234
0.866 6.33708
0.867 6.35071
0.868 6.36429
0.869 6.37784
0.87 6.39133
0.871 6.40478
0.872 6.41819
0.873 6.43154
0.874 6.44484
0.875 6.4581
0.876 6.4713
0.877 6.48445
0.878 6.49754
0.879 6.51058
0.88 6.52357
0.881 6.5365
0.882 6.54937
0.883 6.56218
0.884 6.57494
0.885 6.58763
0.886 6.60027
0.887 6.61284
0.888 6.62535
0.889 6.6378
0.89 6.65018
0.891 6.6625
0.892 6.67475
0.893 6.68693
0.894 6.69905
0.895 6.7111
0.896 6.72308
0.897 6.735
0.898 6.74684
0.899 6.75861
0.9 6.7703
0.901 6.78193
0.902 6.79348
0.903 6.80496
0.904 6.81636
0.905 6.82769
0.906 6.83894
0.907 6.85012
0.908 6.86122
0.909 6.87224
0.91 6.88318
0.911 6.89404
0.912 6.90482
0.913 6.91553
0.914 6.92615
0.915 6.93669
0.916 6.94715
0.917 6.95753
0.918 6.96782
0.919 6.97803
0.92 6.98816
0.921 6.9982
0.922 7.00816
0.923 7.01804
0.924 7.02783
0.925 7.03753
0.926 7.04715
0.927 7.05668
0.928 7.06613
0.929 7.07549
0.93 7.08476
0.931 7.09394
0.932 7.10304
0.933 7.11204
0.934 7.12096
0.935 7.1298
0.936 7.13854
0.937 7.14719
0.938 7.15576
0.939 7.16424
0.94 7.17262
0.941 7.18092
0.942 7.18913
0.943 7.19725
0.944 7.20529
0.945 7.21323
0.946 7.22108
0.947 7.22884
0.948 7.23652
0.949 7.2441
0.95 7.2516
0.951 7.259
0.952 7.26632
0.953 7.27355
0.954 7.28069
0.955 7.28774
0.956 7.2947
0.957 7.30158
0.958 7.30837
0.959 7.31507
0.96 7.32168
0.961 7.3282
0.962 7.33464
0.963 7.34099
0.964 7.34725
0.965 7.35343
0.966 7.35952
0.967 7.36552
0.968 7.37144
0.969 7.37728
0.97 7.38303
0.971 7.38869
0.972 7.39428
0.973 7.39977
0.974 7.40519
0.975 7.41052
0.976 7.41577
0.977 7.42094
0.978 7.42603
0.979 7.43104
0.98 7.43597
0.981 7.44081
0.982 7.44558
0.983 7.45027
0.984 7.45488
0.985 7.45942
0.986 7.46387
0.987 7.46825
0.988 7.47256
0.989 7.47679
0.99 7.48094
0.991 7.48502
0.992 7.48902
0.993 7.49296
0.994 7.49682
0.995 7.5006
0.996 7.50432
0.997 7.50797
0.998 7.51154
0.999 7.51505
1 7.51849
1.001 0
