0 5
0.001 3.21931
0.002 3.21766
0.003 3.21601
0.004 3.21438
0.005 3.21276
0.006 3.21115
0.007 3.20955
0.008 3.20796
0.009 3.20639
0.01 3.20483
0.011 3.20328
0.012 3.20175
0.013 3.20022
0.014 3.19871
0.015 3.19722
0.016 3.19573
0.017 3.19426
0.018 3.1928
0.019 3.19136
0.02 3.18993
0.021 3.18851
0.022 3.18711
0.023 3.18572
0.024 3.18434
0.025 3.18298
0.026 3.18163
0.027 3.18029
0.028 3.17897
0.029 3.17767
0.03 3.17637
0.031 3.1751
0.032 3.17383
0.033 3.17258
0.034 3.17135
0.035 3.17013
0.036 3.16892
0.037 3.16773
0.038 3.16655
0.039 3.16539
0.04 3.16424
0.041 3.16311
0.042 3.162
0.043 3.16089
0.044 3.15981
0.045 3.15873
0.046 3.15768
0.047 3.15664
0.048 3.15561
0.049 3.1546
0.05 3.1536
0.051 3.15262
0.052 3.15166
0.053 3.15071
0.054 3.14977
0.055 3.14885
0.056 3.14795
0.057 3.14706
0.058 3.14619
0.059 3.14533
0.06 3.14449
0.061 3.14366
0.062 3.14285
0.063 3.14205
0.064 3.14127
0.065 3.1405
0.066 3.13975
0.067 3.13902
0.068 3.1383
0.069 3.13759
0.07 3.13691
0.071 3.13623
0.072 3.13557
0.073 3.13493
0.074 3.1343
0.075 3.13369
0.076 3.13309
0.077 3.13251
0.078 3.13194
0.079 3.13139
0.08 3.13085
0.081 3.13033
0.082 3.12982
0.083 3.12933
0.084 3.12885
0.085 3.12838
0.086 3.12793
0.087 3.1275
0.088 3.12708
0.089 3.12667
0.09 3.12628
0.091 3.12591
0.092 3.12554
0.093 3.12519
0.094 3.12486
0.095 3.12454
0.096 3.12423
0.097 3.12394
0.098 3.12366
0.099 3.12339
0.1 3.12314
0.101 3.1229
0.102 3.12268
0.103 3.12247
0.104 3.12227
0.105 3.12208
0.106 3.12191
0.107 3.12175
0.108 3.1216
0.109 3.12147
0.11 3.12135
0.111 3.12124
0.112 3.12114
0.113 3.12106
0.114 3.12099
0.115 3.12093
0.116 3.12088
0.117 3.12084
0.118 3.12082
0.119 3.1208
0.12 3.1208
0.121 3.12081
0.122 3.12084
0.123 3.12087
0.124 3.12091
0.125 3.12097
0.126 3.12103
0.127 3.12111
0.128 3.1212
0.129 3.12129
0.13 3.1214
0.131 3.12152
0.132 3.12165
0.133 3.12179
0.134 3.12193
0.135 3.12209
0.136 3.12226
0.137 3.12244
0.138 3.12262
0.139 3.12282
0.14 3.12302
0.141 3.12324
0.142 3.12346
0.143 3.1237
0.144 3.12394
0.145 3.12419
0.146 3.12444
0.147 3.12471
0.148 3.12499
0.149 3.12527
0.15 3.12556
0.151 3.12586
0.152 3.12617
0.153 3.12648
0.154 3.1268
0.155 3.12713
0.156 3.12747
0.157 3.12781
0.158 3.12817
0.159 3.12852
0.16 3.12889
0.161 3.12926
0.162 3.12964
0.163 3.13003
0.164 3.13042
0.165 3.13082
0.166 3.13122
0.167 3.13163
0.168 3.13205
0.169 3.13248
0.17 3.13291
0.171 3.13334
0.172 3.13378
0.173 3.13423
0.174 3.13468
0.175 3.13514
0.176 3.1356
0.177 3.13607
0.178 3.13654
0.179 3.13702
0.18 3.1375
0.181 3.13799
0.182 3.13849
0.183 3.13898
0.184 3.13949
0.185 3.13999
0.186 3.14051
0.187 3.14102
0.188 3.14154
0.189 3.14207
0.19 3.14259
0.191 3.14313
0.192 3.14366
0.193 3.1442
0.194 3.14475
0.195 3.1453
0.196 3.14585
0.197 3.1464
0.198 3.14696
0.199 3.14753
0.2 3.14809
0.201 3.14866
0.202 3.14923
0.203 3.14981
0.204 3.15039
0.205 3.15097
0.206 3.15156
0.207 3.15214
0.208 3.15273
0.209 3.15333
0.21 3.15392
0.211 3.15452
0.212 3.15513
0.213 3.15573
0.214 3.15634
0.215 3.15695
0.216 3.15756
0.217 3.15817
0.218 3.15879
0.219 3.15941
0.22 3.16003
0.221 3.16065
0.222 3.16128
0.223 3.1619
0.224 3.16253
0.225 3.16316
0.226 3.1638
0.227 3.16443
0.228 3.16507
0.229 3.16571
0.23 3.16635
0.231 3.16699
0.232 3.16763
0.233 3.16827
0.234 3.16892
0.235 3.16957
0.236 3.17022
0.237 3.17087
0.238 3.17152
0.239 3.17217
0.24 3.17283
0.241 3.17349
0.242 3.17414
0.243 3.1748
0.244 3.17546
0.245 3.17612
0.246 3.17678
0.247 3.17744
0.248 3.17811
0.249 3.17877
0.25 3.17944
0.251 3.1801
0.252 3.18077
0.253 3.18144
0.254 3.18211
0.255 3.18278
0.256 3.18344
0.257 3.18412
0.258 3.18479
0.259 3.18546
0.26 3.18613
0.261 3.1868
0.262 3.18748
0.263 3.18815
0.264 3.18882
0.265 3.1895
0.266 3.19017
0.267 3.19085
0.268 3.19152
0.269 3.1922
0.27 3.19288
0.271 3.19355
0.272 3.19423
0.273 3.1949
0.274 3.19558
0.275 3.19626
0.276 3.19694
0.277 3.19761
0.278 3.19829
0.279 3.19897
0.28 3.19964
0.281 3.20032
0.282 3.201
0.283 3.20167
0.284 3.20235
0.285 3.20302
0.286 3.2037
0.287 3.20438
0.288 3.20505
0.289 3.20573
0.29 3.2064
0.291 3.20707
0.292 3.20775
0.293 3.20842
0.294 3.2091
0.295 3.20977
0.296 3.21044
0.297 3.21111
0.298 3.21178
0.299 3.21245
0.3 3.21312
0.301 3.21379
0.302 3.21446
0.303 3.21513
0.304 3.2158
0.305 3.21646
0.306 3.21713
0.307 3.2178
0.308 3.21846
0.309 3.21912
0.31 3.21979
0.311 3.22045
0.312 3.22111
0.313 3.22177
0.314 3.22243
0.315 3.22309
0.316 3.22375
0.317 3.2244
0.318 3.22506
0.319 3.22571
0.32 3.22637
0.321 3.22702
0.322 3.22767
0.323 3.22832
0.324 3.22897
0.325 3.22962
0.326 3.23026
0.327 3.23091
0.328 3.23155
0.329 3.2322
0.33 3.23284
0.331 3.23348
0.332 3.23412
0.333 3.23476
0.334 3.23539
0.335 3.23603
0.336 3.23666
0.337 3.2373
0.338 3.23793
0.339 3.23856
0.34 3.23919
0.341 3.23982
0.342 3.24044
0.343 3.24107
0.344 3.24169
0.345 3.24231
0.346 3.24293
0.347 3.24355
0.348 3.24416
0.349 3.24478
0.35 3.24539
0.351 3.24601
0.352 3.24662
0.353 3.24723
0.354 3.24783
0.355 3.24844
0.356 3.24904
0.357 3.24964
0.358 3.25024
0.359 3.25084
0.36 3.25144
0.361 3.25204
0.362 3.25263
0.363 3.25322
0.364 3.25381
0.365 3.2544
0.366 3.25499
0.367 3.25557
0.368 3.25616
0.369 3.25674
0.37 3.25732
0.371 3.25789
0.372 3.25847
0.373 3.25904
0.374 3.25962
0.375 3.26019
0.376 3.26076
0.377 3.26132
0.378 3.26189
0.379 3.26245
0.38 3.26301
0.381 3.26357
0.382 3.26413
0.383 3.26468
0.384 3.26524
0.385 3.26579
0.386 3.26634
0.387 3.26688
0.388 3.26743
0.389 3.26797
0.39 3.26852
0.391 3.26906
0.392 3.26959
0.393 3.27013
0.394 3.27066
0.395 3.27119
0.396 3.27172
0.397 3.27225
0.398 3.27278
0.399 3.2733
0.4 3.27382
0.401 3.27434
0.402 3.27486
0.403 3.27538
0.404 3.27589
0.405 3.2764
0.406 3.27691
0.407 3.27742
0.408 3.27793
0.409 3.27843
0.41 3.27893
0.411 3.27943
0.412 3.27993
0.413 3.28043
0.414 3.28092
0.415 3.28141
0.416 3.2819
0.417 3.28239
0.418 3.28288
0.419 3.28336
0.42 3.28384
0.421 3.28432
0.422 3.2848
0.423 3.28528
0.424 3.28575
0.425 3.28622
0.426 3.28669
0.427 3.28716
0.428 3.28763
0.429 3.28809
0.43 3.28855
0.431 3.28901
0.432 3.28947
0.433 3.28993
0.434 3.29038
0.435 3.29084
0.436 3.29129
0.437 3.29173
0.438 3.29218
0.439 3.29263
0.44 3.29307
0.441 3.29351
0.442 3.29395
0.443 3.29438
0.444 3.29482
0.445 3.29525
0.446 3.29568
0.447 3.29611
0.448 3.29654
0.449 3.29696
0.45 3.29739
0.451 3.29781
0.452 3.29823
0.453 3.29865
0.454 3.29906
0.455 3.29948
0.456 3.29989
0.457 3.3003
0.458 3.30071
0.459 3.30111
0.46 3.30152
0.461 3.30192
0.462 3.30232
0.463 3.30272
0.464 3.30312
0.465 3.30351
0.466 3.30391
0.467 3.3043
0.468 3.30469
0.469 3.30508
0.47 3.30546
0.471 3.30585
0.472 3.30623
0.473 3.30661
0.474 3.30699
0.475 3.30737
0.476 3.30775
0.477 3.30812
0.478 3.30849
0.479 3.30886
0.48 3.30923
0.481 3.3096
0.482 3.30996
0.483 3.31033
0.484 3.31069
0.485 3.31105
0.486 3.31141
0.487 3.31177
0.488 3.31212
0.489 3.31248
0.49 3.31283
0.491 3.31318
0.492 3.31353
0.493 3.31387
0.494 3.31422
0.495 3.31456
0.496 3.3149
0.497 3.31525
0.498 3.31558
0.499 3.31592
0.5 3.31626
0.501 3.31659
0.502 3.31692
0.503 3.31725
0.504 3.31758
0.505 3.31791
0.506 3.31824
0.507 3.31856
0.508 3.31889
0.509 3.31921
0.51 3.31953
0.511 3.31985
0.512 3.32016
0.513 3.32048
0.514 3.32079
0.515 3.32111
0.516 3.32142
0.517 3.32173
0.518 3.32203
0.519 3.32234
0.52 3.32265
0.521 3.32295
0.522 3.32325
0.523 3.32355
0.524 3.32385
0.525 3.32415
0.526 3.32444
0.527 3.32474
0.528 3.32503
0.529 3.32532
0.53 3.32561
0.531 3.3259
0.532 3.32619
0.533 3.32648
0.534 3.32676
0.535 3.32705
0.536 3.32733
0.537 3.32761
0.538 3.32789
0.539 3.32817
0.54 3.32844
0.541 3.32872
0.542 3.32899
0.543 3.32926
0.544 3.32953
0.545 3.3298
0.546 3.33007
0.547 3.33034
0.548 3.3306
0.549 3.33087
0.55 3.33113
0.551 3.33139
0.552 3.33165
0.553 3.33191
0.554 3.33217
0.555 3.33243
0.556 3.33268
0.557 3.33293
0.558 3.33319
0.559 3.33344
0.56 3.33369
0.561 3.33393
0.562 3.33418
0.563 3.33443
0.564 3.33467
0.565 3.33492
0.566 3.33516
0.567 3.3354
0.568 3.33564
0.569 3.33588
0.57 3.33611
0.571 3.33635
0.572 3.33658
0.573 3.33681
0.574 3.33705
0.575 3.33728
0.576 3.33751
0.577 3.33773
0.578 3.33796
0.579 3.33818
0.58 3.33841
0.581 3.33863
0.582 3.33885
0.583 3.33907
0.584 3.33929
0.585 3.33951
0.586 3.33973
0.587 3.33994
0.588 3.34015
0.589 3.34037
0.59 3.34058
0.591 3.34079
0.592 3.341
0.593 3.3412
0.594 3.34141
0.595 3.34162
0.596 3.34182
0.597 3.34202
0.598 3.34222
0.599 3.34242
0.6 3.34262
0.601 3.34282
0.602 3.34301
0.603 3.34321
0.604 3.3434
0.605 3.34359
0.606 3.34378
0.607 3.34397
0.608 3.34416
0.609 3.34435
0.61 3.34453
0.611 3.34472
0.612 3.3449
0.613 3.34508
0.614 3.34526
0.615 3.34544
0.616 3.34562
0.617 3.34579
0.618 3.34597
0.619 3.34614
0.62 3.34631
0.621 3.34648
0.622 3.34665
0.623 3.34682
0.624 3.34699
0.625 3.34715
0.626 3.34731
0.627 3.34747
0.628 3.34764
0.629 3.34779
0.63 3.34795
0.631 3.34811
0.632 3.34826
0.633 3.34841
0.634 3.34857
0.635 3.34872
0.636 3.34886
0.637 3.34901
0.638 3.34916
0.639 3.3493
0.64 3.34944
0.641 3.34958
0.642 3.34972
0.643 3.34986
0.644 3.34999
0.645 3.35012
0.646 3.35026
0.647 3.35039
0.648 3.35051
0.649 3.35064
0.65 3.35077
0.651 3.35089
0.652 3.35101
0.653 3.35113
0.654 3.35125
0.655 3.35136
0.656 3.35147
0.657 3.35159
0.658 3.3517
0.659 3.3518
0.66 3.35191
0.661 3.35201
0.662 3.35211
0.663 3.35221
0.664 3.35231
0.665 3.3524
0.666 3.3525
0.667 3.35259
0.668 3.35268
0.669 3.35276
0.67 3.35285
0.671 3.35293
0.672 3.35301
0.673 3.35308
0.674 3.35316
0.675 3.35323
0.676 3.3533
0.677 3.35336
0.678 3.35343
0.679 3.35349
0.68 3.35355
0.681 3.3536
0.682 3.35366
0.683 3.35371
0.684 3.35375
0.685 3.3538
0.686 3.35384
0.687 3.35388
0.688 3.35391
0.689 3.35394
0.69 3.35397
0.691 3.354
0.692 3.35402
0.693 3.35404
0.694 3.35406
0.695 3.35407
0.696 3.35408
0.697 3.35408
0.698 3.35408
0.699 3.35408
0.7 3.35408
0.701 3.35407
0.702 3.35406
0.703 3.35404
0.704 3.35402
0.705 3.35399
0.706 3.35396
0.707 3.35393
0.708 3.35389
0.709 3.35385
0.71 3.35381
0.711 3.35375
0.712 3.3537
0.713 3.35364
0.714 3.35358
0.715 3.35351
0.716 3.35343
0.717 3.35335
0.718 3.35327
0.719 3.35318
0.72 3.35309
0.721 3.35299
0.722 3.35289
0.723 3.35278
0.724 3.35266
0.725 3.35254
0.726 3.35242
0.727 3.35229
0.728 3.35215
0.729 3.35201
0.73 3.35186
0.731 3.3517
0.732 3.35154
0.733 3.35137
0.734 3.3512
0.735 3.35102
0.736 3.35083
0.737 3.35064
0.738 3.35044
0.739 3.35024
0.74 3.35002
0.741 3.3498
0.742 3.34958
0.743 3.34934
0.744 3.3491
0.745 3.34885
0.746 3.3486
0.747 3.34834
0.748 3.34806
0.749 3.34779
0.75 3.3475
0.751 3.34721
0.752 3.34691
0.753 3.3466
0.754 3.34628
0.755 3.34595
0.756 3.34562
0.757 3.34528
0.758 3.34493
0.759 3.34457
0.76 3.3442
0.761 3.34382
0.762 3.34344
0.763 3.34304
0.764 3.34264
0.765 3.34223
0.766 3.3418
0.767 3.34137
0.768 3.34093
0.769 3.34049
0.77 3.34003
0.771 3.33956
0.772 3.33908
0.773 3.33859
0.774 3.3381
0.775 3.33759
0.776 3.33707
0.777 3.33655
0.778 3.33601
0.779 3.33546
0.78 3.33491
0.781 3.33434
0.782 3.33376
0.783 3.33318
0.784 3.33258
0.785 3.33197
0.786 3.33135
0.787 3.33073
0.788 3.33009
0.789 3.32944
0.79 3.32878
0.791 3.32811
0.792 3.32743
0.793 3.32674
0.794 3.32603
0.795 3.32532
0.796 3.3246
0.797 3.32386
0.798 3.32312
0.799 3.32236
0.8 3.3216
0.801 3.32082
0.802 3.32004
0.803 3.31924
0.804 3.31843
0.805 3.31761
0.806 3.31678
0.807 3.31594
0.808 3.31509
0.809 3.31423
0.81 3.31336
0.811 3.31248
0.812 3.31159
0.813 3.31069
0.814 3.30978
0.815 3.30885
0.816 3.30792
0.817 3.30698
0.818 3.30603
0.819 3.30507
0.82 3.3041
0.821 3.30312
0.822 3.30213
0.823 3.30113
0.824 3.30012
0.825 3.2991
0.826 3.29808
0.827 3.29704
0.828 3.296
0.829 3.29494
0.83 3.29388
0.831 3.29281
0.832 3.29173
0.833 3.29065
0.834 3.28955
0.835 3.28845
0.836 3.28734
0.837 3.28622
0.838 3.2851
0.839 3.28396
0.84 3.28282
0.841 3.28168
0.842 3.28053
0.843 3.27937
0.844 3.2782
0.845 3.27703
0.846 3.27585
0.847 3.27467
0.848 3.27348
0.849 3.27229
0.85 3.27109
0.851 3.26988
0.852 3.26867
0.853 3.26746
0.854 3.26624
0.855 3.26502
0.856 3.2638
0.857 3.26257
0.858 3.26133
0.859 3.2601
0.86 3.25886
0.861 3.25762
0.862 3.25637
0.863 3.25512
0.864 3.25388
0.865 3.25263
0.866 3.25137
0.867 3.25012
0.868 3.24886
0.869 3.24761
0.87 3.24635
0.871 3.24509
0.872 3.24384
0.873 3.24258
0.874 3.24132
0.875 3.24007
0.876 3.23881
0.877 3.23755
0.878 3.2363
0.879 3.23505
0.88 3.2338
0.881 3.23255
0.882 3.2313
0.883 3.23005
0.884 3.22881
0.885 3.22757
0.886 3.22633
0.887 3.2251
0.888 3.22387
0.889 3.22264
0.89 3.22142
0.891 3.2202
0.892 3.21898
0.893 3.21777
0.894 3.21657
0.895 3.21537
0.896 3.21417
0.897 3.21298
0.898 3.21179
0.899 3.21061
0.9 3.20943
0.901 3.20826
0.902 3.2071
0.903 3.20594
0.904 3.20479
0.905 3.20365
0.906 3.20251
0.907 3.20138
0.908 3.20026
0.909 3.19914
0.91 3.19803
0.911 3.19693
0.912 3.19583
0.913 3.19475
0.914 3.19367
0.915 3.1926
0.916 3.19153
0.917 3.19048
0.918 3.18943
0.919 3.1884
0.92 3.18737
0.921 3.18635
0.922 3.18533
0.923 3.18433
0.924 3.18334
0.925 3.18235
0.926 3.18138
0.927 3.18041
0.928 3.17945
0.929 3.1785
0.93 3.17756
0.931 3.17664
0.932 3.17572
0.933 3.17481
0.934 3.17391
0.935 3.17301
0.936 3.17213
0.937 3.17126
0.938 3.1704
0.939 3.16955
0.94 3.16871
0.941 3.16788
0.942 3.16705
0.943 3.16624
0.944 3.16544
0.945 3.16465
0.946 3.16387
0.947 3.1631
0.948 3.16233
0.949 3.16158
0.95 3.16084
0.951 3.16011
0.952 3.15939
0.953 3.15868
0.954 3.15798
0.955 3.15728
0.956 3.1566
0.957 3.15593
0.958 3.15527
0.959 3.15462
0.96 3.15398
0.961 3.15334
0.962 3.15272
0.963 3.15211
0.964 3.15151
0.965 3.15092
0.966 3.15033
0.967 3.14976
0.968 3.1492
0.969 3.14864
0.97 3.1481
0.971 3.14756
0.972 3.14704
0.973 3.14652
0.974 3.14601
0.975 3.14552
0.976 3.14503
0.977 3.14455
0.978 3.14408
0.979 3.14362
0.98 3.14316
0.981 3.14272
0.982 3.14229
0.983 3.14186
0.984 3.14144
0.985 3.14104
0.986 3.14064
0.987 3.14024
0.988 3.13986
0.989 3.13949
0.99 3.13912
0.991 3.13876
0.992 3.13841
0.993 3.13807
0.994 3.13774
0.995 3.13741
0.996 3.13709
0.997 3.13678
0.998 3.13648
0.999 3.13619
1 3.1359
1.001 5
