0 -10
0.001 -5.00398
0.002 -4.99412
0.003 -4.98426
0.004 -4.97442
0.005 -4.96458
0.006 -4.95475
0.007 -4.94494
0.008 -4.93513
0.009 -4.92534
0.01 -4.91556
0.011 -4.90578
0.012 -4.89602
0.013 -4.88627
0.014 -4.87654
0.015 -4.86681
0.016 -4.8571
0.017 -4.8474
0.018 -4.83771
0.019 -4.82803
0.02 -4.81837
0.021 -4.80872
0.022 -4.79908
0.023 -4.78946
0.024 -4.77985
0.025 -4.77025
0.026 -4.76067
0.027 -4.7511
0.028 -4.74155
0.029 -4.73201
0.03 -4.72249
0.031 -4.71298
0.032 -4.70348
0.033 -4.694
0.034 -4.68453
0.035 -4.67508
0.036 -4.66565
0.037 -4.65623
0.038 -4.64683
0.039 -4.63744
0.04 -4.62807
0.041 -4.61871
0.042 -4.60938
0.043 -4.60005
0.044 -4.59075
0.045 -4.58146
0.046 -4.57219
0.047 -4.56293
0.048 -4.55369
0.049 -4.54447
0.05 -4.53527
0.051 -4.52608
0.052 -4.51691
0.053 -4.50776
0.054 -4.49863
0.055 -4.48951
0.056 -4.48041
0.057 -4.47133
0.058 -4.46227
0.059 -4.45323
0.06 -4.4442
0.061 -4.4352
0.062 -4.42621
0.063 -4.41724
0.064 -4.40829
0.065 -4.39936
0.066 -4.39045
0.067 -4.38155
0.068 -4.37268
0.069 -4.36382
0.07 -4.35499
0.071 -4.34617
0.072 -4.33737
0.073 -4.32859
0.074 -4.31983
0.075 -4.3111
0.076 -4.30238
0.077 -4.29368
0.078 -4.285
0.079 -4.27634
0.08 -4.2677
0.081 -4.25908
0.082 -4.25048
0.083 -4.2419
0.084 -4.23334
0.085 -4.2248
0.086 -4.21628
0.087 -4.20778
0.088 -4.1993
0.089 -4.19084
0.09 -4.1824
0.091 -4.17399
0.092 -4.16559
0.093 -4.15721
0.094 -4.14886
0.095 -4.14052
0.096 -4.13221
0.097 -4.12391
0.098 -4.11564
0.099 -4.10739
0.1 -4.09915
0.101 -4.09094
0.102 -4.08275
0.103 -4.07458
0.104 -4.06643
0.105 -4.05831
0.106 -4.0502
0.107 -4.04211
0.108 -4.03405
0.109 -4.026
0.11 -4.01798
0.111 -4.00998
0.112 -4.002
0.113 -3.99404
0.114 -3.9861
0.115 -3.97818
0.116 -3.97029
0.117 -3.96241
0.118 -3.95455
0.119 -3.94672
0.12 -3.93891
0.121 -3.93112
0.122 -3.92335
0.123 -3.9156
0.124 -3.90787
0.125 -3.90016
0.126 -3.89247
0.127 -3.88481
0.128 -3.87716
0.129 -3.86954
0.13 -3.86194
0.131 -3.85436
0.132 -3.84679
0.133 -3.83925
0.134 -3.83174
0.135 -3.82424
0.136 -3.81676
0.137 -3.8093
0.138 -3.80187
0.139 -3.79445
0.14 -3.78706
0.141 -3.77968
0.142 -3.77233
0.143 -3.765
0.144 -3.75769
0.145 -3.7504
0.146 -3.74312
0.147 -3.73587
0.148 -3.72864
0.149 -3.72143
0.15 -3.71424
0.151 -3.70708
0.152 -3.69993
0.153 -3.6928
0.154 -3.68569
0.155 -3.6786
0.156 -3.67153
0.157 -3.66448
0.158 -3.65746
0.159 -3.65045
0.16 -3.64346
0.161 -3.63649
0.162 -3.62954
0.163 -3.62261
0.164 -3.6157
0.165 -3.60881
0.166 -3.60193
0.167 -3.59508
0.168 -3.58825
0.169 -3.58143
0.17 -3.57464
0.171 -3.56786
0.172 -3.56111
0.173 -3.55437
0.174 -3.54765
0.175 -3.54095
0.176 -3.53426
0.177 -3.5276
0.178 -3.52096
0.179 -3.51433
0.18 -3.50772
0.181 -3.50113
0.182 -3.49456
0.183 -3.488
0.184 -3.48146
0.185 -3.47495
0.186 -3.46844
0.187 -3.46196
0.188 -3.4555
0.189 -3.44905
0.19 -3.44262
0.191 -3.4362
0.192 -3.42981
0.193 -3.42343
0.194 -3.41706
0.195 -3.41072
0.196 -3.40439
0.197 -3.39808
0.198 -3.39178
0.199 -3.3855
0.2 -3.37924
0.201 -3.37299
0.202 -3.36676
0.203 -3.36054
0.204 -3.35435
0.205 -3.34816
0.206 -3.342
0.207 -3.33585
0.208 -3.32971
0.209 -3.32359
0.21 -3.31748
0.211 -3.31139
0.212 -3.30532
0.213 -3.29926
0.214 -3.29322
0.215 -3.28719
0.216 -3.28117
0.217 -3.27517
0.218 -3.26918
0.219 -3.26321
0.22 -3.25726
0.221 -3.25131
0.222 -3.24538
0.223 -3.23947
0.224 -3.23357
0.225 -3.22768
0.226 -3.22181
0.227 -3.21595
0.228 -3.2101
0.229 -3.20427
0.23 -3.19845
0.231 -3.19265
0.232 -3.18685
0.233 -3.18107
0.234 -3.17531
0.235 -3.16955
0.236 -3.16381
0.237 -3.15808
0.238 -3.15237
0.239 -3.14667
0.24 -3.14098
0.241 -3.1353
0.242 -3.12963
0.243 -3.12398
0.244 -3.11834
0.245 -3.11271
0.246 -3.10709
0.247 -3.10148
0.248 -3.09589
0.249 -3.09031
0.25 -3.08474
0.251 -3.07918
0.252 -3.07363
0.253 -3.06809
0.254 -3.06257
0.255 -3.05705
0.256 -3.05155
0.257 -3.04606
0.258 -3.04058
0.259 -3.03511
0.26 -3.02965
0.261 -3.0242
0.262 -3.01877
0.263 -3.01334
0.264 -3.00793
0.265 -3.00252
0.266 -2.99713
0.267 -2.99174
0.268 -2.98637
0.269 -2.98101
0.27 -2.97565
0.271 -2.97031
0.272 -2.96498
0.273 -2.95965
0.274 -2.95434
0.275 -2.94904
0.276 -2.94375
0.277 -2.93846
0.278 -2.93319
0.279 -2.92793
0.28 -2.92268
0.281 -2.91743
0.282 -2.9122
0.283 -2.90698
0.284 -2.90176
0.285 -2.89656
0.286 -2.89136
0.287 -2.88618
0.288 -2.881
0.289 -2.87583
0.29 -2.87067
0.291 -2.86553
0.292 -2.86039
0.293 -2.85526
0.294 -2.85014
0.295 -2.84503
0.296 -2.83992
0.297 -2.83483
0.298 -2.82975
0.299 -2.82467
0.3 -2.81961
0.301 -2.81455
0.302 -2.8095
0.303 -2.80446
0.304 -2.79943
0.305 -2.79441
0.306 -2.7894
0.307 -2.78439
0.308 -2.7794
0.309 -2.77441
0.31 -2.76944
0.311 -2.76447
0.312 -2.75951
0.313 -2.75456
0.314 -2.74962
0.315 -2.74468
0.316 -2.73976
0.317 -2.73484
0.318 -2.72993
0.319 -2.72504
0.32 -2.72015
0.321 -2.71526
0.322 -2.71039
0.323 -2.70553
0.324 -2.70067
0.325 -2.69582
0.326 -2.69098
0.327 -2.68615
0.328 -2.68133
0.329 -2.67651
0.33 -2.67171
0.331 -2.66691
0.332 -2.66212
0.333 -2.65734
0.334 -2.65257
0.335 -2.6478
0.336 -2.64305
0.337 -2.6383
0.338 -2.63356
0.339 -2.62883
0.34 -2.6241
0.341 -2.61939
0.342 -2.61468
0.343 -2.60998
0.344 -2.60529
0.345 -2.60061
0.346 -2.59594
0.347 -2.59127
0.348 -2.58661
0.349 -2.58196
0.35 -2.57732
0.351 -2.57268
0.352 -2.56806
0.353 -2.56344
0.354 -2.55883
0.355 -2.55422
0.356 -2.54963
0.357 -2.54504
0.358 -2.54046
0.359 -2.53589
0.36 -2.53132
0.361 -2.52677
0.362 -2.52222
0.363 -2.51768
0.364 -2.51314
0.365 -2.50862
0.366 -2.5041
0.367 -2.49959
0.368 -2.49508
0.369 -2.49059
0.37 -2.4861
0.371 -2.48162
0.372 -2.47715
0.373 -2.47268
0.374 -2.46822
0.375 -2.46377
0.376 -2.45932
0.377 -2.45489
0.378 -2.45046
0.379 -2.44603
0.38 -2.44162
0.381 -2.43721
0.382 -2.43281
0.383 -2.42841
0.384 -2.42402
0.385 -2.41964
0.386 -2.41527
0.387 -2.4109
0.388 -2.40654
0.389 -2.40218
0.39 -2.39784
0.391 -2.3935
0.392 -2.38916
0.393 -2.38484
0.394 -2.38051
0.395 -2.3762
0.396 -2.37189
0.397 -2.36759
0.398 -2.36329
0.399 -2.35901
0.4 -2.35472
0.401 -2.35045
0.402 -2.34617
0.403 -2.34191
0.404 -2.33765
0.405 -2.3334
0.406 -2.32915
0.407 -2.32491
0.408 -2.32068
0.409 -2.31645
0.41 -2.31222
0.411 -2.308
0.412 -2.30379
0.413 -2.29958
0.414 -2.29538
0.415 -2.29119
0.416 -2.287
0.417 -2.28281
0.418 -2.27863
0.419 -2.27445
0.42 -2.27028
0.421 -2.26612
0.422 -2.26196
0.423 -2.2578
0.424 -2.25365
0.425 -2.24951
0.426 -2.24536
0.427 -2.24123
0.428 -2.2371
0.429 -2.23297
0.43 -2.22885
0.431 -2.22473
0.432 -2.22061
0.433 -2.2165
0.434 -2.2124
0.435 -2.20829
0.436 -2.2042
0.437 -2.2001
0.438 -2.19601
0.439 -2.19192
0.44 -2.18784
0.441 -2.18376
0.442 -2.17969
0.443 -2.17561
0.444 -2.17154
0.445 -2.16748
0.446 -2.16342
0.447 -2.15936
0.448 -2.1553
0.449 -2.15125
0.45 -2.1472
0.451 -2.14315
0.452 -2.13911
0.453 -2.13506
0.454 -2.13103
0.455 -2.12699
0.456 -2.12295
0.457 -2.11892
0.458 -2.11489
0.459 -2.11087
0.46 -2.10684
0.461 -2.10282
0.462 -2.09879
0.463 -2.09478
0.464 -2.09076
0.465 -2.08674
0.466 -2.08273
0.467 -2.07871
0.468 -2.0747
0.469 -2.07069
0.47 -2.06668
0.471 -2.06268
0.472 -2.05867
0.473 -2.05466
0.474 -2.05066
0.475 -2.04665
0.476 -2.04265
0.477 -2.03865
0.478 -2.03465
0.479 -2.03064
0.48 -2.02664
0.481 -2.02264
0.482 -2.01864
0.483 -2.01464
0.484 -2.01064
0.485 -2.00664
0.486 -2.00264
0.487 -1.99864
0.488 -1.99463
0.489 -1.99063
0.49 -1.98663
0.491 -1.98263
0.492 -1.97862
0.493 -1.97462
0.494 -1.97061
0.495 -1.9666
0.496 -1.9626
0.497 -1.95859
0.498 -1.95458
0.499 -1.95056
0.5 -1.94655
0.501 -1.94253
0.502 -1.93852
0.503 -1.9345
0.504 -1.93048
0.505 -1.92646
0.506 -1.92243
0.507 -1.9184
0.508 -1.91437
0.509 -1.91034
0.51 -1.90631
0.511 -1.90227
0.512 -1.89823
0.513 -1.89419
0.514 -1.89014
0.515 -1.8861
0.516 -1.88204
0.517 -1.87799
0.518 -1.87393
0.519 -1.86987
0.52 -1.86581
0.521 -1.86174
0.522 -1.85766
0.523 -1.85359
0.524 -1.84951
0.525 -1.84542
0.526 -1.84134
0.527 -1.83724
0.528 -1.83315
0.529 -1.82905
0.53 -1.82494
0.531 -1.82083
0.532 -1.81672
0.533 -1.8126
0.534 -1.80847
0.535 -1.80434
0.536 -1.80021
0.537 -1.79607
0.538 -1.79192
0.539 -1.78777
0.54 -1.78361
0.541 -1.77945
0.542 -1.77528
0.543 -1.77111
0.544 -1.76693
0.545 -1.76275
0.546 -1.75855
0.547 -1.75436
0.548 -1.75015
0.549 -1.74594
0.55 -1.74172
0.551 -1.7375
0.552 -1.73327
0.553 -1.72903
0.554 -1.72478
0.555 -1.72053
0.556 -1.71627
0.557 -1.712
0.558 -1.70773
0.559 -1.70345
0.56 -1.69916
0.561 -1.69486
0.562 -1.69056
0.563 -1.68624
0.564 -1.68192
0.565 -1.67759
0.566 -1.67326
0.567 -1.66891
0.568 -1.66456
0.569 -1.6602
0.57 -1.65582
0.571 -1.65144
0.572 -1.64705
0.573 -1.64266
0.574 -1.63825
0.575 -1.63383
0.576 -1.62941
0.577 -1.62497
0.578 -1.62053
0.579 -1.61608
0.58 -1.61161
0.581 -1.60714
0.582 -1.60266
0.583 -1.59816
0.584 -1.59366
0.585 -1.58915
0.586 -1.58462
0.587 -1.58009
0.588 -1.57555
0.589 -1.57099
0.59 -1.56643
0.591 -1.56185
0.592 -1.55726
0.593 -1.55266
0.594 -1.54806
0.595 -1.54344
0.596 -1.53881
0.597 -1.53416
0.598 -1.52951
0.599 -1.52484
0.6 -1.52017
0.601 -1.51548
0.602 -1.51078
0.603 -1.50607
0.604 -1.50134
0.605 -1.49661
0.606 -1.49186
0.607 -1.4871
0.608 -1.48233
0.609 -1.47755
0.61 -1.47275
0.611 -1.46794
0.612 -1.46312
0.613 -1.45828
0.614 -1.45344
0.615 -1.44858
0.616 -1.44371
0.617 -1.43882
0.618 -1.43392
0.619 -1.42901
0.62 -1.42409
0.621 -1.41915
0.622 -1.4142
0.623 -1.40924
0.624 -1.40426
0.625 -1.39927
0.626 -1.39427
0.627 -1.38925
0.628 -1.38422
0.629 -1.37917
0.63 -1.37412
0.631 -1.36904
0.632 -1.36396
0.633 -1.35886
0.634 -1.35375
0.635 -1.34862
0.636 -1.34348
0.637 -1.33833
0.638 -1.33316
0.639 -1.32798
0.64 -1.32278
0.641 -1.31757
0.642 -1.31235
0.643 -1.30711
0.644 -1.30186
0.645 -1.29659
0.646 -1.29131
0.647 -1.28601
0.648 -1.28071
0.649 -1.27538
0.65 -1.27005
0.651 -1.2647
0.652 -1.25933
0.653 -1.25395
0.654 -1.24856
0.655 -1.24315
0.656 -1.23773
0.657 -1.2323
0.658 -1.22685
0.659 -1.22139
0.66 -1.21591
0.661 -1.21042
0.662 -1.20492
0.663 -1.1994
0.664 -1.19387
0.665 -1.18832
0.666 -1.18277
0.667 -1.17719
0.668 -1.17161
0.669 -1.16601
0.67 -1.1604
0.671 -1.15477
0.672 -1.14914
0.673 -1.14349
0.674 -1.13782
0.675 -1.13215
0.676 -1.12646
0.677 -1.12076
0.678 -1.11504
0.679 -1.10932
0.68 -1.10358
0.681 -1.09783
0.682 -1.09206
0.683 -1.08629
0.684 -1.08051
0.685 -1.07471
0.686 -1.0689
0.687 -1.06308
0.688 -1.05725
0.689 -1.05141
0.69 -1.04556
0.691 -1.0397
0.692 -1.03383
0.693 -1.02795
0.694 -1.02206
0.695 -1.01616
0.696 -1.01025
0.697 -1.00433
0.698 -0.998401
0.699 -0.992466
0.7 -0.986522
0.701 -0.980571
0.702 -0.974612
0.703 -0.968645
0.704 -0.962672
0.705 -0.956692
0.706 -0.950705
0.707 -0.944712
0.708 -0.938714
0.709 -0.93271
0.71 -0.926701
0.711 -0.920687
0.712 -0.914669
0.713 -0.908646
0.714 -0.90262
0.715 -0.896591
0.716 -0.890559
0.717 -0.884524
0.718 -0.878487
0.719 -0.872449
0.72 -0.866409
0.721 -0.860369
0.722 -0.854328
0.723 -0.848287
0.724 -0.842247
0.725 -0.836208
0.726 -0.83017
0.727 -0.824134
0.728 -0.818101
0.729 -0.81207
0.73 -0.806044
0.731 -0.800021
0.732 -0.794002
0.733 -0.787989
0.734 -0.781982
0.735 -0.77598
0.736 -0.769986
0.737 -0.763999
0.738 -0.758019
0.739 -0.752049
0.74 -0.746087
0.741 -0.740135
0.742 -0.734194
0.743 -0.728263
0.744 -0.722344
0.745 -0.716438
0.746 -0.710544
0.747 -0.704664
0.748 -0.698798
0.749 -0.692947
0.75 -0.687112
0.751 -0.681294
0.752 -0.675492
0.753 -0.669708
0.754 -0.663943
0.755 -0.658197
0.756 -0.652471
0.757 -0.646765
0.758 -0.641081
0.759 -0.63542
0.76 -0.629781
0.761 -0.624166
0.762 -0.618576
0.763 -0.613011
0.764 -0.607473
0.765 -0.601961
0.766 -0.596477
0.767 -0.591022
0.768 -0.585596
0.769 -0.580201
0.77 -0.574836
0.771 -0.569503
0.772 -0.564204
0.773 -0.558938
0.774 -0.553706
0.775 -0.54851
0.776 -0.54335
0.777 -0.538227
0.778 -0.533141
0.779 -0.528095
0.78 -0.523089
0.781 -0.518123
0.782 -0.513198
0.783 -0.508316
0.784 -0.503477
0.785 -0.498682
0.786 -0.493932
0.787 -0.489228
0.788 -0.484571
0.789 -0.479961
0.79 -0.4754
0.791 -0.470889
0.792 -0.466428
0.793 -0.462018
0.794 -0.45766
0.795 -0.453356
0.796 -0.449105
0.797 -0.444909
0.798 -0.440769
0.799 -0.436685
0.8 -0.432659
0.801 -0.428691
0.802 -0.424783
0.803 -0.420934
0.804 -0.417147
0.805 -0.413421
0.806 -0.409758
0.807 -0.406158
0.808 -0.402623
0.809 -0.399153
0.81 -0.395749
0.811 -0.392412
0.812 -0.389143
0.813 -0.385942
0.814 -0.38281
0.815 -0.379749
0.816 -0.376758
0.817 -0.373839
0.818 -0.370992
0.819 -0.368219
0.82 -0.36552
0.821 -0.362895
0.822 -0.360346
0.823 -0.357872
0.824 -0.355476
0.825 -0.353157
0.826 -0.350917
0.827 -0.348755
0.828 -0.346673
0.829 -0.344671
0.83 -0.342751
0.831 -0.340911
0.832 -0.339154
0.833 -0.337479
0.834 -0.335888
0.835 -0.334381
0.836 -0.332958
0.837 -0.33162
0.838 -0.330368
0.839 -0.329201
0.84 -0.328122
0.841 -0.327129
0.842 -0.326224
0.843 -0.325406
0.844 -0.324677
0.845 -0.324037
0.846 -0.323487
0.847 -0.323025
0.848 -0.322654
0.849 -0.322373
0.85 -0.322183
0.851 -0.322084
0.852 -0.322077
0.853 -0.32216
0.854 -0.322336
0.855 -0.322604
0.856 -0.322965
0.857 -0.323418
0.858 -0.323964
0.859 -0.324602
0.86 -0.325335
0.861 -0.32616
0.862 -0.327079
0.863 -0.328091
0.864 -0.329198
0.865 -0.330398
0.866 -0.331691
0.867 -0.333079
0.868 -0.334561
0.869 -0.336136
0.87 -0.337806
0.871 -0.339569
0.872 -0.341427
0.873 -0.343378
0.874 -0.345422
0.875 -0.347561
0.876 -0.349792
0.877 -0.352118
0.878 -0.354536
0.879 -0.357048
0.88 -0.359652
0.881 -0.362349
0.882 -0.365138
0.883 -0.36802
0.884 -0.370994
0.885 -0.374059
0.886 -0.377216
0.887 -0.380464
0.888 -0.383802
0.889 -0.387231
0.89 -0.390751
0.891 -0.394359
0.892 -0.398058
0.893 -0.401845
0.894 -0.405721
0.895 -0.409685
0.896 -0.413736
0.897 -0.417875
0.898 -0.422101
0.899 -0.426412
0.9 -0.43081
0.901 -0.435293
0.902 -0.43986
0.903 -0.444512
0.904 -0.449247
0.905 -0.454066
0.906 -0.458966
0.907 -0.463949
0.908 -0.469013
0.909 -0.474158
0.91 -0.479382
0.911 -0.484686
0.912 -0.490069
0.913 -0.49553
0.914 -0.501068
0.915 -0.506683
0.916 -0.512374
0.917 -0.51814
0.918 -0.523981
0.919 -0.529895
0.92 -0.535883
0.921 -0.541943
0.922 -0.548075
0.923 -0.554277
0.924 -0.56055
0.925 -0.566892
0.926 -0.573302
0.927 -0.57978
0.928 -0.586326
0.929 -0.592937
0.93 -0.599613
0.931 -0.606354
0.932 -0.613159
0.933 -0.620027
0.934 -0.626956
0.935 -0.633947
0.936 -0.640998
0.937 -0.648108
0.938 -0.655277
0.939 -0.662504
0.94 -0.669788
0.941 -0.677128
0.942 -0.684522
0.943 -0.691972
0.944 -0.699474
0.945 -0.707029
0.946 -0.714636
0.947 -0.722293
0.948 -0.730001
0.949 -0.737757
0.95 -0.745561
0.951 -0.753413
0.952 -0.761311
0.953 -0.769254
0.954 -0.777242
0.955 -0.785274
0.956 -0.793348
0.957 -0.801464
0.958 -0.809622
0.959 -0.817819
0.96 -0.826056
0.961 -0.834331
0.962 -0.842643
0.963 -0.850992
0.964 -0.859377
0.965 -0.867797
0.966 -0.87625
0.967 -0.884737
0.968 -0.893256
0.969 -0.901806
0.97 -0.910387
0.971 -0.918998
0.972 -0.927638
0.973 -0.936305
0.974 -0.945
0.975 -0.953721
0.976 -0.962467
0.977 -0.971238
0.978 -0.980033
0.979 -0.988851
0.98 -0.997691
0.981 -1.00655
0.982 -1.01543
0.983 -1.02434
0.984 -1.03326
0.985 -1.0422
0.986 -1.05115
0.987 -1.06013
0.988 -1.06912
0.989 -1.07812
0.99 -1.08714
0.991 -1.09617
0.992 -1.10522
0.993 -1.11427
0.994 -1.12334
0.995 -1.13242
0.996 -1.14151
0.997 -1.15061
0.998 -1.15972
0.999 -1.16883
1 -1.17796
1.001 -10
