0 0
0.001 0.778905
0.002 0.783251
0.003 0.787592
0.004 0.791927
0.005 0.796256
0.006 0.80058
0.007 0.804897
0.008 0.809209
0.009 0.813514
0.01 0.817814
0.011 0.822107
0.012 0.826394
0.013 0.830675
0.014 0.83495
0.015 0.839218
0.016 0.843479
0.017 0.847735
0.018 0.851983
0.019 0.856225
0.02 0.86046
0.021 0.864689
0.022 0.86891
0.023 0.873125
0.024 0.877333
0.025 0.881534
0.026 0.885728
0.027 0.889915
0.028 0.894095
0.029 0.898268
0.03 0.902434
0.031 0.906592
0.032 0.910743
0.033 0.914887
0.034 0.919024
0.035 0.923154
0.036 0.927276
0.037 0.931391
0.038 0.935498
0.039 0.939598
0.04 0.94369
0.041 0.947775
0.042 0.951853
0.043 0.955923
0.044 0.959986
0.045 0.964041
0.046 0.968088
0.047 0.972128
0.048 0.976161
0.049 0.980186
0.05 0.984203
0.051 0.988213
0.052 0.992215
0.053 0.99621
0.054 1.0002
0.055 1.00418
0.056 1.00815
0.057 1.01211
0.058 1.01607
0.059 1.02002
0.06 1.02396
0.061 1.02789
0.062 1.03182
0.063 1.03574
0.064 1.03965
0.065 1.04356
0.066 1.04745
0.067 1.05134
0.068 1.05522
0.069 1.0591
0.07 1.06296
0.071 1.06682
0.072 1.07068
0.073 1.07452
0.074 1.07836
0.075 1.08219
0.076 1.08601
0.077 1.08983
0.078 1.09364
0.079 1.09744
0.08 1.10123
0.081 1.10502
0.082 1.1088
0.083 1.11257
0.084 1.11634
0.085 1.1201
0.086 1.12385
0.087 1.1276
0.088 1.13133
0.089 1.13507
0.09 1.13879
0.091 1.14251
0.092 1.14622
0.093 1.14993
0.094 1.15362
0.095 1.15732
0.096 1.161
0.097 1.16468
0.098 1.16835
0.099 1.17202
0.1 1.17568
0.101 1.17933
0.102 1.18298
0.103 1.18662
0.104 1.19025
0.105 1.19388
0.106 1.1975
0.107 1.20112
0.108 1.20473
0.109 1.20834
0.11 1.21194
0.111 1.21553
0.112 1.21912
0.113 1.2227
0.114 1.22627
0.115 1.22984
0.116 1.23341
0.117 1.23697
0.118 1.24052
0.119 1.24407
0.12 1.24762
0.121 1.25115
0.122 1.25469
0.123 1.25821
0.124 1.26174
0.125 1.26525
0.126 1.26877
0.127 1.27227
0.128 1.27578
0.129 1.27927
0.13 1.28277
0.131 1.28625
0.132 1.28974
0.133 1.29322
0.134 1.29669
0.135 1.30016
0.136 1.30363
0.137 1.30709
0.138 1.31055
0.139 1.314
0.14 1.31745
0.141 1.32089
0.142 1.32433
0.143 1.32777
0.144 1.3312
0.145 1.33463
0.146 1.33805
0.147 1.34147
0.148 1.34489
0.149 1.3483
0.15 1.35171
0.151 1.35511
0.152 1.35852
0.153 1.36192
0.154 1.36531
0.155 1.3687
0.156 1.37209
0.157 1.37548
0.158 1.37886
0.159 1.38224
0.16 1.38562
0.161 1.38899
0.162 1.39236
0.163 1.39573
0.164 1.39909
0.165 1.40245
0.166 1.40581
0.167 1.40917
0.168 1.41252
0.169 1.41588
0.17 1.41923
0.171 1.42257
0.172 1.42592
0.173 1.42926
0.174 1.4326
0.175 1.43594
0.176 1.43927
0.177 1.44261
0.178 1.44594
0.179 1.44927
0.18 1.4526
0.181 1.45593
0.182 1.45925
0.183 1.46258
0.184 1.4659
0.185 1.46922
0.186 1.47254
0.187 1.47586
0.188 1.47917
0.189 1.48249
0.19 1.4858
0.191 1.48912
0.192 1.49243
0.193 1.49574
0.194 1.49905
0.195 1.50236
0.196 1.50567
0.197 1.50898
0.198 1.51229
0.199 1.51559
0.2 1.5189
0.201 1.52221
0.202 1.52551
0.203 1.52882
0.204 1.53212
0.205 1.53543
0.206 1.53873
0.207 1.54204
0.208 1.54534
0.209 1.54865
0.21 1.55195
0.211 1.55526
0.212 1.55856
0.213 1.56187
0.214 1.56517
0.215 1.56848
0.216 1.57179
0.217 1.5751
0.218 1.57841
0.219 1.58171
0.22 1.58502
0.221 1.58834
0.222 1.59165
0.223 1.59496
0.224 1.59827
0.225 1.60159
0.226 1.6049
0.227 1.60822
0.228 1.61154
0.229 1.61486
0.23 1.61818
0.231 1.6215
0.232 1.62483
0.233 1.62815
0.234 1.63148
0.235 1.63481
0.236 1.63814
0.237 1.64147
0.238 1.6448
0.239 1.64814
0.24 1.65148
0.241 1.65482
0.242 1.65816
0.243 1.6615
0.244 1.66485
0.245 1.6682
0.246 1.67155
0.247 1.6749
0.248 1.67826
0.249 1.68162
0.25 1.68498
0.251 1.68834
0.252 1.6917
0.253 1.69507
0.254 1.69844
0.255 1.70182
0.256 1.70519
0.257 1.70857
0.258 1.71195
0.259 1.71534
0.26 1.71872
0.261 1.72211
0.262 1.72551
0.263 1.7289
0.264 1.7323
0.265 1.73571
0.266 1.73911
0.267 1.74252
0.268 1.74593
0.269 1.74935
0.27 1.75277
0.271 1.75619
0.272 1.75962
0.273 1.76305
0.274 1.76648
0.275 1.76992
0.276 1.77336
0.277 1.7768
0.278 1.78025
0.279 1.7837
0.28 1.78715
0.281 1.79061
0.282 1.79407
0.283 1.79754
0.284 1.80101
0.285 1.80448
0.286 1.80796
0.287 1.81144
0.288 1.81492
0.289 1.81841
0.29 1.8219
0.291 1.8254
0.292 1.8289
0.293 1.83241
0.294 1.83592
0.295 1.83943
0.296 1.84295
0.297 1.84647
0.298 1.84999
0.299 1.85352
0.3 1.85706
0.301 1.8606
0.302 1.86414
0.303 1.86769
0.304 1.87124
0.305 1.87479
0.306 1.87835
0.307 1.88192
0.308 1.88548
0.309 1.88906
0.31 1.89263
0.311 1.89621
0.312 1.8998
0.313 1.90339
0.314 1.90699
0.315 1.91058
0.316 1.91419
0.317 1.9178
0.318 1.92141
0.319 1.92503
0.32 1.92865
0.321 1.93227
0.322 1.9359
0.323 1.93954
0.324 1.94318
0.325 1.94682
0.326 1.95047
0.327 1.95412
0.328 1.95778
0.329 1.96144
0.33 1.96511
0.331 1.96878
0.332 1.97246
0.333 1.97614
0.334 1.97983
0.335 1.98352
0.336 1.98721
0.337 1.99091
0.338 1.99462
0.339 1.99833
0.34 2.00204
0.341 2.00576
0.342 2.00948
0.343 2.01321
0.344 2.01694
0.345 2.02068
0.346 2.02442
0.347 2.02817
0.348 2.03192
0.349 2.03568
0.35 2.03944
0.351 2.0432
0.352 2.04697
0.353 2.05075
0.354 2.05453
0.355 2.05832
0.356 2.06211
0.357 2.0659
0.358 2.0697
0.359 2.0735
0.36 2.07731
0.361 2.08113
0.362 2.08495
0.363 2.08877
0.364 2.0926
0.365 2.09644
0.366 2.10028
0.367 2.10412
0.368 2.10797
0.369 2.11182
0.37 2.11568
0.371 2.11955
0.372 2.12342
0.373 2.12729
0.374 2.13117
0.375 2.13505
0.376 2.13894
0.377 2.14284
0.378 2.14674
0.379 2.15064
0.38 2.15455
0.381 2.15847
0.382 2.16239
0.383 2.16632
0.384 2.17025
0.385 2.17419
0.386 2.17813
0.387 2.18207
0.388 2.18603
0.389 2.18999
0.39 2.19395
0.391 2.19792
0.392 2.20189
0.393 2.20587
0.394 2.20986
0.395 2.21385
0.396 2.21785
0.397 2.22185
0.398 2.22586
0.399 2.22987
0.4 2.23389
0.401 2.23792
0.402 2.24195
0.403 2.24598
0.404 2.25003
0.405 2.25408
0.406 2.25813
0.407 2.26219
0.408 2.26626
0.409 2.27033
0.41 2.27441
0.411 2.27849
0.412 2.28259
0.413 2.28668
0.414 2.29079
0.415 2.2949
0.416 2.29901
0.417 2.30314
0.418 2.30727
0.419 2.3114
0.42 2.31554
0.421 2.31969
0.422 2.32385
0.423 2.32801
0.424 2.33218
0.425 2.33636
0.426 2.34054
0.427 2.34473
0.428 2.34893
0.429 2.35313
0.43 2.35734
0.431 2.36156
0.432 2.36579
0.433 2.37002
0.434 2.37426
0.435 2.37851
0.436 2.38276
0.437 2.38703
0.438 2.3913
0.439 2.39558
0.44 2.39986
0.441 2.40416
0.442 2.40846
0.443 2.41277
0.444 2.41709
0.445 2.42141
0.446 2.42575
0.447 2.43009
0.448 2.43444
0.449 2.4388
0.45 2.44317
0.451 2.44755
0.452 2.45193
0.453 2.45633
0.454 2.46073
0.455 2.46514
0.456 2.46956
0.457 2.474
0.458 2.47843
0.459 2.48288
0.46 2.48734
0.461 2.49181
0.462 2.49629
0.463 2.50078
0.464 2.50527
0.465 2.50978
0.466 2.5143
0.467 2.51882
0.468 2.52336
0.469 2.52791
0.47 2.53247
0.471 2.53704
0.472 2.54161
0.473 2.5462
0.474 2.55081
0.475 2.55542
0.476 2.56004
0.477 2.56467
0.478 2.56932
0.479 2.57397
0.48 2.57864
0.481 2.58332
0.482 2.58801
0.483 2.59272
0.484 2.59743
0.485 2.60216
0.486 2.6069
0.487 2.61165
0.488 2.61641
0.489 2.62119
0.49 2.62598
0.491 2.63078
0.492 2.6356
0.493 2.64043
0.494 2.64527
0.495 2.65012
0.496 2.65499
0.497 2.65987
0.498 2.66477
0.499 2.66968
0.5 2.6746
0.501 2.67954
0.502 2.68449
0.503 2.68946
0.504 2.69444
0.505 2.69944
0.506 2.70445
0.507 2.70947
0.508 2.71452
0.509 2.71957
0.51 2.72464
0.511 2.72973
0.512 2.73483
0.513 2.73995
0.514 2.74509
0.515 2.75024
0.516 2.75541
0.517 2.76059
0.518 2.7658
0.519 2.77101
0.52 2.77625
0.521 2.7815
0.522 2.78677
0.523 2.79206
0.524 2.79737
0.525 2.80269
0.526 2.80803
0.527 2.81339
0.528 2.81877
0.529 2.82417
0.53 2.82958
0.531 2.83502
0.532 2.84047
0.533 2.84594
0.534 2.85144
0.535 2.85695
0.536 2.86248
0.537 2.86803
0.538 2.87361
0.539 2.8792
0.54 2.88481
0.541 2.89045
0.542 2.8961
0.543 2.90178
0.544 2.90748
0.545 2.9132
0.546 2.91894
0.547 2.9247
0.548 2.93049
0.549 2.9363
0.55 2.94213
0.551 2.94798
0.552 2.95386
0.553 2.95976
0.554 2.96568
0.555 2.97163
0.556 2.9776
0.557 2.9836
0.558 2.98961
0.559 2.99566
0.56 3.00173
0.561 3.00782
0.562 3.01394
0.563 3.02008
0.564 3.02625
0.565 3.03245
0.566 3.03867
0.567 3.04492
0.568 3.05119
0.569 3.0575
0.57 3.06382
0.571 3.07018
0.572 3.07656
0.573 3.08297
0.574 3.08941
0.575 3.09588
0.576 3.10237
0.577 3.1089
0.578 3.11545
0.579 3.12203
0.58 3.12864
0.581 3.13528
0.582 3.14195
0.583 3.14866
0.584 3.15539
0.585 3.16215
0.586 3.16894
0.587 3.17576
0.588 3.18262
0.589 3.18951
0.59 3.19643
0.591 3.20338
0.592 3.21036
0.593 3.21737
0.594 3.22442
0.595 3.23151
0.596 3.23862
0.597 3.24577
0.598 3.25295
0.599 3.26017
0.6 3.26742
0.601 3.27471
0.602 3.28203
0.603 3.28939
0.604 3.29678
0.605 3.30421
0.606 3.31167
0.607 3.31917
0.608 3.32671
0.609 3.33428
0.61 3.34189
0.611 3.34954
0.612 3.35723
0.613 3.36495
0.614 3.37271
0.615 3.38051
0.616 3.38835
0.617 3.39623
0.618 3.40415
0.619 3.41211
0.62 3.42011
0.621 3.42814
0.622 3.43622
0.623 3.44434
0.624 3.4525
0.625 3.4607
0.626 3.46895
0.627 3.47723
0.628 3.48556
0.629 3.49393
0.63 3.50234
0.631 3.5108
0.632 3.51929
0.633 3.52784
0.634 3.53642
0.635 3.54505
0.636 3.55373
0.637 3.56244
0.638 3.57121
0.639 3.58002
0.64 3.58887
0.641 3.59777
0.642 3.60672
0.643 3.61571
0.644 3.62475
0.645 3.63383
0.646 3.64296
0.647 3.65214
0.648 3.66137
0.649 3.67064
0.65 3.67997
0.651 3.68934
0.652 3.69876
0.653 3.70823
0.654 3.71774
0.655 3.72731
0.656 3.73693
0.657 3.74659
0.658 3.75631
0.659 3.76608
0.66 3.77589
0.661 3.78576
0.662 3.79568
0.663 3.80565
0.664 3.81567
0.665 3.82575
0.666 3.83587
0.667 3.84605
0.668 3.85628
0.669 3.86656
0.67 3.87689
0.671 3.88728
0.672 3.89772
0.673 3.90821
0.674 3.91876
0.675 3.92936
0.676 3.94002
0.677 3.95072
0.678 3.96149
0.679 3.9723
0.68 3.98318
0.681 3.9941
0.682 4.00508
0.683 4.01612
0.684 4.02721
0.685 4.03835
0.686 4.04956
0.687 4.06081
0.688 4.07212
0.689 4.08349
0.69 4.09492
0.691 4.10639
0.692 4.11793
0.693 4.12952
0.694 4.14117
0.695 4.15287
0.696 4.16463
0.697 4.17645
0.698 4.18832
0.699 4.20025
0.7 4.21223
0.701 4.22427
0.702 4.23637
0.703 4.24852
0.704 4.26073
0.705 4.27299
0.706 4.28532
0.707 4.29769
0.708 4.31013
0.709 4.32262
0.71 4.33516
0.711 4.34776
0.712 4.36042
0.713 4.37314
0.714 4.3859
0.715 4.39873
0.716 4.41161
0.717 4.42454
0.718 4.43753
0.719 4.45058
0.72 4.46368
0.721 4.47683
0.722 4.49004
0.723 4.5033
0.724 4.51662
0.725 4.52999
0.726 4.54341
0.727 4.55688
0.728 4.57041
0.729 4.58399
0.73 4.59763
0.731 4.61131
0.732 4.62505
0.733 4.63884
0.734 4.65267
0.735 4.66656
0.736 4.6805
0.737 4.69449
0.738 4.70853
0.739 4.72262
0.74 4.73675
0.741 4.75093
0.742 4.76516
0.743 4.77944
0.744 4.79377
0.745 4.80814
0.746 4.82255
0.747 4.83701
0.748 4.85152
0.749 4.86606
0.75 4.88065
0.751 4.89529
0.752 4.90996
0.753 4.92468
0.754 4.93944
0.755 4.95424
0.756 4.96907
0.757 4.98395
0.758 4.99886
0.759 5.01381
0.76 5.0288
0.761 5.04383
0.762 5.05888
0.763 5.07398
0.764 5.0891
0.765 5.10426
0.766 5.11945
0.767 5.13467
0.768 5.14992
0.769 5.1652
0.77 5.18051
0.771 5.19585
0.772 5.21121
0.773 5.2266
0.774 5.24201
0.775 5.25745
0.776 5.27291
0.777 5.28839
0.778 5.30389
0.779 5.31941
0.78 5.33495
0.781 5.35051
0.782 5.36609
0.783 5.38168
0.784 5.39728
0.785 5.4129
0.786 5.42853
0.787 5.44418
0.788 5.45983
0.789 5.47549
0.79 5.49116
0.791 5.50684
0.792 5.52253
0.793 5.53822
0.794 5.55391
0.795 5.5696
0.796 5.5853
0.797 5.601
0.798 5.61669
0.799 5.63238
0.8 5.64807
0.801 5.66376
0.802 5.67944
0.803 5.69511
0.804 5.71077
0.805 5.72643
0.806 5.74207
0.807 5.7577
0.808 5.77332
0.809 5.78892
0.81 5.80451
0.811 5.82008
0.812 5.83563
0.813 5.85117
0.814 5.86668
0.815 5.88217
0.816 5.89764
0.817 5.91308
0.818 5.9285
0.819 5.94389
0.82 5.95926
0.821 5.97459
0.822 5.98989
0.823 6.00516
0.824 6.0204
0.825 6.03561
0.826 6.05078
0.827 6.06591
0.828 6.081
0.829 6.09606
0.83 6.11107
0.831 6.12605
0.832 6.14098
0.833 6.15586
0.834 6.1707
0.835 6.1855
0.836 6.20025
0.837 6.21495
0.838 6.2296
0.839 6.2442
0.84 6.25875
0.841 6.27324
0.842 6.28768
0.843 6.30207
0.844 6.3164
0.845 6.33067
0.846 6.34488
0.847 6.35904
0.848 6.37313
0.849 6.38716
0.85 6.40113
0.851 6.41504
0.852 6.42888
0.853 6.44266
0.854 6.45637
0.855 6.47001
0.856 6.48359
0.857 6.49709
0.858 6.51053
0.859 6.52389
0.86 6.53719
0.861 6.55041
0.862 6.56356
0.863 6.57663
0.864 6.58963
0.865 6.60256
0.866 6.6154
0.867 6.62817
0.868 6.64087
0.869 6.65348
0.87 6.66601
0.871 6.67847
0.872 6.69084
0.873 6.70314
0.874 6.71535
0.875 6.72748
0.876 6.73953
0.877 6.75149
0.878 6.76337
0.879 6.77516
0.88 6.78687
0.881 6.7985
0.882 6.81004
0.883 6.82149
0.884 6.83286
0.885 6.84414
0.886 6.85533
0.887 6.86643
0.888 6.87745
0.889 6.88837
0.89 6.89921
0.891 6.90996
0.892 6.92062
0.893 6.93119
0.894 6.94168
0.895 6.95207
0.896 6.96237
0.897 6.97258
0.898 6.9827
0.899 6.99273
0.9 7.00267
0.901 7.01252
0.902 7.02228
0.903 7.03194
0.904 7.04152
0.905 7.05101
0.906 7.0604
0.907 7.0697
0.908 7.07892
0.909 7.08804
0.91 7.09707
0.911 7.10601
0.912 7.11486
0.913 7.12362
0.914 7.13229
0.915 7.14087
0.916 7.14936
0.917 7.15776
0.918 7.16607
0.919 7.17429
0.92 7.18242
0.921 7.19046
0.922 7.19841
0.923 7.20628
0.924 7.21406
0.925 7.22175
0.926 7.22935
0.927 7.23686
0.928 7.24429
0.929 7.25163
0.93 7.25888
0.931 7.26605
0.932 7.27314
0.933 7.28013
0.934 7.28705
0.935 7.29388
0.936 7.30062
0.937 7.30728
0.938 7.31386
0.939 7.32036
0.94 7.32677
0.941 7.3331
0.942 7.33935
0.943 7.34552
0.944 7.35161
0.945 7.35763
0.946 7.36356
0.947 7.36941
0.948 7.37518
0.949 7.38088
0.95 7.3865
0.951 7.39204
0.952 7.39751
0.953 7.4029
0.954 7.40822
0.955 7.41346
0.956 7.41863
0.957 7.42372
0.958 7.42874
0.959 7.43369
0.96 7.43857
0.961 7.44338
0.962 7.44812
0.963 7.45278
0.964 7.45738
0.965 7.46191
0.966 7.46637
0.967 7.47076
0.968 7.47509
0.969 7.47935
0.97 7.48355
0.971 7.48768
0.972 7.49174
0.973 7.49574
0.974 7.49968
0.975 7.50356
0.976 7.50737
0.977 7.51113
0.978 7.51482
0.979 7.51845
0.98 7.52202
0.981 7.52553
0.982 7.52899
0.983 7.53239
0.984 7.53573
0.985 7.53901
0.986 7.54224
0.987 7.54541
0.988 7.54853
0.989 7.55159
0.99 7.5546
0.991 7.55756
0.992 7.56046
0.993 7.56331
0.994 7.56611
0.995 7.56886
0.996 7.57156
0.997 7.57421
0.998 7.57682
0.999 7.57937
1 7.58188
1.001 0
