0 -10
0.001 -6.62256
0.002 -6.60695
0.003 -6.59127
0.004 -6.57554
0.005 -6.55976
0.006 -6.54392
0.007 -6.52804
0.008 -6.5121
0.009 -6.49611
0.01 -6.48007
0.011 -6.46398
0.012 -6.44784
0.013 -6.43165
0.014 -6.41542
0.015 -6.39914
0.016 -6.38282
0.017 -6.36646
0.018 -6.35005
0.019 -6.3336
0.02 -6.31711
0.021 -6.30058
0.022 -6.28401
0.023 -6.26741
0.024 -6.25076
0.025 -6.23409
0.026 -6.21738
0.027 -6.20063
0.028 -6.18386
0.029 -6.16705
0.03 -6.15022
0.031 -6.13336
0.032 -6.11647
0.033 -6.09956
0.034 -6.08262
0.035 -6.06567
0.036 -6.04869
0.037 -6.03169
0.038 -6.01467
0.039 -5.99764
0.04 -5.98059
0.041 -5.96353
0.042 -5.94645
0.043 -5.92936
0.044 -5.91227
0.045 -5.89517
0.046 -5.87806
0.047 -5.86094
0.048 -5.84382
0.049 -5.8267
0.05 -5.80958
0.051 -5.79246
0.052 -5.77535
0.053 -5.75823
0.054 -5.74113
0.055 -5.72403
0.056 -5.70694
0.057 -5.68986
0.058 -5.67279
0.059 -5.65573
0.06 -5.6387
0.061 -5.62167
0.062 -5.60467
0.063 -5.58768
0.064 -5.57072
0.065 -5.55378
0.066 -5.53686
0.067 -5.51997
0.068 -5.50311
0.069 -5.48627
0.07 -5.46947
0.071 -5.45269
0.072 -5.43595
0.073 -5.41924
0.074 -5.40257
0.075 -5.38594
0.076 -5.36934
0.077 -5.35279
0.078 -5.33627
0.079 -5.3198
0.08 -5.30337
0.081 -5.28699
0.082 -5.27065
0.083 -5.25436
0.084 -5.23812
0.085 -5.22193
0.086 -5.20578
0.087 -5.18969
0.088 -5.17366
0.089 -5.15768
0.09 -5.14175
0.091 -5.12588
0.092 -5.11006
0.093 -5.0943
0.094 -5.07861
0.095 -5.06297
0.096 -5.04739
0.097 -5.03187
0.098 -5.01642
0.099 -5.00103
0.1 -4.9857
0.101 -4.97043
0.102 -4.95523
0.103 -4.9401
0.104 -4.92503
0.105 -4.91003
0.106 -4.8951
0.107 -4.88023
0.108 -4.86544
0.109 -4.85071
0.11 -4.83605
0.111 -4.82146
0.112 -4.80694
0.113 -4.79249
0.114 -4.77811
0.115 -4.7638
0.116 -4.74956
0.117 -4.7354
0.118 -4.7213
0.119 -4.70728
0.12 -4.69333
0.121 -4.67945
0.122 -4.66564
0.123 -4.65191
0.124 -4.63824
0.125 -4.62465
0.126 -4.61113
0.127 -4.59769
0.128 -4.58431
0.129 -4.57101
0.13 -4.55778
0.131 -4.54462
0.132 -4.53154
0.133 -4.51852
0.134 -4.50558
0.135 -4.49271
0.136 -4.47991
0.137 -4.46718
0.138 -4.45452
0.139 -4.44194
0.14 -4.42942
0.141 -4.41697
0.142 -4.40459
0.143 -4.39229
0.144 -4.38005
0.145 -4.36788
0.146 -4.35578
0.147 -4.34375
0.148 -4.33178
0.149 -4.31988
0.15 -4.30806
0.151 -4.29629
0.152 -4.2846
0.153 -4.27297
0.154 -4.2614
0.155 -4.24991
0.156 -4.23847
0.157 -4.2271
0.158 -4.2158
0.159 -4.20456
0.16 -4.19338
0.161 -4.18227
0.162 -4.17122
0.163 -4.16023
0.164 -4.14931
0.165 -4.13844
0.166 -4.12764
0.167 -4.11689
0.168 -4.10621
0.169 -4.09559
0.17 -4.08502
0.171 -4.07452
0.172 -4.06407
0.173 -4.05368
0.174 -4.04335
0.175 -4.03308
0.176 -4.02286
0.177 -4.0127
0.178 -4.00259
0.179 -3.99255
0.18 -3.98255
0.181 -3.97261
0.182 -3.96273
0.183 -3.9529
0.184 -3.94312
0.185 -3.93339
0.186 -3.92372
0.187 -3.9141
0.188 -3.90453
0.189 -3.89501
0.19 -3.88555
0.191 -3.87613
0.192 -3.86677
0.193 -3.85745
0.194 -3.84818
0.195 -3.83897
0.196 -3.8298
0.197 -3.82067
0.198 -3.8116
0.199 -3.80258
0.2 -3.7936
0.201 -3.78466
0.202 -3.77578
0.203 -3.76694
0.204 -3.75814
0.205 -3.74939
0.206 -3.74068
0.207 -3.73202
0.208 -3.72341
0.209 -3.71483
0.21 -3.7063
0.211 -3.69781
0.212 -3.68937
0.213 -3.68097
0.214 -3.6726
0.215 -3.66428
0.216 -3.656
0.217 -3.64777
0.218 -3.63957
0.219 -3.63141
0.22 -3.62329
0.221 -3.61521
0.222 -3.60717
0.223 -3.59917
0.224 -3.59121
0.225 -3.58328
0.226 -3.5754
0.227 -3.56755
0.228 -3.55973
0.229 -3.55196
0.23 -3.54422
0.231 -3.53651
0.232 -3.52885
0.233 -3.52121
0.234 -3.51362
0.235 -3.50605
0.236 -3.49853
0.237 -3.49103
0.238 -3.48357
0.239 -3.47615
0.24 -3.46875
0.241 -3.46139
0.242 -3.45407
0.243 -3.44677
0.244 -3.43951
0.245 -3.43228
0.246 -3.42508
0.247 -3.41791
0.248 -3.41078
0.249 -3.40367
0.25 -3.39659
0.251 -3.38955
0.252 -3.38253
0.253 -3.37555
0.254 -3.36859
0.255 -3.36167
0.256 -3.35477
0.257 -3.3479
0.258 -3.34106
0.259 -3.33425
0.26 -3.32746
0.261 -3.32071
0.262 -3.31398
0.263 -3.30728
0.264 -3.3006
0.265 -3.29395
0.266 -3.28733
0.267 -3.28074
0.268 -3.27417
0.269 -3.26762
0.27 -3.26111
0.271 -3.25461
0.272 -3.24815
0.273 -3.2417
0.274 -3.23528
0.275 -3.22889
0.276 -3.22252
0.277 -3.21618
0.278 -3.20986
0.279 -3.20356
0.28 -3.19728
0.281 -3.19103
0.282 -3.18481
0.283 -3.1786
0.284 -3.17242
0.285 -3.16626
0.286 -3.16012
0.287 -3.15401
0.288 -3.14791
0.289 -3.14184
0.29 -3.13579
0.291 -3.12976
0.292 -3.12375
0.293 -3.11777
0.294 -3.1118
0.295 -3.10585
0.296 -3.09993
0.297 -3.09402
0.298 -3.08814
0.299 -3.08227
0.3 -3.07643
0.301 -3.0706
0.302 -3.0648
0.303 -3.05901
0.304 -3.05324
0.305 -3.04749
0.306 -3.04176
0.307 -3.03605
0.308 -3.03036
0.309 -3.02468
0.31 -3.01903
0.311 -3.01339
0.312 -3.00777
0.313 -3.00217
0.314 -2.99658
0.315 -2.99101
0.316 -2.98546
0.317 -2.97993
0.318 -2.97441
0.319 -2.96891
0.32 -2.96343
0.321 -2.95797
0.322 -2.95252
0.323 -2.94708
0.324 -2.94167
0.325 -2.93626
0.326 -2.93088
0.327 -2.92551
0.328 -2.92016
0.329 -2.91482
0.33 -2.9095
0.331 -2.90419
0.332 -2.8989
0.333 -2.89362
0.334 -2.88836
0.335 -2.88311
0.336 -2.87788
0.337 -2.87266
0.338 -2.86745
0.339 -2.86226
0.34 -2.85709
0.341 -2.85193
0.342 -2.84678
0.343 -2.84165
0.344 -2.83653
0.345 -2.83142
0.346 -2.82633
0.347 -2.82125
0.348 -2.81618
0.349 -2.81113
0.35 -2.80609
0.351 -2.80106
0.352 -2.79605
0.353 -2.79104
0.354 -2.78606
0.355 -2.78108
0.356 -2.77612
0.357 -2.77116
0.358 -2.76622
0.359 -2.7613
0.36 -2.75638
0.361 -2.75148
0.362 -2.74658
0.363 -2.7417
0.364 -2.73683
0.365 -2.73198
0.366 -2.72713
0.367 -2.72229
0.368 -2.71747
0.369 -2.71266
0.37 -2.70785
0.371 -2.70306
0.372 -2.69828
0.373 -2.69351
0.374 -2.68875
0.375 -2.684
0.376 -2.67926
0.377 -2.67453
0.378 -2.66981
0.379 -2.6651
0.38 -2.6604
0.381 -2.65571
0.382 -2.65103
0.383 -2.64636
0.384 -2.6417
0.385 -2.63705
0.386 -2.63241
0.387 -2.62778
0.388 -2.62315
0.389 -2.61854
0.39 -2.61393
0.391 -2.60933
0.392 -2.60474
0.393 -2.60016
0.394 -2.59559
0.395 -2.59102
0.396 -2.58647
0.397 -2.58192
0.398 -2.57738
0.399 -2.57285
0.4 -2.56833
0.401 -2.56381
0.402 -2.5593
0.403 -2.5548
0.404 -2.55031
0.405 -2.54582
0.406 -2.54134
0.407 -2.53687
0.408 -2.5324
0.409 -2.52794
0.41 -2.52349
0.411 -2.51905
0.412 -2.51461
0.413 -2.51018
0.414 -2.50575
0.415 -2.50133
0.416 -2.49692
0.417 -2.49251
0.418 -2.48811
0.419 -2.48372
0.42 -2.47933
0.421 -2.47495
0.422 -2.47057
0.423 -2.4662
0.424 -2.46183
0.425 -2.45747
0.426 -2.45311
0.427 -2.44876
0.428 -2.44442
0.429 -2.44008
0.43 -2.43574
0.431 -2.43141
0.432 -2.42708
0.433 -2.42276
0.434 -2.41844
0.435 -2.41413
0.436 -2.40982
0.437 -2.40551
0.438 -2.40121
0.439 -2.39691
0.44 -2.39262
0.441 -2.38833
0.442 -2.38404
0.443 -2.37976
0.444 -2.37548
0.445 -2.3712
0.446 -2.36693
0.447 -2.36266
0.448 -2.35839
0.449 -2.35413
0.45 -2.34987
0.451 -2.34561
0.452 -2.34135
0.453 -2.3371
0.454 -2.33285
0.455 -2.3286
0.456 -2.32435
0.457 -2.32011
0.458 -2.31586
0.459 -2.31162
0.46 -2.30738
0.461 -2.30315
0.462 -2.29891
0.463 -2.29468
0.464 -2.29044
0.465 -2.28621
0.466 -2.28198
0.467 -2.27775
0.468 -2.27352
0.469 -2.26929
0.47 -2.26507
0.471 -2.26084
0.472 -2.25662
0.473 -2.25239
0.474 -2.24817
0.475 -2.24394
0.476 -2.23972
0.477 -2.23549
0.478 -2.23127
0.479 -2.22704
0.48 -2.22282
0.481 -2.21859
0.482 -2.21436
0.483 -2.21014
0.484 -2.20591
0.485 -2.20168
0.486 -2.19745
0.487 -2.19322
0.488 -2.18899
0.489 -2.18476
0.49 -2.18052
0.491 -2.17629
0.492 -2.17205
0.493 -2.16781
0.494 -2.16357
0.495 -2.15933
0.496 -2.15509
0.497 -2.15084
0.498 -2.14659
0.499 -2.14234
0.5 -2.13809
0.501 -2.13383
0.502 -2.12958
0.503 -2.12532
0.504 -2.12105
0.505 -2.11679
0.506 -2.11252
0.507 -2.10824
0.508 -2.10397
0.509 -2.09969
0.51 -2.09541
0.511 -2.09112
0.512 -2.08683
0.513 -2.08254
0.514 -2.07824
0.515 -2.07394
0.516 -2.06963
0.517 -2.06532
0.518 -2.06101
0.519 -2.05669
0.52 -2.05237
0.521 -2.04804
0.522 -2.04371
0.523 -2.03937
0.524 -2.03503
0.525 -2.03068
0.526 -2.02633
0.527 -2.02197
0.528 -2.0176
0.529 -2.01323
0.53 -2.00886
0.531 -2.00448
0.532 -2.00009
0.533 -1.9957
0.534 -1.9913
0.535 -1.9869
0.536 -1.98249
0.537 -1.97807
0.538 -1.97364
0.539 -1.96921
0.54 -1.96478
0.541 -1.96033
0.542 -1.95588
0.543 -1.95142
0.544 -1.94695
0.545 -1.94248
0.546 -1.938
0.547 -1.93351
0.548 -1.92902
0.549 -1.92451
0.55 -1.92
0.551 -1.91548
0.552 -1.91095
0.553 -1.90641
0.554 -1.90187
0.555 -1.89731
0.556 -1.89275
0.557 -1.88818
0.558 -1.8836
0.559 -1.87901
0.56 -1.87441
0.561 -1.8698
0.562 -1.86519
0.563 -1.86056
0.564 -1.85592
0.565 -1.85127
0.566 -1.84662
0.567 -1.84195
0.568 -1.83727
0.569 -1.83259
0.57 -1.82789
0.571 -1.82318
0.572 -1.81846
0.573 -1.81373
0.574 -1.80899
0.575 -1.80424
0.576 -1.79948
0.577 -1.7947
0.578 -1.78992
0.579 -1.78512
0.58 -1.78031
0.581 -1.77549
0.582 -1.77066
0.583 -1.76581
0.584 -1.76095
0.585 -1.75608
0.586 -1.7512
0.587 -1.7463
0.588 -1.7414
0.589 -1.73648
0.59 -1.73154
0.591 -1.72659
0.592 -1.72163
0.593 -1.71666
0.594 -1.71167
0.595 -1.70667
0.596 -1.70165
0.597 -1.69662
0.598 -1.69158
0.599 -1.68652
0.6 -1.68145
0.601 -1.67636
0.602 -1.67126
0.603 -1.66615
0.604 -1.66101
0.605 -1.65587
0.606 -1.6507
0.607 -1.64553
0.608 -1.64033
0.609 -1.63513
0.61 -1.6299
0.611 -1.62466
0.612 -1.6194
0.613 -1.61413
0.614 -1.60884
0.615 -1.60354
0.616 -1.59821
0.617 -1.59287
0.618 -1.58752
0.619 -1.58214
0.62 -1.57675
0.621 -1.57134
0.622 -1.56592
0.623 -1.56048
0.624 -1.55501
0.625 -1.54954
0.626 -1.54404
0.627 -1.53852
0.628 -1.53299
0.629 -1.52744
0.63 -1.52187
0.631 -1.51628
0.632 -1.51067
0.633 -1.50504
0.634 -1.49939
0.635 -1.49373
0.636 -1.48804
0.637 -1.48234
0.638 -1.47661
0.639 -1.47087
0.64 -1.4651
0.641 -1.45932
0.642 -1.45352
0.643 -1.44769
0.644 -1.44185
0.645 -1.43598
0.646 -1.43009
0.647 -1.42418
0.648 -1.41826
0.649 -1.41231
0.65 -1.40634
0.651 -1.40034
0.652 -1.39433
0.653 -1.3883
0.654 -1.38224
0.655 -1.37616
0.656 -1.37006
0.657 -1.36394
0.658 -1.3578
0.659 -1.35163
0.66 -1.34544
0.661 -1.33923
0.662 -1.333
0.663 -1.32674
0.664 -1.32047
0.665 -1.31417
0.666 -1.30784
0.667 -1.3015
0.668 -1.29513
0.669 -1.28874
0.67 -1.28232
0.671 -1.27589
0.672 -1.26943
0.673 -1.26294
0.674 -1.25644
0.675 -1.24991
0.676 -1.24335
0.677 -1.23678
0.678 -1.23018
0.679 -1.22355
0.68 -1.21691
0.681 -1.21024
0.682 -1.20355
0.683 -1.19683
0.684 -1.19009
0.685 -1.18333
0.686 -1.17654
0.687 -1.16973
0.688 -1.1629
0.689 -1.15605
0.69 -1.14917
0.691 -1.14227
0.692 -1.13534
0.693 -1.1284
0.694 -1.12143
0.695 -1.11443
0.696 -1.10742
0.697 -1.10038
0.698 -1.09332
0.699 -1.08624
0.7 -1.07914
0.701 -1.07201
0.702 -1.06486
0.703 -1.05769
0.704 -1.0505
0.705 -1.04329
0.706 -1.03605
0.707 -1.0288
0.708 -1.02152
0.709 -1.01423
0.71 -1.00691
0.711 -0.999578
0.712 -0.992223
0.713 -0.984848
0.714 -0.977454
0.715 -0.970042
0.716 -0.962611
0.717 -0.955162
0.718 -0.947695
0.719 -0.94021
0.72 -0.932709
0.721 -0.925191
0.722 -0.917657
0.723 -0.910107
0.724 -0.902541
0.725 -0.894961
0.726 -0.887366
0.727 -0.879758
0.728 -0.872135
0.729 -0.8645
0.73 -0.856853
0.731 -0.849193
0.732 -0.841523
0.733 -0.833841
0.734 -0.82615
0.735 -0.818449
0.736 -0.810739
0.737 -0.803021
0.738 -0.795296
0.739 -0.787564
0.74 -0.779826
0.741 -0.772083
0.742 -0.764335
0.743 -0.756584
0.744 -0.748829
0.745 -0.741073
0.746 -0.733315
0.747 -0.725557
0.748 -0.7178
0.749 -0.710043
0.75 -0.70229
0.751 -0.694539
0.752 -0.686793
0.753 -0.679053
0.754 -0.671318
0.755 -0.663591
0.756 -0.655872
0.757 -0.648163
0.758 -0.640465
0.759 -0.632778
0.76 -0.625105
0.761 -0.617445
0.762 -0.609801
0.763 -0.602173
0.764 -0.594563
0.765 -0.586972
0.766 -0.579402
0.767 -0.571853
0.768 -0.564327
0.769 -0.556826
0.77 -0.54935
0.771 -0.541901
0.772 -0.534481
0.773 -0.527091
0.774 -0.519733
0.775 -0.512407
0.776 -0.505116
0.777 -0.497861
0.778 -0.490644
0.779 -0.483465
0.78 -0.476328
0.781 -0.469232
0.782 -0.462181
0.783 -0.455175
0.784 -0.448216
0.785 -0.441307
0.786 -0.434447
0.787 -0.427641
0.788 -0.420888
0.789 -0.414191
0.79 -0.407551
0.791 -0.400971
0.792 -0.394452
0.793 -0.387996
0.794 -0.381605
0.795 -0.37528
0.796 -0.369023
0.797 -0.362837
0.798 -0.356722
0.799 -0.350682
0.8 -0.344717
0.801 -0.33883
0.802 -0.333022
0.803 -0.327296
0.804 -0.321653
0.805 -0.316095
0.806 -0.310624
0.807 -0.305243
0.808 -0.299952
0.809 -0.294753
0.81 -0.28965
0.811 -0.284643
0.812 -0.279734
0.813 -0.274926
0.814 -0.270219
0.815 -0.265617
0.816 -0.261121
0.817 -0.256732
0.818 -0.252454
0.819 -0.248286
0.82 -0.244232
0.821 -0.240293
0.822 -0.236471
0.823 -0.232767
0.824 -0.229185
0.825 -0.225724
0.826 -0.222387
0.827 -0.219176
0.828 -0.216092
0.829 -0.213137
0.83 -0.210314
0.831 -0.207622
0.832 -0.205064
0.833 -0.202642
0.834 -0.200357
0.835 -0.198211
0.836 -0.196205
0.837 -0.19434
0.838 -0.192619
0.839 -0.191042
0.84 -0.189611
0.841 -0.188327
0.842 -0.187192
0.843 -0.186207
0.844 -0.185373
0.845 -0.184691
0.846 -0.184163
0.847 -0.18379
0.848 -0.183572
0.849 -0.183511
0.85 -0.183608
0.851 -0.183864
0.852 -0.184279
0.853 -0.184856
0.854 -0.185594
0.855 -0.186494
0.856 -0.187558
0.857 -0.188786
0.858 -0.190178
0.859 -0.191735
0.86 -0.193459
0.861 -0.195348
0.862 -0.197405
0.863 -0.199629
0.864 -0.202021
0.865 -0.204581
0.866 -0.20731
0.867 -0.210207
0.868 -0.213273
0.869 -0.216509
0.87 -0.219913
0.871 -0.223487
0.872 -0.227231
0.873 -0.231144
0.874 -0.235226
0.875 -0.239477
0.876 -0.243897
0.877 -0.248486
0.878 -0.253243
0.879 -0.258169
0.88 -0.263262
0.881 -0.268523
0.882 -0.273951
0.883 -0.279545
0.884 -0.285305
0.885 -0.29123
0.886 -0.29732
0.887 -0.303573
0.888 -0.30999
0.889 -0.316569
0.89 -0.323309
0.891 -0.33021
0.892 -0.337271
0.893 -0.34449
0.894 -0.351866
0.895 -0.359399
0.896 -0.367088
0.897 -0.374931
0.898 -0.382926
0.899 -0.391074
0.9 -0.399372
0.901 -0.407819
0.902 -0.416413
0.903 -0.425154
0.904 -0.43404
0.905 -0.44307
0.906 -0.452241
0.907 -0.461553
0.908 -0.471003
0.909 -0.48059
0.91 -0.490313
0.911 -0.500169
0.912 -0.510158
0.913 -0.520276
0.914 -0.530523
0.915 -0.540897
0.916 -0.551395
0.917 -0.562017
0.918 -0.572759
0.919 -0.58362
0.92 -0.594599
0.921 -0.605692
0.922 -0.616899
0.923 -0.628216
0.924 -0.639643
0.925 -0.651177
0.926 -0.662816
0.927 -0.674558
0.928 -0.6864
0.929 -0.698341
0.93 -0.710379
0.931 -0.72251
0.932 -0.734734
0.933 -0.747048
0.934 -0.75945
0.935 -0.771938
0.936 -0.784509
0.937 -0.797161
0.938 -0.809893
0.939 -0.822701
0.94 -0.835584
0.941 -0.848539
0.942 -0.861564
0.943 -0.874658
0.944 -0.887817
0.945 -0.90104
0.946 -0.914325
0.947 -0.927668
0.948 -0.941069
0.949 -0.954524
0.95 -0.968033
0.951 -0.981591
0.952 -0.995198
0.953 -1.00885
0.954 -1.02255
0.955 -1.03629
0.956 -1.05007
0.957 -1.06388
0.958 -1.07773
0.959 -1.09162
0.96 -1.10554
0.961 -1.11948
0.962 -1.13346
0.963 -1.14746
0.964 -1.16148
0.965 -1.17552
0.966 -1.18959
0.967 -1.20367
0.968 -1.21777
0.969 -1.23188
0.97 -1.246
0.971 -1.26013
0.972 -1.27428
0.973 -1.28842
0.974 -1.30258
0.975 -1.31673
0.976 -1.33089
0.977 -1.34504
0.978 -1.3592
0.979 -1.37335
0.98 -1.3875
0.981 -1.40163
0.982 -1.41576
0.983 -1.42988
0.984 -1.44399
0.985 -1.45809
0.986 -1.47217
0.987 -1.48623
0.988 -1.50028
0.989 -1.51431
0.99 -1.52832
0.991 -1.54231
0.992 -1.55627
0.993 -1.57021
0.994 -1.58413
0.995 -1.59802
0.996 -1.61188
0.997 -1.62572
0.998 -1.63952
0.999 -1.6533
1 -1.66704
1.001 -10
