0 0
0.001 0.260203
0.002 0.26719
0.003 0.274202
0.004 0.28124
0.005 0.288303
0.006 0.295391
0.007 0.302504
0.008 0.309641
0.009 0.316801
0.01 0.323985
0.011 0.331192
0.012 0.338421
0.013 0.345672
0.014 0.352945
0.015 0.360239
0.016 0.367553
0.017 0.374888
0.018 0.382242
0.019 0.389615
0.02 0.397006
0.021 0.404416
0.022 0.411843
0.023 0.419287
0.024 0.426747
0.025 0.434223
0.026 0.441714
0.027 0.44922
0.028 0.45674
0.029 0.464273
0.03 0.471818
0.031 0.479376
0.032 0.486945
0.033 0.494525
0.034 0.502115
0.035 0.509714
0.036 0.517322
0.037 0.524939
0.038 0.532562
0.039 0.540193
0.04 0.547829
0.041 0.555471
0.042 0.563117
0.043 0.570767
0.044 0.57842
0.045 0.586076
0.046 0.593734
0.047 0.601392
0.048 0.609051
0.049 0.61671
0.05 0.624367
0.051 0.632022
0.052 0.639675
0.053 0.647324
0.054 0.65497
0.055 0.66261
0.056 0.670245
0.057 0.677874
0.058 0.685496
0.059 0.69311
0.06 0.700716
0.061 0.708313
0.062 0.7159
0.063 0.723476
0.064 0.731042
0.065 0.738596
0.066 0.746137
0.067 0.753665
0.068 0.761179
0.069 0.768679
0.07 0.776164
0.071 0.783633
0.072 0.791085
0.073 0.798521
0.074 0.805939
0.075 0.813339
0.076 0.820721
0.077 0.828083
0.078 0.835425
0.079 0.842748
0.08 0.850049
0.081 0.857329
0.082 0.864587
0.083 0.871822
0.084 0.879035
0.085 0.886225
0.086 0.893391
0.087 0.900533
0.088 0.90765
0.089 0.914742
0.09 0.921809
0.091 0.928851
0.092 0.935866
0.093 0.942855
0.094 0.949817
0.095 0.956753
0.096 0.963661
0.097 0.970542
0.098 0.977395
0.099 0.98422
0.1 0.991016
0.101 0.997784
0.102 1.00452
0.103 1.01123
0.104 1.01792
0.105 1.02457
0.106 1.03119
0.107 1.03779
0.108 1.04435
0.109 1.05089
0.11 1.05739
0.111 1.06387
0.112 1.07031
0.113 1.07673
0.114 1.08312
0.115 1.08947
0.116 1.0958
0.117 1.1021
0.118 1.10836
0.119 1.1146
0.12 1.12081
0.121 1.12699
0.122 1.13314
0.123 1.13925
0.124 1.14534
0.125 1.1514
0.126 1.15744
0.127 1.16344
0.128 1.16941
0.129 1.17535
0.13 1.18127
0.131 1.18716
0.132 1.19302
0.133 1.19885
0.134 1.20465
0.135 1.21042
0.136 1.21617
0.137 1.22189
0.138 1.22758
0.139 1.23324
0.14 1.23888
0.141 1.24449
0.142 1.25008
0.143 1.25564
0.144 1.26117
0.145 1.26667
0.146 1.27215
0.147 1.27761
0.148 1.28304
0.149 1.28844
0.15 1.29382
0.151 1.29918
0.152 1.30451
0.153 1.30982
0.154 1.3151
0.155 1.32036
0.156 1.32559
0.157 1.33081
0.158 1.336
0.159 1.34116
0.16 1.34631
0.161 1.35143
0.162 1.35653
0.163 1.36161
0.164 1.36667
0.165 1.3717
0.166 1.37672
0.167 1.38171
0.168 1.38668
0.169 1.39164
0.17 1.39657
0.171 1.40148
0.172 1.40637
0.173 1.41125
0.174 1.4161
0.175 1.42093
0.176 1.42575
0.177 1.43055
0.178 1.43533
0.179 1.44009
0.18 1.44483
0.181 1.44955
0.182 1.45426
0.183 1.45895
0.184 1.46362
0.185 1.46828
0.186 1.47291
0.187 1.47753
0.188 1.48214
0.189 1.48673
0.19 1.4913
0.191 1.49586
0.192 1.5004
0.193 1.50492
0.194 1.50944
0.195 1.51393
0.196 1.51841
0.197 1.52288
0.198 1.52733
0.199 1.53176
0.2 1.53618
0.201 1.54059
0.202 1.54499
0.203 1.54937
0.204 1.55373
0.205 1.55809
0.206 1.56242
0.207 1.56675
0.208 1.57106
0.209 1.57537
0.21 1.57965
0.211 1.58393
0.212 1.58819
0.213 1.59244
0.214 1.59668
0.215 1.60091
0.216 1.60512
0.217 1.60933
0.218 1.61352
0.219 1.6177
0.22 1.62187
0.221 1.62603
0.222 1.63017
0.223 1.63431
0.224 1.63844
0.225 1.64255
0.226 1.64666
0.227 1.65075
0.228 1.65483
0.229 1.65891
0.23 1.66297
0.231 1.66703
0.232 1.67107
0.233 1.67511
0.234 1.67913
0.235 1.68315
0.236 1.68716
0.237 1.69116
0.238 1.69515
0.239 1.69913
0.24 1.7031
0.241 1.70706
0.242 1.71102
0.243 1.71497
0.244 1.7189
0.245 1.72283
0.246 1.72676
0.247 1.73067
0.248 1.73458
0.249 1.73848
0.25 1.74237
0.251 1.74625
0.252 1.75013
0.253 1.754
0.254 1.75786
0.255 1.76171
0.256 1.76556
0.257 1.7694
0.258 1.77324
0.259 1.77707
0.26 1.78089
0.261 1.7847
0.262 1.78851
0.263 1.79231
0.264 1.79611
0.265 1.79989
0.266 1.80368
0.267 1.80745
0.268 1.81123
0.269 1.81499
0.27 1.81875
0.271 1.82251
0.272 1.82625
0.273 1.83
0.274 1.83374
0.275 1.83747
0.276 1.8412
0.277 1.84492
0.278 1.84863
0.279 1.85235
0.28 1.85605
0.281 1.85976
0.282 1.86345
0.283 1.86715
0.284 1.87084
0.285 1.87452
0.286 1.8782
0.287 1.88187
0.288 1.88555
0.289 1.88921
0.29 1.89287
0.291 1.89653
0.292 1.90019
0.293 1.90384
0.294 1.90748
0.295 1.91113
0.296 1.91477
0.297 1.9184
0.298 1.92203
0.299 1.92566
0.3 1.92929
0.301 1.93291
0.302 1.93652
0.303 1.94014
0.304 1.94375
0.305 1.94736
0.306 1.95096
0.307 1.95456
0.308 1.95816
0.309 1.96176
0.31 1.96535
0.311 1.96894
0.312 1.97253
0.313 1.97611
0.314 1.9797
0.315 1.98327
0.316 1.98685
0.317 1.99043
0.318 1.994
0.319 1.99757
0.32 2.00113
0.321 2.0047
0.322 2.00826
0.323 2.01182
0.324 2.01538
0.325 2.01893
0.326 2.02249
0.327 2.02604
0.328 2.02959
0.329 2.03314
0.33 2.03669
0.331 2.04023
0.332 2.04377
0.333 2.04731
0.334 2.05085
0.335 2.05439
0.336 2.05793
0.337 2.06146
0.338 2.065
0.339 2.06853
0.34 2.07206
0.341 2.07559
0.342 2.07912
0.343 2.08264
0.344 2.08617
0.345 2.0897
0.346 2.09322
0.347 2.09674
0.348 2.10026
0.349 2.10379
0.35 2.10731
0.351 2.11083
0.352 2.11434
0.353 2.11786
0.354 2.12138
0.355 2.1249
0.356 2.12841
0.357 2.13193
0.358 2.13544
0.359 2.13896
0.36 2.14247
0.361 2.14599
0.362 2.1495
0.363 2.15302
0.364 2.15653
0.365 2.16004
0.366 2.16356
0.367 2.16707
0.368 2.17058
0.369 2.1741
0.37 2.17761
0.371 2.18113
0.372 2.18464
0.373 2.18816
0.374 2.19167
0.375 2.19519
0.376 2.1987
0.377 2.20222
0.378 2.20574
0.379 2.20926
0.38 2.21277
0.381 2.21629
0.382 2.21981
0.383 2.22334
0.384 2.22686
0.385 2.23038
0.386 2.23391
0.387 2.23743
0.388 2.24096
0.389 2.24449
0.39 2.24802
0.391 2.25155
0.392 2.25508
0.393 2.25861
0.394 2.26215
0.395 2.26568
0.396 2.26922
0.397 2.27276
0.398 2.2763
0.399 2.27985
0.4 2.28339
0.401 2.28694
0.402 2.29049
0.403 2.29404
0.404 2.29759
0.405 2.30115
0.406 2.30471
0.407 2.30827
0.408 2.31183
0.409 2.3154
0.41 2.31897
0.411 2.32254
0.412 2.32611
0.413 2.32969
0.414 2.33327
0.415 2.33685
0.416 2.34043
0.417 2.34402
0.418 2.34761
0.419 2.35121
0.42 2.35481
0.421 2.35841
0.422 2.36201
0.423 2.36562
0.424 2.36923
0.425 2.37285
0.426 2.37647
0.427 2.38009
0.428 2.38372
0.429 2.38735
0.43 2.39099
0.431 2.39463
0.432 2.39827
0.433 2.40192
0.434 2.40557
0.435 2.40923
0.436 2.41289
0.437 2.41656
0.438 2.42023
0.439 2.42391
0.44 2.42759
0.441 2.43127
0.442 2.43496
0.443 2.43866
0.444 2.44236
0.445 2.44607
0.446 2.44978
0.447 2.4535
0.448 2.45722
0.449 2.46095
0.45 2.46469
0.451 2.46843
0.452 2.47218
0.453 2.47593
0.454 2.47969
0.455 2.48346
0.456 2.48723
0.457 2.49101
0.458 2.4948
0.459 2.49859
0.46 2.50239
0.461 2.50619
0.462 2.51001
0.463 2.51383
0.464 2.51766
0.465 2.52149
0.466 2.52533
0.467 2.52918
0.468 2.53304
0.469 2.53691
0.47 2.54078
0.471 2.54466
0.472 2.54855
0.473 2.55245
0.474 2.55636
0.475 2.56027
0.476 2.56419
0.477 2.56813
0.478 2.57207
0.479 2.57602
0.48 2.57998
0.481 2.58394
0.482 2.58792
0.483 2.59191
0.484 2.5959
0.485 2.59991
0.486 2.60393
0.487 2.60795
0.488 2.61199
0.489 2.61603
0.49 2.62009
0.491 2.62415
0.492 2.62823
0.493 2.63232
0.494 2.63642
0.495 2.64053
0.496 2.64465
0.497 2.64878
0.498 2.65292
0.499 2.65707
0.5 2.66124
0.501 2.66542
0.502 2.66961
0.503 2.67381
0.504 2.67802
0.505 2.68225
0.506 2.68648
0.507 2.69074
0.508 2.695
0.509 2.69927
0.51 2.70356
0.511 2.70787
0.512 2.71218
0.513 2.71651
0.514 2.72085
0.515 2.72521
0.516 2.72958
0.517 2.73397
0.518 2.73836
0.519 2.74278
0.52 2.7472
0.521 2.75165
0.522 2.7561
0.523 2.76058
0.524 2.76506
0.525 2.76957
0.526 2.77408
0.527 2.77862
0.528 2.78317
0.529 2.78773
0.53 2.79232
0.531 2.79691
0.532 2.80153
0.533 2.80616
0.534 2.81081
0.535 2.81547
0.536 2.82016
0.537 2.82486
0.538 2.82958
0.539 2.83431
0.54 2.83906
0.541 2.84384
0.542 2.84863
0.543 2.85343
0.544 2.85826
0.545 2.86311
0.546 2.86797
0.547 2.87286
0.548 2.87776
0.549 2.88268
0.55 2.88763
0.551 2.89259
0.552 2.89758
0.553 2.90258
0.554 2.90761
0.555 2.91265
0.556 2.91772
0.557 2.92281
0.558 2.92792
0.559 2.93305
0.56 2.9382
0.561 2.94338
0.562 2.94858
0.563 2.9538
0.564 2.95904
0.565 2.96431
0.566 2.9696
0.567 2.97491
0.568 2.98025
0.569 2.98561
0.57 2.991
0.571 2.99641
0.572 3.00184
0.573 3.0073
0.574 3.01279
0.575 3.0183
0.576 3.02383
0.577 3.0294
0.578 3.03498
0.579 3.0406
0.58 3.04624
0.581 3.05191
0.582 3.0576
0.583 3.06333
0.584 3.06908
0.585 3.07486
0.586 3.08066
0.587 3.0865
0.588 3.09236
0.589 3.09825
0.59 3.10418
0.591 3.11013
0.592 3.11611
0.593 3.12212
0.594 3.12816
0.595 3.13424
0.596 3.14034
0.597 3.14648
0.598 3.15264
0.599 3.15884
0.6 3.16507
0.601 3.17134
0.602 3.17763
0.603 3.18396
0.604 3.19032
0.605 3.19672
0.606 3.20315
0.607 3.20961
0.608 3.21611
0.609 3.22264
0.61 3.22921
0.611 3.23582
0.612 3.24246
0.613 3.24913
0.614 3.25585
0.615 3.2626
0.616 3.26938
0.617 3.27621
0.618 3.28307
0.619 3.28997
0.62 3.29691
0.621 3.30389
0.622 3.3109
0.623 3.31796
0.624 3.32506
0.625 3.33219
0.626 3.33937
0.627 3.34659
0.628 3.35385
0.629 3.36115
0.63 3.36849
0.631 3.37588
0.632 3.38331
0.633 3.39078
0.634 3.39829
0.635 3.40585
0.636 3.41345
0.637 3.4211
0.638 3.42879
0.639 3.43653
0.64 3.44431
0.641 3.45214
0.642 3.46002
0.643 3.46794
0.644 3.47591
0.645 3.48393
0.646 3.492
0.647 3.50011
0.648 3.50827
0.649 3.51648
0.65 3.52475
0.651 3.53306
0.652 3.54142
0.653 3.54983
0.654 3.5583
0.655 3.56681
0.656 3.57538
0.657 3.584
0.658 3.59267
0.659 3.6014
0.66 3.61018
0.661 3.61901
0.662 3.6279
0.663 3.63685
0.664 3.64584
0.665 3.6549
0.666 3.66401
0.667 3.67318
0.668 3.6824
0.669 3.69168
0.67 3.70102
0.671 3.71042
0.672 3.71987
0.673 3.72938
0.674 3.73896
0.675 3.74859
0.676 3.75829
0.677 3.76804
0.678 3.77785
0.679 3.78773
0.68 3.79767
0.681 3.80767
0.682 3.81773
0.683 3.82786
0.684 3.83805
0.685 3.8483
0.686 3.85861
0.687 3.869
0.688 3.87944
0.689 3.88995
0.69 3.90053
0.691 3.91117
0.692 3.92188
0.693 3.93266
0.694 3.9435
0.695 3.95441
0.696 3.96539
0.697 3.97643
0.698 3.98755
0.699 3.99873
0.7 4.00999
0.701 4.02131
0.702 4.0327
0.703 4.04416
0.704 4.05569
0.705 4.06729
0.706 4.07897
0.707 4.09071
0.708 4.10253
0.709 4.11442
0.71 4.12638
0.711 4.13841
0.712 4.15051
0.713 4.16269
0.714 4.17494
0.715 4.18727
0.716 4.19966
0.717 4.21213
0.718 4.22468
0.719 4.23729
0.72 4.24999
0.721 4.26275
0.722 4.27559
0.723 4.28851
0.724 4.3015
0.725 4.31456
0.726 4.3277
0.727 4.34092
0.728 4.35421
0.729 4.36757
0.73 4.38101
0.731 4.39452
0.732 4.40811
0.733 4.42177
0.734 4.43551
0.735 4.44932
0.736 4.46321
0.737 4.47718
0.738 4.49121
0.739 4.50532
0.74 4.51951
0.741 4.53377
0.742 4.54811
0.743 4.56251
0.744 4.57699
0.745 4.59155
0.746 4.60618
0.747 4.62088
0.748 4.63565
0.749 4.6505
0.75 4.66542
0.751 4.6804
0.752 4.69546
0.753 4.71059
0.754 4.7258
0.755 4.74107
0.756 4.75641
0.757 4.77182
0.758 4.78729
0.759 4.80284
0.76 4.81845
0.761 4.83413
0.762 4.84988
0.763 4.86569
0.764 4.88156
0.765 4.8975
0.766 4.91351
0.767 4.92957
0.768 4.9457
0.769 4.96189
0.77 4.97813
0.771 4.99444
0.772 5.01081
0.773 5.02723
0.774 5.04371
0.775 5.06025
0.776 5.07684
0.777 5.09349
0.778 5.11019
0.779 5.12693
0.78 5.14374
0.781 5.16059
0.782 5.17748
0.783 5.19443
0.784 5.21142
0.785 5.22846
0.786 5.24554
0.787 5.26266
0.788 5.27983
0.789 5.29703
0.79 5.31427
0.791 5.33155
0.792 5.34887
0.793 5.36622
0.794 5.3836
0.795 5.40102
0.796 5.41846
0.797 5.43594
0.798 5.45344
0.799 5.47097
0.8 5.48852
0.801 5.50609
0.802 5.52369
0.803 5.5413
0.804 5.55893
0.805 5.57658
0.806 5.59424
0.807 5.61192
0.808 5.6296
0.809 5.6473
0.81 5.665
0.811 5.68271
0.812 5.70043
0.813 5.71815
0.814 5.73586
0.815 5.75358
0.816 5.77129
0.817 5.789
0.818 5.8067
0.819 5.8244
0.82 5.84208
0.821 5.85975
0.822 5.87741
0.823 5.89505
0.824 5.91267
0.825 5.93028
0.826 5.94786
0.827 5.96542
0.828 5.98295
0.829 6.00046
0.83 6.01794
0.831 6.03538
0.832 6.0528
0.833 6.07017
0.834 6.08752
0.835 6.10482
0.836 6.12208
0.837 6.1393
0.838 6.15648
0.839 6.1736
0.84 6.19068
0.841 6.20771
0.842 6.22469
0.843 6.24162
0.844 6.25848
0.845 6.27529
0.846 6.29204
0.847 6.30873
0.848 6.32536
0.849 6.34192
0.85 6.35841
0.851 6.37484
0.852 6.39119
0.853 6.40747
0.854 6.42368
0.855 6.43981
0.856 6.45586
0.857 6.47183
0.858 6.48772
0.859 6.50353
0.86 6.51925
0.861 6.53489
0.862 6.55044
0.863 6.5659
0.864 6.58126
0.865 6.59654
0.866 6.61172
0.867 6.6268
0.868 6.64179
0.869 6.65667
0.87 6.67146
0.871 6.68614
0.872 6.70072
0.873 6.7152
0.874 6.72957
0.875 6.74383
0.876 6.75798
0.877 6.77202
0.878 6.78596
0.879 6.79977
0.88 6.81348
0.881 6.82707
0.882 6.84054
0.883 6.85389
0.884 6.86713
0.885 6.88025
0.886 6.89324
0.887 6.90612
0.888 6.91887
0.889 6.9315
0.89 6.94401
0.891 6.95639
0.892 6.96864
0.893 6.98077
0.894 6.99277
0.895 7.00465
0.896 7.01639
0.897 7.02801
0.898 7.0395
0.899 7.05085
0.9 7.06208
0.901 7.07317
0.902 7.08414
0.903 7.09497
0.904 7.10567
0.905 7.11624
0.906 7.12668
0.907 7.13698
0.908 7.14715
0.909 7.15719
0.91 7.16709
0.911 7.17686
0.912 7.1865
0.913 7.19601
0.914 7.20538
0.915 7.21462
0.916 7.22373
0.917 7.23271
0.918 7.24155
0.919 7.25026
0.92 7.25885
0.921 7.2673
0.922 7.27561
0.923 7.2838
0.924 7.29186
0.925 7.29979
0.926 7.30759
0.927 7.31527
0.928 7.32281
0.929 7.33023
0.93 7.33753
0.931 7.34469
0.932 7.35173
0.933 7.35865
0.934 7.36545
0.935 7.37212
0.936 7.37867
0.937 7.3851
0.938 7.39141
0.939 7.3976
0.94 7.40367
0.941 7.40963
0.942 7.41547
0.943 7.42119
0.944 7.4268
0.945 7.43229
0.946 7.43768
0.947 7.44295
0.948 7.44811
0.949 7.45317
0.95 7.45811
0.951 7.46295
0.952 7.46768
0.953 7.47231
0.954 7.47683
0.955 7.48126
0.956 7.48558
0.957 7.4898
0.958 7.49392
0.959 7.49795
0.96 7.50188
0.961 7.50571
0.962 7.50945
0.963 7.5131
0.964 7.51665
0.965 7.52011
0.966 7.52349
0.967 7.52678
0.968 7.52998
0.969 7.53309
0.97 7.53612
0.971 7.53907
0.972 7.54194
0.973 7.54472
0.974 7.54743
0.975 7.55005
0.976 7.5526
0.977 7.55507
0.978 7.55747
0.979 7.5598
0.98 7.56205
0.981 7.56423
0.982 7.56634
0.983 7.56838
0.984 7.57036
0.985 7.57226
0.986 7.5741
0.987 7.57588
0.988 7.57759
0.989 7.57924
0.99 7.58083
0.991 7.58236
0.992 7.58383
0.993 7.58524
0.994 7.5866
0.995 7.5879
0.996 7.58914
0.997 7.59033
0.998 7.59146
0.999 7.59255
1 7.59358
1.001 0
