0 5
0.001 3.45395
0.002 3.45069
0.003 3.44742
0.004 3.44415
0.005 3.44086
0.006 3.43757
0.007 3.43427
0.008 3.43097
0.009 3.42765
0.01 3.42434
0.011 3.42101
0.012 3.41768
0.013 3.41435
0.014 3.41101
0.015 3.40766
0.016 3.40432
0.017 3.40096
0.018 3.39761
0.019 3.39425
0.02 3.39089
0.021 3.38752
0.022 3.38416
0.023 3.38079
0.024 3.37742
0.025 3.37406
0.026 3.37069
0.027 3.36732
0.028 3.36395
0.029 3.36058
0.03 3.35722
0.031 3.35385
0.032 3.35049
0.033 3.34713
0.034 3.34378
0.035 3.34043
0.036 3.33708
0.037 3.33374
0.038 3.3304
0.039 3.32707
0.04 3.32375
0.041 3.32043
0.042 3.31712
0.043 3.31381
0.044 3.31052
0.045 3.30723
0.046 3.30395
0.047 3.30069
0.048 3.29743
0.049 3.29418
0.05 3.29095
0.051 3.28772
0.052 3.28451
0.053 3.28131
0.054 3.27813
0.055 3.27496
0.056 3.2718
0.057 3.26866
0.058 3.26553
0.059 3.26242
0.06 3.25933
0.061 3.25625
0.062 3.25319
0.063 3.25015
0.064 3.24713
0.065 3.24412
0.066 3.24114
0.067 3.23817
0.068 3.23523
0.069 3.23231
0.07 3.22941
0.071 3.22653
0.072 3.22367
0.073 3.22083
0.074 3.21802
0.075 3.21523
0.076 3.21247
0.077 3.20973
0.078 3.20702
0.079 3.20433
0.08 3.20167
0.081 3.19903
0.082 3.19642
0.083 3.19384
0.084 3.19129
0.085 3.18876
0.086 3.18626
0.087 3.18379
0.088 3.18135
0.089 3.17893
0.09 3.17655
0.091 3.1742
0.092 3.17187
0.093 3.16958
0.094 3.16732
0.095 3.16509
0.096 3.16289
0.097 3.16072
0.098 3.15858
0.099 3.15647
0.1 3.1544
0.101 3.15236
0.102 3.15035
0.103 3.14837
0.104 3.14643
0.105 3.14452
0.106 3.14264
0.107 3.14079
0.108 3.13898
0.109 3.1372
0.11 3.13546
0.111 3.13375
0.112 3.13207
0.113 3.13043
0.114 3.12882
0.115 3.12724
0.116 3.1257
0.117 3.12419
0.118 3.12271
0.119 3.12127
0.12 3.11986
0.121 3.11848
0.122 3.11714
0.123 3.11583
0.124 3.11456
0.125 3.11332
0.126 3.11211
0.127 3.11094
0.128 3.10979
0.129 3.10869
0.13 3.10761
0.131 3.10657
0.132 3.10555
0.133 3.10458
0.134 3.10363
0.135 3.10272
0.136 3.10183
0.137 3.10098
0.138 3.10016
0.139 3.09937
0.14 3.09862
0.141 3.09789
0.142 3.0972
0.143 3.09653
0.144 3.09589
0.145 3.09529
0.146 3.09471
0.147 3.09417
0.148 3.09365
0.149 3.09316
0.15 3.0927
0.151 3.09227
0.152 3.09187
0.153 3.09149
0.154 3.09114
0.155 3.09082
0.156 3.09053
0.157 3.09026
0.158 3.09002
0.159 3.0898
0.16 3.08961
0.161 3.08944
0.162 3.0893
0.163 3.08919
0.164 3.0891
0.165 3.08903
0.166 3.08899
0.167 3.08897
0.168 3.08897
0.169 3.089
0.17 3.08905
0.171 3.08912
0.172 3.08921
0.173 3.08932
0.174 3.08946
0.175 3.08961
0.176 3.08979
0.177 3.08998
0.178 3.0902
0.179 3.09043
0.18 3.09069
0.181 3.09096
0.182 3.09125
0.183 3.09156
0.184 3.09189
0.185 3.09224
0.186 3.0926
0.187 3.09298
0.188 3.09337
0.189 3.09379
0.19 3.09421
0.191 3.09466
0.192 3.09512
0.193 3.09559
0.194 3.09608
0.195 3.09658
0.196 3.0971
0.197 3.09763
0.198 3.09818
0.199 3.09874
0.2 3.09931
0.201 3.09989
0.202 3.10049
0.203 3.1011
0.204 3.10172
0.205 3.10235
0.206 3.10299
0.207 3.10365
0.208 3.10431
0.209 3.10499
0.21 3.10567
0.211 3.10637
0.212 3.10708
0.213 3.10779
0.214 3.10852
0.215 3.10925
0.216 3.11
0.217 3.11075
0.218 3.11151
0.219 3.11228
0.22 3.11305
0.221 3.11384
0.222 3.11463
0.223 3.11543
0.224 3.11624
0.225 3.11705
0.226 3.11787
0.227 3.1187
0.228 3.11953
0.229 3.12037
0.23 3.12122
0.231 3.12207
0.232 3.12293
0.233 3.12379
0.234 3.12466
0.235 3.12553
0.236 3.12641
0.237 3.12729
0.238 3.12818
0.239 3.12907
0.24 3.12997
0.241 3.13087
0.242 3.13177
0.243 3.13268
0.244 3.13359
0.245 3.13451
0.246 3.13543
0.247 3.13635
0.248 3.13728
0.249 3.13821
0.25 3.13914
0.251 3.14007
0.252 3.14101
0.253 3.14195
0.254 3.14289
0.255 3.14384
0.256 3.14479
0.257 3.14574
0.258 3.14669
0.259 3.14764
0.26 3.1486
0.261 3.14955
0.262 3.15051
0.263 3.15147
0.264 3.15243
0.265 3.1534
0.266 3.15436
0.267 3.15533
0.268 3.15629
0.269 3.15726
0.27 3.15823
0.271 3.1592
0.272 3.16017
0.273 3.16114
0.274 3.16211
0.275 3.16308
0.276 3.16406
0.277 3.16503
0.278 3.166
0.279 3.16698
0.28 3.16795
0.281 3.16893
0.282 3.1699
0.283 3.17087
0.284 3.17185
0.285 3.17282
0.286 3.1738
0.287 3.17477
0.288 3.17574
0.289 3.17672
0.29 3.17769
0.291 3.17866
0.292 3.17963
0.293 3.1806
0.294 3.18157
0.295 3.18254
0.296 3.18351
0.297 3.18448
0.298 3.18545
0.299 3.18642
0.3 3.18738
0.301 3.18835
0.302 3.18931
0.303 3.19028
0.304 3.19124
0.305 3.1922
0.306 3.19316
0.307 3.19412
0.308 3.19508
0.309 3.19603
0.31 3.19699
0.311 3.19794
0.312 3.1989
0.313 3.19985
0.314 3.2008
0.315 3.20175
0.316 3.2027
0.317 3.20364
0.318 3.20459
0.319 3.20553
0.32 3.20647
0.321 3.20741
0.322 3.20835
0.323 3.20929
0.324 3.21023
0.325 3.21116
0.326 3.21209
0.327 3.21302
0.328 3.21395
0.329 3.21488
0.33 3.21581
0.331 3.21673
0.332 3.21765
0.333 3.21858
0.334 3.21949
0.335 3.22041
0.336 3.22133
0.337 3.22224
0.338 3.22315
0.339 3.22406
0.34 3.22497
0.341 3.22588
0.342 3.22678
0.343 3.22768
0.344 3.22858
0.345 3.22948
0.346 3.23038
0.347 3.23127
0.348 3.23217
0.349 3.23306
0.35 3.23395
0.351 3.23483
0.352 3.23572
0.353 3.2366
0.354 3.23748
0.355 3.23836
0.356 3.23924
0.357 3.24011
0.358 3.24098
0.359 3.24185
0.36 3.24272
0.361 3.24359
0.362 3.24445
0.363 3.24531
0.364 3.24617
0.365 3.24703
0.366 3.24789
0.367 3.24874
0.368 3.24959
0.369 3.25044
0.37 3.25129
0.371 3.25214
0.372 3.25298
0.373 3.25382
0.374 3.25466
0.375 3.2555
0.376 3.25633
0.377 3.25717
0.378 3.258
0.379 3.25883
0.38 3.25965
0.381 3.26048
0.382 3.2613
0.383 3.26212
0.384 3.26294
0.385 3.26375
0.386 3.26457
0.387 3.26538
0.388 3.26619
0.389 3.26699
0.39 3.2678
0.391 3.2686
0.392 3.2694
0.393 3.2702
0.394 3.271
0.395 3.27179
0.396 3.27259
0.397 3.27338
0.398 3.27417
0.399 3.27495
0.4 3.27574
0.401 3.27652
0.402 3.2773
0.403 3.27808
0.404 3.27885
0.405 3.27963
0.406 3.2804
0.407 3.28117
0.408 3.28194
0.409 3.2827
0.41 3.28346
0.411 3.28423
0.412 3.28499
0.413 3.28574
0.414 3.2865
0.415 3.28725
0.416 3.288
0.417 3.28875
0.418 3.2895
0.419 3.29024
0.42 3.29099
0.421 3.29173
0.422 3.29247
0.423 3.29321
0.424 3.29394
0.425 3.29467
0.426 3.29541
0.427 3.29614
0.428 3.29686
0.429 3.29759
0.43 3.29831
0.431 3.29903
0.432 3.29975
0.433 3.30047
0.434 3.30119
0.435 3.3019
0.436 3.30261
0.437 3.30332
0.438 3.30403
0.439 3.30474
0.44 3.30544
0.441 3.30615
0.442 3.30685
0.443 3.30755
0.444 3.30824
0.445 3.30894
0.446 3.30963
0.447 3.31032
0.448 3.31101
0.449 3.3117
0.45 3.31239
0.451 3.31307
0.452 3.31375
0.453 3.31443
0.454 3.31511
0.455 3.31579
0.456 3.31646
0.457 3.31714
0.458 3.31781
0.459 3.31848
0.46 3.31915
0.461 3.31981
0.462 3.32048
0.463 3.32114
0.464 3.3218
0.465 3.32246
0.466 3.32312
0.467 3.32378
0.468 3.32443
0.469 3.32508
0.47 3.32573
0.471 3.32638
0.472 3.32703
0.473 3.32768
0.474 3.32832
0.475 3.32896
0.476 3.3296
0.477 3.33024
0.478 3.33088
0.479 3.33152
0.48 3.33215
0.481 3.33278
0.482 3.33342
0.483 3.33404
0.484 3.33467
0.485 3.3353
0.486 3.33592
0.487 3.33655
0.488 3.33717
0.489 3.33779
0.49 3.33841
0.491 3.33902
0.492 3.33964
0.493 3.34025
0.494 3.34086
0.495 3.34147
0.496 3.34208
0.497 3.34269
0.498 3.34329
0.499 3.3439
0.5 3.3445
0.501 3.3451
0.502 3.3457
0.503 3.3463
0.504 3.34689
0.505 3.34749
0.506 3.34808
0.507 3.34867
0.508 3.34926
0.509 3.34985
0.51 3.35044
0.511 3.35102
0.512 3.35161
0.513 3.35219
0.514 3.35277
0.515 3.35335
0.516 3.35393
0.517 3.3545
0.518 3.35508
0.519 3.35565
0.52 3.35622
0.521 3.35679
0.522 3.35736
0.523 3.35793
0.524 3.35849
0.525 3.35906
0.526 3.35962
0.527 3.36018
0.528 3.36074
0.529 3.3613
0.53 3.36186
0.531 3.36241
0.532 3.36297
0.533 3.36352
0.534 3.36407
0.535 3.36462
0.536 3.36517
0.537 3.36571
0.538 3.36626
0.539 3.3668
0.54 3.36734
0.541 3.36788
0.542 3.36842
0.543 3.36896
0.544 3.36949
0.545 3.37003
0.546 3.37056
0.547 3.37109
0.548 3.37162
0.549 3.37215
0.55 3.37268
0.551 3.3732
0.552 3.37372
0.553 3.37425
0.554 3.37477
0.555 3.37529
0.556 3.3758
0.557 3.37632
0.558 3.37683
0.559 3.37735
0.56 3.37786
0.561 3.37837
0.562 3.37888
0.563 3.37938
0.564 3.37989
0.565 3.38039
0.566 3.38089
0.567 3.38139
0.568 3.38189
0.569 3.38239
0.57 3.38289
0.571 3.38338
0.572 3.38387
0.573 3.38436
0.574 3.38485
0.575 3.38534
0.576 3.38583
0.577 3.38631
0.578 3.38679
0.579 3.38728
0.58 3.38776
0.581 3.38823
0.582 3.38871
0.583 3.38919
0.584 3.38966
0.585 3.39013
0.586 3.3906
0.587 3.39107
0.588 3.39154
0.589 3.392
0.59 3.39246
0.591 3.39293
0.592 3.39339
0.593 3.39384
0.594 3.3943
0.595 3.39476
0.596 3.39521
0.597 3.39566
0.598 3.39611
0.599 3.39656
0.6 3.397
0.601 3.39745
0.602 3.39789
0.603 3.39833
0.604 3.39877
0.605 3.39921
0.606 3.39965
0.607 3.40008
0.608 3.40051
0.609 3.40094
0.61 3.40137
0.611 3.4018
0.612 3.40222
0.613 3.40264
0.614 3.40306
0.615 3.40348
0.616 3.4039
0.617 3.40432
0.618 3.40473
0.619 3.40514
0.62 3.40555
0.621 3.40596
0.622 3.40636
0.623 3.40677
0.624 3.40717
0.625 3.40757
0.626 3.40797
0.627 3.40836
0.628 3.40876
0.629 3.40915
0.63 3.40954
0.631 3.40992
0.632 3.41031
0.633 3.41069
0.634 3.41107
0.635 3.41145
0.636 3.41183
0.637 3.41221
0.638 3.41258
0.639 3.41295
0.64 3.41332
0.641 3.41368
0.642 3.41405
0.643 3.41441
0.644 3.41477
0.645 3.41513
0.646 3.41548
0.647 3.41583
0.648 3.41618
0.649 3.41653
0.65 3.41688
0.651 3.41722
0.652 3.41756
0.653 3.4179
0.654 3.41823
0.655 3.41857
0.656 3.4189
0.657 3.41923
0.658 3.41955
0.659 3.41988
0.66 3.4202
0.661 3.42051
0.662 3.42083
0.663 3.42114
0.664 3.42145
0.665 3.42176
0.666 3.42206
0.667 3.42236
0.668 3.42266
0.669 3.42296
0.67 3.42325
0.671 3.42354
0.672 3.42383
0.673 3.42411
0.674 3.4244
0.675 3.42467
0.676 3.42495
0.677 3.42522
0.678 3.42549
0.679 3.42576
0.68 3.42602
0.681 3.42628
0.682 3.42653
0.683 3.42679
0.684 3.42704
0.685 3.42728
0.686 3.42752
0.687 3.42776
0.688 3.428
0.689 3.42823
0.69 3.42846
0.691 3.42868
0.692 3.4289
0.693 3.42912
0.694 3.42933
0.695 3.42954
0.696 3.42974
0.697 3.42994
0.698 3.43014
0.699 3.43033
0.7 3.43052
0.701 3.4307
0.702 3.43088
0.703 3.43106
0.704 3.43123
0.705 3.43139
0.706 3.43155
0.707 3.43171
0.708 3.43186
0.709 3.432
0.71 3.43214
0.711 3.43228
0.712 3.43241
0.713 3.43254
0.714 3.43266
0.715 3.43277
0.716 3.43288
0.717 3.43298
0.718 3.43308
0.719 3.43317
0.72 3.43326
0.721 3.43333
0.722 3.43341
0.723 3.43347
0.724 3.43353
0.725 3.43359
0.726 3.43363
0.727 3.43367
0.728 3.43371
0.729 3.43373
0.73 3.43375
0.731 3.43376
0.732 3.43377
0.733 3.43376
0.734 3.43375
0.735 3.43373
0.736 3.4337
0.737 3.43367
0.738 3.43362
0.739 3.43357
0.74 3.43351
0.741 3.43344
0.742 3.43336
0.743 3.43327
0.744 3.43317
0.745 3.43306
0.746 3.43294
0.747 3.43281
0.748 3.43268
0.749 3.43253
0.75 3.43237
0.751 3.4322
0.752 3.43202
0.753 3.43182
0.754 3.43162
0.755 3.4314
0.756 3.43118
0.757 3.43094
0.758 3.43069
0.759 3.43042
0.76 3.43015
0.761 3.42986
0.762 3.42955
0.763 3.42924
0.764 3.42891
0.765 3.42856
0.766 3.42821
0.767 3.42783
0.768 3.42745
0.769 3.42704
0.77 3.42663
0.771 3.4262
0.772 3.42575
0.773 3.42528
0.774 3.4248
0.775 3.42431
0.776 3.42379
0.777 3.42326
0.778 3.42271
0.779 3.42215
0.78 3.42157
0.781 3.42097
0.782 3.42035
0.783 3.41971
0.784 3.41905
0.785 3.41838
0.786 3.41768
0.787 3.41697
0.788 3.41623
0.789 3.41548
0.79 3.4147
0.791 3.41391
0.792 3.41309
0.793 3.41225
0.794 3.41139
0.795 3.41051
0.796 3.40961
0.797 3.40869
0.798 3.40774
0.799 3.40677
0.8 3.40577
0.801 3.40476
0.802 3.40372
0.803 3.40266
0.804 3.40157
0.805 3.40046
0.806 3.39933
0.807 3.39817
0.808 3.39698
0.809 3.39577
0.81 3.39454
0.811 3.39328
0.812 3.392
0.813 3.39069
0.814 3.38936
0.815 3.388
0.816 3.38661
0.817 3.3852
0.818 3.38377
0.819 3.3823
0.82 3.38081
0.821 3.3793
0.822 3.37776
0.823 3.37619
0.824 3.3746
0.825 3.37298
0.826 3.37133
0.827 3.36966
0.828 3.36796
0.829 3.36624
0.83 3.36449
0.831 3.36271
0.832 3.36091
0.833 3.35908
0.834 3.35723
0.835 3.35535
0.836 3.35344
0.837 3.35151
0.838 3.34956
0.839 3.34758
0.84 3.34557
0.841 3.34354
0.842 3.34149
0.843 3.33941
0.844 3.33731
0.845 3.33518
0.846 3.33303
0.847 3.33086
0.848 3.32867
0.849 3.32645
0.85 3.32421
0.851 3.32195
0.852 3.31967
0.853 3.31737
0.854 3.31504
0.855 3.3127
0.856 3.31034
0.857 3.30796
0.858 3.30556
0.859 3.30314
0.86 3.30071
0.861 3.29825
0.862 3.29578
0.863 3.2933
0.864 3.2908
0.865 3.28828
0.866 3.28575
0.867 3.28321
0.868 3.28065
0.869 3.27808
0.87 3.2755
0.871 3.27291
0.872 3.2703
0.873 3.26769
0.874 3.26506
0.875 3.26243
0.876 3.25979
0.877 3.25714
0.878 3.25449
0.879 3.25183
0.88 3.24916
0.881 3.24649
0.882 3.24381
0.883 3.24113
0.884 3.23845
0.885 3.23576
0.886 3.23307
0.887 3.23039
0.888 3.2277
0.889 3.22501
0.89 3.22232
0.891 3.21964
0.892 3.21695
0.893 3.21427
0.894 3.2116
0.895 3.20893
0.896 3.20626
0.897 3.2036
0.898 3.20094
0.899 3.1983
0.9 3.19565
0.901 3.19302
0.902 3.1904
0.903 3.18778
0.904 3.18518
0.905 3.18258
0.906 3.18
0.907 3.17743
0.908 3.17487
0.909 3.17232
0.91 3.16979
0.911 3.16726
0.912 3.16476
0.913 3.16226
0.914 3.15979
0.915 3.15732
0.916 3.15488
0.917 3.15245
0.918 3.15003
0.919 3.14763
0.92 3.14526
0.921 3.14289
0.922 3.14055
0.923 3.13822
0.924 3.13592
0.925 3.13363
0.926 3.13136
0.927 3.12911
0.928 3.12688
0.929 3.12467
0.93 3.12249
0.931 3.12032
0.932 3.11817
0.933 3.11604
0.934 3.11394
0.935 3.11185
0.936 3.10979
0.937 3.10775
0.938 3.10573
0.939 3.10373
0.94 3.10176
0.941 3.09981
0.942 3.09787
0.943 3.09596
0.944 3.09408
0.945 3.09221
0.946 3.09037
0.947 3.08855
0.948 3.08675
0.949 3.08498
0.95 3.08322
0.951 3.08149
0.952 3.07978
0.953 3.07809
0.954 3.07643
0.955 3.07479
0.956 3.07317
0.957 3.07157
0.958 3.06999
0.959 3.06844
0.96 3.0669
0.961 3.06539
0.962 3.0639
0.963 3.06243
0.964 3.06098
0.965 3.05956
0.966 3.05815
0.967 3.05676
0.968 3.0554
0.969 3.05406
0.97 3.05273
0.971 3.05143
0.972 3.05015
0.973 3.04888
0.974 3.04764
0.975 3.04641
0.976 3.04521
0.977 3.04402
0.978 3.04286
0.979 3.04171
0.98 3.04058
0.981 3.03947
0.982 3.03838
0.983 3.0373
0.984 3.03625
0.985 3.03521
0.986 3.03419
0.987 3.03318
0.988 3.03219
0.989 3.03122
0.99 3.03027
0.991 3.02933
0.992 3.02841
0.993 3.02751
0.994 3.02662
0.995 3.02575
0.996 3.02489
0.997 3.02405
0.998 3.02322
0.999 3.02241
1 3.02161
1.001 5
