0 0
0.001 0.523769
0.002 0.529084
0.003 0.534404
0.004 0.539731
0.005 0.545062
0.006 0.550399
0.007 0.555741
0.008 0.561088
0.009 0.56644
0.01 0.571796
0.011 0.577156
0.012 0.582521
0.013 0.58789
0.014 0.593263
0.015 0.598639
0.016 0.604019
0.017 0.609402
0.018 0.614788
0.019 0.620177
0.02 0.625569
0.021 0.630964
0.022 0.63636
0.023 0.641759
0.024 0.64716
0.025 0.652563
0.026 0.657967
0.027 0.663373
0.028 0.668779
0.029 0.674187
0.03 0.679595
0.031 0.685004
0.032 0.690413
0.033 0.695822
0.034 0.701231
0.035 0.70664
0.036 0.712048
0.037 0.717456
0.038 0.722862
0.039 0.728268
0.04 0.733672
0.041 0.739074
0.042 0.744474
0.043 0.749873
0.044 0.755269
0.045 0.760663
0.046 0.766054
0.047 0.771442
0.048 0.776827
0.049 0.782208
0.05 0.787586
0.051 0.79296
0.052 0.79833
0.053 0.803696
0.054 0.809058
0.055 0.814415
0.056 0.819767
0.057 0.825114
0.058 0.830456
0.059 0.835792
0.06 0.841122
0.061 0.846447
0.062 0.851765
0.063 0.857078
0.064 0.862383
0.065 0.867682
0.066 0.872974
0.067 0.878259
0.068 0.883537
0.069 0.888807
0.07 0.89407
0.071 0.899325
0.072 0.904571
0.073 0.90981
0.074 0.915039
0.075 0.920261
0.076 0.925473
0.077 0.930677
0.078 0.935872
0.079 0.941057
0.08 0.946233
0.081 0.951399
0.082 0.956556
0.083 0.961702
0.084 0.966839
0.085 0.971965
0.086 0.977081
0.087 0.982187
0.088 0.987282
0.089 0.992366
0.09 0.997439
0.091 1.0025
0.092 1.00755
0.093 1.01259
0.094 1.01762
0.095 1.02264
0.096 1.02764
0.097 1.03264
0.098 1.03762
0.099 1.04259
0.1 1.04755
0.101 1.05249
0.102 1.05743
0.103 1.06235
0.104 1.06726
0.105 1.07215
0.106 1.07704
0.107 1.08191
0.108 1.08677
0.109 1.09162
0.11 1.09645
0.111 1.10127
0.112 1.10608
0.113 1.11088
0.114 1.11566
0.115 1.12043
0.116 1.12519
0.117 1.12993
0.118 1.13466
0.119 1.13938
0.12 1.14409
0.121 1.14878
0.122 1.15346
0.123 1.15813
0.124 1.16278
0.125 1.16742
0.126 1.17205
0.127 1.17666
0.128 1.18127
0.129 1.18586
0.13 1.19043
0.131 1.19499
0.132 1.19955
0.133 1.20408
0.134 1.20861
0.135 1.21312
0.136 1.21762
0.137 1.22211
0.138 1.22658
0.139 1.23104
0.14 1.23549
0.141 1.23993
0.142 1.24435
0.143 1.24877
0.144 1.25317
0.145 1.25755
0.146 1.26193
0.147 1.26629
0.148 1.27065
0.149 1.27499
0.15 1.27932
0.151 1.28363
0.152 1.28794
0.153 1.29223
0.154 1.29651
0.155 1.30079
0.156 1.30505
0.157 1.30929
0.158 1.31353
0.159 1.31776
0.16 1.32197
0.161 1.32618
0.162 1.33037
0.163 1.33456
0.164 1.33873
0.165 1.3429
0.166 1.34705
0.167 1.35119
0.168 1.35533
0.169 1.35945
0.17 1.36356
0.171 1.36767
0.172 1.37176
0.173 1.37585
0.174 1.37992
0.175 1.38399
0.176 1.38805
0.177 1.3921
0.178 1.39614
0.179 1.40017
0.18 1.40419
0.181 1.40821
0.182 1.41221
0.183 1.41621
0.184 1.4202
0.185 1.42418
0.186 1.42816
0.187 1.43212
0.188 1.43608
0.189 1.44003
0.19 1.44398
0.191 1.44791
0.192 1.45184
0.193 1.45577
0.194 1.45968
0.195 1.46359
0.196 1.46749
0.197 1.47139
0.198 1.47528
0.199 1.47917
0.2 1.48304
0.201 1.48692
0.202 1.49078
0.203 1.49464
0.204 1.4985
0.205 1.50235
0.206 1.50619
0.207 1.51003
0.208 1.51386
0.209 1.51769
0.21 1.52152
0.211 1.52534
0.212 1.52915
0.213 1.53296
0.214 1.53677
0.215 1.54057
0.216 1.54437
0.217 1.54816
0.218 1.55195
0.219 1.55574
0.22 1.55952
0.221 1.5633
0.222 1.56708
0.223 1.57085
0.224 1.57462
0.225 1.57839
0.226 1.58215
0.227 1.58591
0.228 1.58967
0.229 1.59342
0.23 1.59718
0.231 1.60093
0.232 1.60468
0.233 1.60842
0.234 1.61217
0.235 1.61591
0.236 1.61965
0.237 1.62339
0.238 1.62713
0.239 1.63087
0.24 1.6346
0.241 1.63834
0.242 1.64207
0.243 1.6458
0.244 1.64953
0.245 1.65326
0.246 1.65699
0.247 1.66072
0.248 1.66445
0.249 1.66817
0.25 1.6719
0.251 1.67563
0.252 1.67936
0.253 1.68308
0.254 1.68681
0.255 1.69054
0.256 1.69426
0.257 1.69799
0.258 1.70172
0.259 1.70545
0.26 1.70918
0.261 1.71291
0.262 1.71664
0.263 1.72037
0.264 1.72411
0.265 1.72784
0.266 1.73158
0.267 1.73531
0.268 1.73905
0.269 1.74279
0.27 1.74653
0.271 1.75028
0.272 1.75402
0.273 1.75777
0.274 1.76151
0.275 1.76526
0.276 1.76902
0.277 1.77277
0.278 1.77653
0.279 1.78029
0.28 1.78405
0.281 1.78781
0.282 1.79158
0.283 1.79534
0.284 1.79911
0.285 1.80289
0.286 1.80666
0.287 1.81044
0.288 1.81422
0.289 1.81801
0.29 1.8218
0.291 1.82559
0.292 1.82938
0.293 1.83318
0.294 1.83698
0.295 1.84078
0.296 1.84459
0.297 1.8484
0.298 1.85221
0.299 1.85603
0.3 1.85985
0.301 1.86368
0.302 1.86751
0.303 1.87134
0.304 1.87517
0.305 1.87901
0.306 1.88286
0.307 1.88671
0.308 1.89056
0.309 1.89441
0.31 1.89827
0.311 1.90214
0.312 1.906
0.313 1.90988
0.314 1.91375
0.315 1.91763
0.316 1.92152
0.317 1.92541
0.318 1.9293
0.319 1.9332
0.32 1.93711
0.321 1.94101
0.322 1.94493
0.323 1.94884
0.324 1.95277
0.325 1.95669
0.326 1.96062
0.327 1.96456
0.328 1.9685
0.329 1.97244
0.33 1.9764
0.331 1.98035
0.332 1.98431
0.333 1.98828
0.334 1.99225
0.335 1.99622
0.336 2.0002
0.337 2.00419
0.338 2.00818
0.339 2.01217
0.34 2.01617
0.341 2.02018
0.342 2.02419
0.343 2.02821
0.344 2.03223
0.345 2.03626
0.346 2.04029
0.347 2.04433
0.348 2.04837
0.349 2.05242
0.35 2.05647
0.351 2.06053
0.352 2.0646
0.353 2.06867
0.354 2.07274
0.355 2.07682
0.356 2.08091
0.357 2.085
0.358 2.0891
0.359 2.0932
0.36 2.09731
0.361 2.10143
0.362 2.10555
0.363 2.10967
0.364 2.1138
0.365 2.11794
0.366 2.12208
0.367 2.12623
0.368 2.13039
0.369 2.13455
0.37 2.13872
0.371 2.14289
0.372 2.14707
0.373 2.15125
0.374 2.15544
0.375 2.15964
0.376 2.16384
0.377 2.16805
0.378 2.17226
0.379 2.17648
0.38 2.18071
0.381 2.18494
0.382 2.18918
0.383 2.19342
0.384 2.19767
0.385 2.20193
0.386 2.20619
0.387 2.21046
0.388 2.21474
0.389 2.21902
0.39 2.22331
0.391 2.22761
0.392 2.23191
0.393 2.23622
0.394 2.24053
0.395 2.24485
0.396 2.24918
0.397 2.25351
0.398 2.25785
0.399 2.2622
0.4 2.26656
0.401 2.27092
0.402 2.27528
0.403 2.27966
0.404 2.28404
0.405 2.28843
0.406 2.29282
0.407 2.29723
0.408 2.30163
0.409 2.30605
0.41 2.31047
0.411 2.31491
0.412 2.31934
0.413 2.32379
0.414 2.32824
0.415 2.3327
0.416 2.33717
0.417 2.34164
0.418 2.34612
0.419 2.35061
0.42 2.35511
0.421 2.35962
0.422 2.36413
0.423 2.36865
0.424 2.37318
0.425 2.37771
0.426 2.38226
0.427 2.38681
0.428 2.39137
0.429 2.39594
0.43 2.40052
0.431 2.4051
0.432 2.4097
0.433 2.4143
0.434 2.41891
0.435 2.42353
0.436 2.42816
0.437 2.4328
0.438 2.43744
0.439 2.4421
0.44 2.44676
0.441 2.45143
0.442 2.45612
0.443 2.46081
0.444 2.46551
0.445 2.47022
0.446 2.47494
0.447 2.47967
0.448 2.48441
0.449 2.48916
0.45 2.49391
0.451 2.49868
0.452 2.50346
0.453 2.50825
0.454 2.51305
0.455 2.51786
0.456 2.52268
0.457 2.52751
0.458 2.53235
0.459 2.53721
0.46 2.54207
0.461 2.54695
0.462 2.55183
0.463 2.55673
0.464 2.56164
0.465 2.56656
0.466 2.57149
0.467 2.57643
0.468 2.58139
0.469 2.58636
0.47 2.59134
0.471 2.59633
0.472 2.60133
0.473 2.60635
0.474 2.61138
0.475 2.61642
0.476 2.62148
0.477 2.62655
0.478 2.63163
0.479 2.63672
0.48 2.64183
0.481 2.64695
0.482 2.65209
0.483 2.65724
0.484 2.6624
0.485 2.66758
0.486 2.67278
0.487 2.67798
0.488 2.68321
0.489 2.68844
0.49 2.6937
0.491 2.69896
0.492 2.70425
0.493 2.70955
0.494 2.71486
0.495 2.72019
0.496 2.72554
0.497 2.7309
0.498 2.73628
0.499 2.74168
0.5 2.74709
0.501 2.75252
0.502 2.75797
0.503 2.76343
0.504 2.76891
0.505 2.77441
0.506 2.77993
0.507 2.78547
0.508 2.79102
0.509 2.7966
0.51 2.80219
0.511 2.8078
0.512 2.81343
0.513 2.81908
0.514 2.82475
0.515 2.83044
0.516 2.83615
0.517 2.84188
0.518 2.84763
0.519 2.8534
0.52 2.85919
0.521 2.865
0.522 2.87084
0.523 2.8767
0.524 2.88257
0.525 2.88847
0.526 2.8944
0.527 2.90034
0.528 2.90631
0.529 2.9123
0.53 2.91832
0.531 2.92435
0.532 2.93042
0.533 2.9365
0.534 2.94261
0.535 2.94875
0.536 2.95491
0.537 2.96109
0.538 2.9673
0.539 2.97354
0.54 2.9798
0.541 2.98609
0.542 2.99241
0.543 2.99875
0.544 3.00512
0.545 3.01152
0.546 3.01794
0.547 3.02439
0.548 3.03087
0.549 3.03738
0.55 3.04392
0.551 3.05049
0.552 3.05709
0.553 3.06371
0.554 3.07037
0.555 3.07706
0.556 3.08378
0.557 3.09053
0.558 3.09731
0.559 3.10412
0.56 3.11096
0.561 3.11784
0.562 3.12475
0.563 3.13169
0.564 3.13867
0.565 3.14568
0.566 3.15272
0.567 3.1598
0.568 3.16691
0.569 3.17406
0.57 3.18124
0.571 3.18846
0.572 3.19572
0.573 3.20301
0.574 3.21034
0.575 3.21771
0.576 3.22511
0.577 3.23255
0.578 3.24003
0.579 3.24755
0.58 3.25511
0.581 3.26271
0.582 3.27034
0.583 3.27802
0.584 3.28574
0.585 3.2935
0.586 3.3013
0.587 3.30914
0.588 3.31703
0.589 3.32496
0.59 3.33293
0.591 3.34094
0.592 3.349
0.593 3.3571
0.594 3.36525
0.595 3.37344
0.596 3.38168
0.597 3.38997
0.598 3.3983
0.599 3.40667
0.6 3.4151
0.601 3.42357
0.602 3.43209
0.603 3.44066
0.604 3.44928
0.605 3.45794
0.606 3.46666
0.607 3.47543
0.608 3.48425
0.609 3.49312
0.61 3.50204
0.611 3.51101
0.612 3.52004
0.613 3.52912
0.614 3.53825
0.615 3.54744
0.616 3.55668
0.617 3.56597
0.618 3.57532
0.619 3.58473
0.62 3.59419
0.621 3.60371
0.622 3.61329
0.623 3.62292
0.624 3.63262
0.625 3.64237
0.626 3.65218
0.627 3.66205
0.628 3.67197
0.629 3.68196
0.63 3.69201
0.631 3.70213
0.632 3.7123
0.633 3.72253
0.634 3.73283
0.635 3.74319
0.636 3.75362
0.637 3.76411
0.638 3.77466
0.639 3.78528
0.64 3.79596
0.641 3.80671
0.642 3.81753
0.643 3.82841
0.644 3.83936
0.645 3.85038
0.646 3.86146
0.647 3.87261
0.648 3.88384
0.649 3.89513
0.65 3.90649
0.651 3.91792
0.652 3.92942
0.653 3.94099
0.654 3.95264
0.655 3.96435
0.656 3.97614
0.657 3.988
0.658 3.99993
0.659 4.01194
0.66 4.02402
0.661 4.03617
0.662 4.0484
0.663 4.0607
0.664 4.07308
0.665 4.08553
0.666 4.09806
0.667 4.11066
0.668 4.12335
0.669 4.1361
0.67 4.14893
0.671 4.16184
0.672 4.17483
0.673 4.1879
0.674 4.20104
0.675 4.21426
0.676 4.22756
0.677 4.24094
0.678 4.25439
0.679 4.26792
0.68 4.28154
0.681 4.29523
0.682 4.309
0.683 4.32285
0.684 4.33678
0.685 4.35079
0.686 4.36487
0.687 4.37904
0.688 4.39329
0.689 4.40761
0.69 4.42202
0.691 4.4365
0.692 4.45107
0.693 4.46571
0.694 4.48043
0.695 4.49523
0.696 4.51011
0.697 4.52507
0.698 4.54011
0.699 4.55523
0.7 4.57042
0.701 4.58569
0.702 4.60104
0.703 4.61647
0.704 4.63197
0.705 4.64755
0.706 4.66321
0.707 4.67894
0.708 4.69475
0.709 4.71064
0.71 4.7266
0.711 4.74263
0.712 4.75873
0.713 4.77491
0.714 4.79116
0.715 4.80749
0.716 4.82388
0.717 4.84035
0.718 4.85688
0.719 4.87349
0.72 4.89016
0.721 4.9069
0.722 4.92371
0.723 4.94058
0.724 4.95752
0.725 4.97452
0.726 4.99158
0.727 5.00871
0.728 5.0259
0.729 5.04315
0.73 5.06046
0.731 5.07782
0.732 5.09524
0.733 5.11272
0.734 5.13025
0.735 5.14784
0.736 5.16548
0.737 5.18317
0.738 5.20091
0.739 5.21869
0.74 5.23653
0.741 5.2544
0.742 5.27233
0.743 5.29029
0.744 5.3083
0.745 5.32634
0.746 5.34442
0.747 5.36254
0.748 5.3807
0.749 5.39888
0.75 5.4171
0.751 5.43535
0.752 5.45362
0.753 5.47192
0.754 5.49025
0.755 5.5086
0.756 5.52696
0.757 5.54535
0.758 5.56376
0.759 5.58217
0.76 5.60061
0.761 5.61905
0.762 5.6375
0.763 5.65596
0.764 5.67442
0.765 5.69289
0.766 5.71136
0.767 5.72982
0.768 5.74829
0.769 5.76675
0.77 5.7852
0.771 5.80364
0.772 5.82207
0.773 5.84048
0.774 5.85888
0.775 5.87726
0.776 5.89563
0.777 5.91396
0.778 5.93228
0.779 5.95056
0.78 5.96882
0.781 5.98705
0.782 6.00524
0.783 6.0234
0.784 6.04151
0.785 6.05959
0.786 6.07763
0.787 6.09562
0.788 6.11356
0.789 6.13146
0.79 6.1493
0.791 6.16709
0.792 6.18482
0.793 6.2025
0.794 6.22012
0.795 6.23767
0.796 6.25516
0.797 6.27258
0.798 6.28993
0.799 6.30722
0.8 6.32443
0.801 6.34156
0.802 6.35862
0.803 6.3756
0.804 6.39249
0.805 6.40931
0.806 6.42604
0.807 6.44268
0.808 6.45923
0.809 6.4757
0.81 6.49206
0.811 6.50834
0.812 6.52452
0.813 6.5406
0.814 6.55658
0.815 6.57246
0.816 6.58823
0.817 6.6039
0.818 6.61947
0.819 6.63492
0.82 6.65027
0.821 6.6655
0.822 6.68063
0.823 6.69563
0.824 6.71052
0.825 6.7253
0.826 6.73995
0.827 6.75449
0.828 6.7689
0.829 6.7832
0.83 6.79737
0.831 6.81141
0.832 6.82533
0.833 6.83912
0.834 6.85279
0.835 6.86632
0.836 6.87973
0.837 6.893
0.838 6.90615
0.839 6.91916
0.84 6.93204
0.841 6.94478
0.842 6.95739
0.843 6.96986
0.844 6.9822
0.845 6.99441
0.846 7.00647
0.847 7.0184
0.848 7.03019
0.849 7.04185
0.85 7.05336
0.851 7.06474
0.852 7.07598
0.853 7.08708
0.854 7.09804
0.855 7.10886
0.856 7.11954
0.857 7.13008
0.858 7.14048
0.859 7.15075
0.86 7.16087
0.861 7.17086
0.862 7.1807
0.863 7.19041
0.864 7.19998
0.865 7.20941
0.866 7.2187
0.867 7.22786
0.868 7.23688
0.869 7.24576
0.87 7.25451
0.871 7.26312
0.872 7.2716
0.873 7.27994
0.874 7.28814
0.875 7.29622
0.876 7.30416
0.877 7.31197
0.878 7.31965
0.879 7.3272
0.88 7.33462
0.881 7.34191
0.882 7.34907
0.883 7.35611
0.884 7.36302
0.885 7.3698
0.886 7.37646
0.887 7.383
0.888 7.38941
0.889 7.39571
0.89 7.40188
0.891 7.40793
0.892 7.41387
0.893 7.41969
0.894 7.42539
0.895 7.43098
0.896 7.43645
0.897 7.44181
0.898 7.44706
0.899 7.4522
0.9 7.45723
0.901 7.46215
0.902 7.46697
0.903 7.47168
0.904 7.47628
0.905 7.48079
0.906 7.48519
0.907 7.48948
0.908 7.49368
0.909 7.49779
0.91 7.50179
0.911 7.5057
0.912 7.50951
0.913 7.51323
0.914 7.51686
0.915 7.5204
0.916 7.52384
0.917 7.5272
0.918 7.53047
0.919 7.53366
0.92 7.53676
0.921 7.53978
0.922 7.54271
0.923 7.54557
0.924 7.54834
0.925 7.55104
0.926 7.55365
0.927 7.5562
0.928 7.55866
0.929 7.56105
0.93 7.56337
0.931 7.56562
0.932 7.5678
0.933 7.56991
0.934 7.57195
0.935 7.57392
0.936 7.57583
0.937 7.57767
0.938 7.57945
0.939 7.58117
0.94 7.58283
0.941 7.58442
0.942 7.58596
0.943 7.58743
0.944 7.58886
0.945 7.59022
0.946 7.59153
0.947 7.59278
0.948 7.59398
0.949 7.59513
0.95 7.59623
0.951 7.59728
0.952 7.59828
0.953 7.59923
0.954 7.60013
0.955 7.60099
0.956 7.6018
0.957 7.60257
0.958 7.60329
0.959 7.60397
0.96 7.60461
0.961 7.6052
0.962 7.60576
0.963 7.60627
0.964 7.60675
0.965 7.60719
0.966 7.60759
0.967 7.60796
0.968 7.60829
0.969 7.60858
0.97 7.60884
0.971 7.60907
0.972 7.60926
0.973 7.60943
0.974 7.60956
0.975 7.60966
0.976 7.60973
0.977 7.60977
0.978 7.60978
0.979 7.60977
0.98 7.60972
0.981 7.60965
0.982 7.60956
0.983 7.60943
0.984 7.60929
0.985 7.60911
0.986 7.60892
0.987 7.6087
0.988 7.60846
0.989 7.60819
0.99 7.60791
0.991 7.6076
0.992 7.60727
0.993 7.60692
0.994 7.60655
0.995 7.60617
0.996 7.60576
0.997 7.60534
0.998 7.60489
0.999 7.60443
1 7.60395
1.001 0
