0 -10
0.001 -6.10555
0.002 -6.09441
0.003 -6.08325
0.004 -6.07208
0.005 -6.06089
0.006 -6.04969
0.007 -6.03848
0.008 -6.02725
0.009 -6.01601
0.01 -6.00475
0.011 -5.99349
0.012 -5.98221
0.013 -5.97091
0.014 -5.95961
0.015 -5.9483
0.016 -5.93697
0.017 -5.92563
0.018 -5.91429
0.019 -5.90293
0.02 -5.89156
0.021 -5.88018
0.022 -5.86879
0.023 -5.8574
0.024 -5.84599
0.025 -5.83458
0.026 -5.82316
0.027 -5.81173
0.028 -5.8003
0.029 -5.78886
0.03 -5.77741
0.031 -5.76595
0.032 -5.75449
0.033 -5.74303
0.034 -5.73155
0.035 -5.72008
0.036 -5.7086
0.037 -5.69712
0.038 -5.68563
0.039 -5.67414
0.04 -5.66265
0.041 -5.65115
0.042 -5.63966
0.043 -5.62816
0.044 -5.61666
0.045 -5.60516
0.046 -5.59366
0.047 -5.58216
0.048 -5.57066
0.049 -5.55916
0.05 -5.54766
0.051 -5.53617
0.052 -5.52467
0.053 -5.51318
0.054 -5.5017
0.055 -5.49021
0.056 -5.47873
0.057 -5.46726
0.058 -5.45578
0.059 -5.44432
0.06 -5.43286
0.061 -5.4214
0.062 -5.40995
0.063 -5.39851
0.064 -5.38708
0.065 -5.37565
0.066 -5.36423
0.067 -5.35282
0.068 -5.34142
0.069 -5.33002
0.07 -5.31864
0.071 -5.30726
0.072 -5.2959
0.073 -5.28455
0.074 -5.27321
0.075 -5.26187
0.076 -5.25056
0.077 -5.23925
0.078 -5.22795
0.079 -5.21667
0.08 -5.20541
0.081 -5.19415
0.082 -5.18291
0.083 -5.17168
0.084 -5.16047
0.085 -5.14928
0.086 -5.1381
0.087 -5.12693
0.088 -5.11578
0.089 -5.10465
0.09 -5.09353
0.091 -5.08243
0.092 -5.07135
0.093 -5.06029
0.094 -5.04924
0.095 -5.03821
0.096 -5.0272
0.097 -5.01621
0.098 -5.00524
0.099 -4.99429
0.1 -4.98335
0.101 -4.97244
0.102 -4.96155
0.103 -4.95068
0.104 -4.93982
0.105 -4.92899
0.106 -4.91818
0.107 -4.9074
0.108 -4.89663
0.109 -4.88589
0.11 -4.87516
0.111 -4.86446
0.112 -4.85378
0.113 -4.84313
0.114 -4.8325
0.115 -4.82189
0.116 -4.8113
0.117 -4.80074
0.118 -4.7902
0.119 -4.77968
0.12 -4.76919
0.121 -4.75873
0.122 -4.74828
0.123 -4.73786
0.124 -4.72747
0.125 -4.7171
0.126 -4.70675
0.127 -4.69643
0.128 -4.68614
0.129 -4.67587
0.13 -4.66562
0.131 -4.6554
0.132 -4.64521
0.133 -4.63504
0.134 -4.62489
0.135 -4.61478
0.136 -4.60468
0.137 -4.59462
0.138 -4.58458
0.139 -4.57456
0.14 -4.56457
0.141 -4.55461
0.142 -4.54467
0.143 -4.53476
0.144 -4.52488
0.145 -4.51502
0.146 -4.50519
0.147 -4.49538
0.148 -4.4856
0.149 -4.47584
0.15 -4.46612
0.151 -4.45641
0.152 -4.44674
0.153 -4.43709
0.154 -4.42747
0.155 -4.41787
0.156 -4.4083
0.157 -4.39876
0.158 -4.38924
0.159 -4.37975
0.16 -4.37028
0.161 -4.36084
0.162 -4.35143
0.163 -4.34204
0.164 -4.33268
0.165 -4.32334
0.166 -4.31403
0.167 -4.30475
0.168 -4.29549
0.169 -4.28626
0.17 -4.27705
0.171 -4.26787
0.172 -4.25872
0.173 -4.24959
0.174 -4.24049
0.175 -4.23141
0.176 -4.22236
0.177 -4.21333
0.178 -4.20433
0.179 -4.19535
0.18 -4.1864
0.181 -4.17747
0.182 -4.16857
0.183 -4.15969
0.184 -4.15084
0.185 -4.14202
0.186 -4.13321
0.187 -4.12444
0.188 -4.11568
0.189 -4.10695
0.19 -4.09825
0.191 -4.08957
0.192 -4.08091
0.193 -4.07228
0.194 -4.06368
0.195 -4.05509
0.196 -4.04653
0.197 -4.038
0.198 -4.02948
0.199 -4.021
0.2 -4.01253
0.201 -4.00409
0.202 -3.99567
0.203 -3.98728
0.204 -3.9789
0.205 -3.97055
0.206 -3.96223
0.207 -3.95392
0.208 -3.94564
0.209 -3.93738
0.21 -3.92915
0.211 -3.92093
0.212 -3.91274
0.213 -3.90457
0.214 -3.89642
0.215 -3.8883
0.216 -3.8802
0.217 -3.87211
0.218 -3.86405
0.219 -3.85601
0.22 -3.848
0.221 -3.84
0.222 -3.83202
0.223 -3.82407
0.224 -3.81614
0.225 -3.80822
0.226 -3.80033
0.227 -3.79246
0.228 -3.78461
0.229 -3.77678
0.23 -3.76897
0.231 -3.76118
0.232 -3.75341
0.233 -3.74566
0.234 -3.73793
0.235 -3.73022
0.236 -3.72253
0.237 -3.71486
0.238 -3.7072
0.239 -3.69957
0.24 -3.69196
0.241 -3.68436
0.242 -3.67679
0.243 -3.66923
0.244 -3.66169
0.245 -3.65417
0.246 -3.64667
0.247 -3.63918
0.248 -3.63172
0.249 -3.62427
0.25 -3.61684
0.251 -3.60943
0.252 -3.60204
0.253 -3.59467
0.254 -3.58731
0.255 -3.57997
0.256 -3.57265
0.257 -3.56534
0.258 -3.55805
0.259 -3.55078
0.26 -3.54353
0.261 -3.53629
0.262 -3.52907
0.263 -3.52186
0.264 -3.51468
0.265 -3.50751
0.266 -3.50035
0.267 -3.49321
0.268 -3.48609
0.269 -3.47899
0.27 -3.4719
0.271 -3.46482
0.272 -3.45777
0.273 -3.45073
0.274 -3.4437
0.275 -3.43669
0.276 -3.42969
0.277 -3.42271
0.278 -3.41575
0.279 -3.4088
0.28 -3.40187
0.281 -3.39495
0.282 -3.38804
0.283 -3.38115
0.284 -3.37428
0.285 -3.36742
0.286 -3.36058
0.287 -3.35375
0.288 -3.34693
0.289 -3.34013
0.29 -3.33334
0.291 -3.32657
0.292 -3.31981
0.293 -3.31307
0.294 -3.30634
0.295 -3.29963
0.296 -3.29293
0.297 -3.28624
0.298 -3.27957
0.299 -3.27291
0.3 -3.26626
0.301 -3.25963
0.302 -3.25301
0.303 -3.2464
0.304 -3.23981
0.305 -3.23324
0.306 -3.22667
0.307 -3.22012
0.308 -3.21358
0.309 -3.20706
0.31 -3.20055
0.311 -3.19405
0.312 -3.18757
0.313 -3.1811
0.314 -3.17464
0.315 -3.16819
0.316 -3.16176
0.317 -3.15534
0.318 -3.14893
0.319 -3.14254
0.32 -3.13616
0.321 -3.12979
0.322 -3.12343
0.323 -3.11709
0.324 -3.11076
0.325 -3.10444
0.326 -3.09814
0.327 -3.09185
0.328 -3.08557
0.329 -3.0793
0.33 -3.07305
0.331 -3.0668
0.332 -3.06057
0.333 -3.05436
0.334 -3.04815
0.335 -3.04196
0.336 -3.03578
0.337 -3.02961
0.338 -3.02345
0.339 -3.01731
0.34 -3.01117
0.341 -3.00505
0.342 -2.99894
0.343 -2.99285
0.344 -2.98676
0.345 -2.98069
0.346 -2.97463
0.347 -2.96858
0.348 -2.96255
0.349 -2.95652
0.35 -2.95051
0.351 -2.94451
0.352 -2.93852
0.353 -2.93254
0.354 -2.92657
0.355 -2.92062
0.356 -2.91468
0.357 -2.90875
0.358 -2.90283
0.359 -2.89692
0.36 -2.89102
0.361 -2.88514
0.362 -2.87926
0.363 -2.8734
0.364 -2.86755
0.365 -2.86171
0.366 -2.85588
0.367 -2.85006
0.368 -2.84426
0.369 -2.83846
0.37 -2.83268
0.371 -2.82691
0.372 -2.82115
0.373 -2.8154
0.374 -2.80966
0.375 -2.80393
0.376 -2.79821
0.377 -2.79251
0.378 -2.78681
0.379 -2.78112
0.38 -2.77545
0.381 -2.76979
0.382 -2.76413
0.383 -2.75849
0.384 -2.75286
0.385 -2.74724
0.386 -2.74163
0.387 -2.73603
0.388 -2.73044
0.389 -2.72486
0.39 -2.71929
0.391 -2.71373
0.392 -2.70818
0.393 -2.70265
0.394 -2.69712
0.395 -2.6916
0.396 -2.68609
0.397 -2.68059
0.398 -2.6751
0.399 -2.66963
0.4 -2.66416
0.401 -2.6587
0.402 -2.65325
0.403 -2.64781
0.404 -2.64238
0.405 -2.63696
0.406 -2.63155
0.407 -2.62614
0.408 -2.62075
0.409 -2.61537
0.41 -2.60999
0.411 -2.60463
0.412 -2.59927
0.413 -2.59392
0.414 -2.58858
0.415 -2.58325
0.416 -2.57793
0.417 -2.57262
0.418 -2.56731
0.419 -2.56202
0.42 -2.55673
0.421 -2.55145
0.422 -2.54618
0.423 -2.54092
0.424 -2.53566
0.425 -2.53041
0.426 -2.52517
0.427 -2.51994
0.428 -2.51472
0.429 -2.5095
0.43 -2.5043
0.431 -2.4991
0.432 -2.4939
0.433 -2.48872
0.434 -2.48354
0.435 -2.47837
0.436 -2.4732
0.437 -2.46804
0.438 -2.46289
0.439 -2.45775
0.44 -2.45261
0.441 -2.44748
0.442 -2.44236
0.443 -2.43724
0.444 -2.43213
0.445 -2.42702
0.446 -2.42192
0.447 -2.41683
0.448 -2.41174
0.449 -2.40666
0.45 -2.40158
0.451 -2.39651
0.452 -2.39144
0.453 -2.38638
0.454 -2.38133
0.455 -2.37628
0.456 -2.37123
0.457 -2.36619
0.458 -2.36116
0.459 -2.35613
0.46 -2.3511
0.461 -2.34608
0.462 -2.34106
0.463 -2.33605
0.464 -2.33104
0.465 -2.32604
0.466 -2.32103
0.467 -2.31604
0.468 -2.31104
0.469 -2.30605
0.47 -2.30107
0.471 -2.29608
0.472 -2.2911
0.473 -2.28613
0.474 -2.28115
0.475 -2.27618
0.476 -2.27121
0.477 -2.26624
0.478 -2.26128
0.479 -2.25632
0.48 -2.25136
0.481 -2.2464
0.482 -2.24144
0.483 -2.23649
0.484 -2.23154
0.485 -2.22659
0.486 -2.22164
0.487 -2.21669
0.488 -2.21174
0.489 -2.2068
0.49 -2.20185
0.491 -2.19691
0.492 -2.19196
0.493 -2.18702
0.494 -2.18207
0.495 -2.17713
0.496 -2.17219
0.497 -2.16725
0.498 -2.1623
0.499 -2.15736
0.5 -2.15241
0.501 -2.14747
0.502 -2.14252
0.503 -2.13758
0.504 -2.13263
0.505 -2.12768
0.506 -2.12273
0.507 -2.11778
0.508 -2.11282
0.509 -2.10787
0.51 -2.10291
0.511 -2.09795
0.512 -2.09299
0.513 -2.08802
0.514 -2.08306
0.515 -2.07809
0.516 -2.07311
0.517 -2.06814
0.518 -2.06316
0.519 -2.05818
0.52 -2.05319
0.521 -2.0482
0.522 -2.04321
0.523 -2.03822
0.524 -2.03322
0.525 -2.02821
0.526 -2.0232
0.527 -2.01819
0.528 -2.01317
0.529 -2.00815
0.53 -2.00312
0.531 -1.99809
0.532 -1.99305
0.533 -1.988
0.534 -1.98295
0.535 -1.9779
0.536 -1.97284
0.537 -1.96777
0.538 -1.9627
0.539 -1.95762
0.54 -1.95253
0.541 -1.94744
0.542 -1.94234
0.543 -1.93723
0.544 -1.93211
0.545 -1.92699
0.546 -1.92186
0.547 -1.91673
0.548 -1.91158
0.549 -1.90643
0.55 -1.90127
0.551 -1.8961
0.552 -1.89092
0.553 -1.88574
0.554 -1.88054
0.555 -1.87534
0.556 -1.87012
0.557 -1.8649
0.558 -1.85967
0.559 -1.85443
0.56 -1.84917
0.561 -1.84391
0.562 -1.83864
0.563 -1.83336
0.564 -1.82806
0.565 -1.82276
0.566 -1.81745
0.567 -1.81212
0.568 -1.80679
0.569 -1.80144
0.57 -1.79608
0.571 -1.79071
0.572 -1.78532
0.573 -1.77993
0.574 -1.77452
0.575 -1.7691
0.576 -1.76367
0.577 -1.75823
0.578 -1.75277
0.579 -1.7473
0.58 -1.74182
0.581 -1.73632
0.582 -1.73081
0.583 -1.72529
0.584 -1.71975
0.585 -1.7142
0.586 -1.70863
0.587 -1.70305
0.588 -1.69746
0.589 -1.69185
0.59 -1.68622
0.591 -1.68058
0.592 -1.67493
0.593 -1.66926
0.594 -1.66358
0.595 -1.65788
0.596 -1.65216
0.597 -1.64643
0.598 -1.64068
0.599 -1.63492
0.6 -1.62914
0.601 -1.62334
0.602 -1.61753
0.603 -1.6117
0.604 -1.60585
0.605 -1.59998
0.606 -1.5941
0.607 -1.5882
0.608 -1.58229
0.609 -1.57635
0.61 -1.5704
0.611 -1.56443
0.612 -1.55845
0.613 -1.55244
0.614 -1.54642
0.615 -1.54037
0.616 -1.53431
0.617 -1.52823
0.618 -1.52214
0.619 -1.51602
0.62 -1.50988
0.621 -1.50373
0.622 -1.49755
0.623 -1.49136
0.624 -1.48515
0.625 -1.47891
0.626 -1.47266
0.627 -1.46639
0.628 -1.4601
0.629 -1.45379
0.63 -1.44746
0.631 -1.44111
0.632 -1.43474
0.633 -1.42835
0.634 -1.42194
0.635 -1.41551
0.636 -1.40905
0.637 -1.40258
0.638 -1.39609
0.639 -1.38958
0.64 -1.38305
0.641 -1.37649
0.642 -1.36992
0.643 -1.36333
0.644 -1.35671
0.645 -1.35008
0.646 -1.34343
0.647 -1.33675
0.648 -1.33006
0.649 -1.32334
0.65 -1.31661
0.651 -1.30985
0.652 -1.30308
0.653 -1.29628
0.654 -1.28947
0.655 -1.28263
0.656 -1.27578
0.657 -1.2689
0.658 -1.26201
0.659 -1.2551
0.66 -1.24816
0.661 -1.24121
0.662 -1.23424
0.663 -1.22725
0.664 -1.22024
0.665 -1.21322
0.666 -1.20617
0.667 -1.19911
0.668 -1.19203
0.669 -1.18494
0.67 -1.17782
0.671 -1.17069
0.672 -1.16354
0.673 -1.15638
0.674 -1.14919
0.675 -1.142
0.676 -1.13479
0.677 -1.12756
0.678 -1.12032
0.679 -1.11306
0.68 -1.10579
0.681 -1.09851
0.682 -1.09121
0.683 -1.0839
0.684 -1.07658
0.685 -1.06924
0.686 -1.0619
0.687 -1.05454
0.688 -1.04717
0.689 -1.0398
0.69 -1.03241
0.691 -1.02502
0.692 -1.01762
0.693 -1.01021
0.694 -1.00279
0.695 -0.995371
0.696 -0.987944
0.697 -0.980512
0.698 -0.973076
0.699 -0.965637
0.7 -0.958195
0.701 -0.950752
0.702 -0.943308
0.703 -0.935863
0.704 -0.92842
0.705 -0.920978
0.706 -0.913539
0.707 -0.906103
0.708 -0.898672
0.709 -0.891246
0.71 -0.883826
0.711 -0.876414
0.712 -0.86901
0.713 -0.861615
0.714 -0.854231
0.715 -0.846858
0.716 -0.839498
0.717 -0.832152
0.718 -0.824821
0.719 -0.817506
0.72 -0.810208
0.721 -0.80293
0.722 -0.79567
0.723 -0.788432
0.724 -0.781217
0.725 -0.774025
0.726 -0.766859
0.727 -0.759719
0.728 -0.752607
0.729 -0.745524
0.73 -0.738472
0.731 -0.731452
0.732 -0.724466
0.733 -0.717515
0.734 -0.7106
0.735 -0.703725
0.736 -0.696889
0.737 -0.690094
0.738 -0.683342
0.739 -0.676635
0.74 -0.669975
0.741 -0.663362
0.742 -0.656799
0.743 -0.650288
0.744 -0.643829
0.745 -0.637426
0.746 -0.631079
0.747 -0.62479
0.748 -0.618561
0.749 -0.612395
0.75 -0.606292
0.751 -0.600255
0.752 -0.594285
0.753 -0.588384
0.754 -0.582554
0.755 -0.576797
0.756 -0.571115
0.757 -0.56551
0.758 -0.559984
0.759 -0.554537
0.76 -0.549174
0.761 -0.543894
0.762 -0.538701
0.763 -0.533596
0.764 -0.528581
0.765 -0.523658
0.766 -0.518828
0.767 -0.514095
0.768 -0.509459
0.769 -0.504922
0.77 -0.500487
0.771 -0.496156
0.772 -0.49193
0.773 -0.48781
0.774 -0.4838
0.775 -0.479901
0.776 -0.476115
0.777 -0.472443
0.778 -0.468887
0.779 -0.46545
0.78 -0.462132
0.781 -0.458937
0.782 -0.455865
0.783 -0.452918
0.784 -0.450098
0.785 -0.447407
0.786 -0.444846
0.787 -0.442417
0.788 -0.440122
0.789 -0.437963
0.79 -0.43594
0.791 -0.434055
0.792 -0.43231
0.793 -0.430707
0.794 -0.429247
0.795 -0.427931
0.796 -0.426761
0.797 -0.425737
0.798 -0.424862
0.799 -0.424137
0.8 -0.423563
0.801 -0.423141
0.802 -0.422872
0.803 -0.422758
0.804 -0.422799
0.805 -0.422997
0.806 -0.423353
0.807 -0.423867
0.808 -0.424541
0.809 -0.425375
0.81 -0.426371
0.811 -0.427528
0.812 -0.428849
0.813 -0.430333
0.814 -0.431981
0.815 -0.433794
0.816 -0.435773
0.817 -0.437917
0.818 -0.440228
0.819 -0.442706
0.82 -0.44535
0.821 -0.448163
0.822 -0.451143
0.823 -0.454291
0.824 -0.457607
0.825 -0.461091
0.826 -0.464744
0.827 -0.468565
0.828 -0.472554
0.829 -0.476712
0.83 -0.481037
0.831 -0.48553
0.832 -0.490191
0.833 -0.49502
0.834 -0.500015
0.835 -0.505177
0.836 -0.510504
0.837 -0.515998
0.838 -0.521656
0.839 -0.527479
0.84 -0.533466
0.841 -0.539616
0.842 -0.545928
0.843 -0.552402
0.844 -0.559036
0.845 -0.56583
0.846 -0.572783
0.847 -0.579894
0.848 -0.587161
0.849 -0.594584
0.85 -0.602162
0.851 -0.609893
0.852 -0.617776
0.853 -0.62581
0.854 -0.633994
0.855 -0.642326
0.856 -0.650804
0.857 -0.659428
0.858 -0.668196
0.859 -0.677107
0.86 -0.686158
0.861 -0.695348
0.862 -0.704676
0.863 -0.71414
0.864 -0.723738
0.865 -0.733468
0.866 -0.743329
0.867 -0.75332
0.868 -0.763437
0.869 -0.773679
0.87 -0.784045
0.871 -0.794533
0.872 -0.805139
0.873 -0.815864
0.874 -0.826704
0.875 -0.837657
0.876 -0.848722
0.877 -0.859896
0.878 -0.871178
0.879 -0.882565
0.88 -0.894055
0.881 -0.905646
0.882 -0.917336
0.883 -0.929123
0.884 -0.941004
0.885 -0.952978
0.886 -0.965042
0.887 -0.977194
0.888 -0.989431
0.889 -1.00175
0.89 -1.01415
0.891 -1.02664
0.892 -1.03919
0.893 -1.05183
0.894 -1.06453
0.895 -1.07731
0.896 -1.09015
0.897 -1.10306
0.898 -1.11603
0.899 -1.12906
0.9 -1.14216
0.901 -1.15531
0.902 -1.16851
0.903 -1.18176
0.904 -1.19507
0.905 -1.20842
0.906 -1.22182
0.907 -1.23527
0.908 -1.24875
0.909 -1.26227
0.91 -1.27584
0.911 -1.28943
0.912 -1.30306
0.913 -1.31672
0.914 -1.33041
0.915 -1.34412
0.916 -1.35786
0.917 -1.37162
0.918 -1.38541
0.919 -1.39921
0.92 -1.41303
0.921 -1.42686
0.922 -1.44071
0.923 -1.45456
0.924 -1.46843
0.925 -1.4823
0.926 -1.49618
0.927 -1.51006
0.928 -1.52395
0.929 -1.53783
0.93 -1.55172
0.931 -1.5656
0.932 -1.57947
0.933 -1.59334
0.934 -1.6072
0.935 -1.62105
0.936 -1.63489
0.937 -1.64872
0.938 -1.66253
0.939 -1.67633
0.94 -1.69011
0.941 -1.70387
0.942 -1.71762
0.943 -1.73134
0.944 -1.74503
0.945 -1.75871
0.946 -1.77236
0.947 -1.78598
0.948 -1.79957
0.949 -1.81314
0.95 -1.82668
0.951 -1.84018
0.952 -1.85365
0.953 -1.86709
0.954 -1.8805
0.955 -1.89387
0.956 -1.9072
0.957 -1.92049
0.958 -1.93375
0.959 -1.94697
0.96 -1.96015
0.961 -1.97328
0.962 -1.98638
0.963 -1.99943
0.964 -2.01244
0.965 -2.0254
0.966 -2.03832
0.967 -2.0512
0.968 -2.06403
0.969 -2.07681
0.97 -2.08954
0.971 -2.10223
0.972 -2.11486
0.973 -2.12745
0.974 -2.13999
0.975 -2.15247
0.976 -2.16491
0.977 -2.1773
0.978 -2.18963
0.979 -2.20191
0.98 -2.21414
0.981 -2.22631
0.982 -2.23843
0.983 -2.2505
0.984 -2.26251
0.985 -2.27447
0.986 -2.28638
0.987 -2.29823
0.988 -2.31002
0.989 -2.32176
0.99 -2.33344
0.991 -2.34507
0.992 -2.35664
0.993 -2.36815
0.994 -2.37961
0.995 -2.39101
0.996 -2.40235
0.997 -2.41364
0.998 -2.42487
0.999 -2.43604
1 -2.44716
1.001 -10
