0 5
0.001 3.37767
0.002 3.37524
0.003 3.37281
0.004 3.37039
0.005 3.36796
0.006 3.36554
0.007 3.36311
0.008 3.36069
0.009 3.35827
0.01 3.35585
0.011 3.35344
0.012 3.35102
0.013 3.34861
0.014 3.3462
0.015 3.34379
0.016 3.34139
0.017 3.33899
0.018 3.33659
0.019 3.3342
0.02 3.3318
0.021 3.32942
0.022 3.32703
0.023 3.32465
0.024 3.32228
0.025 3.3199
0.026 3.31754
0.027 3.31517
0.028 3.31282
0.029 3.31046
0.03 3.30811
0.031 3.30577
0.032 3.30343
0.033 3.3011
0.034 3.29878
0.035 3.29646
0.036 3.29414
0.037 3.29183
0.038 3.28953
0.039 3.28724
0.04 3.28495
0.041 3.28267
0.042 3.2804
0.043 3.27813
0.044 3.27587
0.045 3.27362
0.046 3.27138
0.047 3.26914
0.048 3.26692
0.049 3.2647
0.05 3.26249
0.051 3.26029
0.052 3.2581
0.053 3.25592
0.054 3.25375
0.055 3.25158
0.056 3.24943
0.057 3.24729
0.058 3.24516
0.059 3.24304
0.06 3.24093
0.061 3.23883
0.062 3.23674
0.063 3.23466
0.064 3.23259
0.065 3.23054
0.066 3.22849
0.067 3.22646
0.068 3.22444
0.069 3.22244
0.07 3.22044
0.071 3.21846
0.072 3.21649
0.073 3.21454
0.074 3.21259
0.075 3.21067
0.076 3.20875
0.077 3.20685
0.078 3.20496
0.079 3.20309
0.08 3.20123
0.081 3.19938
0.082 3.19755
0.083 3.19573
0.084 3.19393
0.085 3.19214
0.086 3.19037
0.087 3.18862
0.088 3.18688
0.089 3.18515
0.09 3.18344
0.091 3.18175
0.092 3.18007
0.093 3.17841
0.094 3.17676
0.095 3.17513
0.096 3.17352
0.097 3.17193
0.098 3.17035
0.099 3.16878
0.1 3.16724
0.101 3.16571
0.102 3.1642
0.103 3.16271
0.104 3.16123
0.105 3.15977
0.106 3.15833
0.107 3.15691
0.108 3.1555
0.109 3.15411
0.11 3.15274
0.111 3.15139
0.112 3.15006
0.113 3.14874
0.114 3.14744
0.115 3.14616
0.116 3.1449
0.117 3.14366
0.118 3.14243
0.119 3.14123
0.12 3.14004
0.121 3.13887
0.122 3.13772
0.123 3.13659
0.124 3.13547
0.125 3.13438
0.126 3.1333
0.127 3.13225
0.128 3.13121
0.129 3.13019
0.13 3.12919
0.131 3.1282
0.132 3.12724
0.133 3.12629
0.134 3.12537
0.135 3.12446
0.136 3.12357
0.137 3.1227
0.138 3.12185
0.139 3.12101
0.14 3.1202
0.141 3.1194
0.142 3.11862
0.143 3.11786
0.144 3.11712
0.145 3.1164
0.146 3.1157
0.147 3.11501
0.148 3.11434
0.149 3.11369
0.15 3.11306
0.151 3.11245
0.152 3.11185
0.153 3.11127
0.154 3.11071
0.155 3.11017
0.156 3.10964
0.157 3.10914
0.158 3.10865
0.159 3.10817
0.16 3.10772
0.161 3.10728
0.162 3.10686
0.163 3.10645
0.164 3.10606
0.165 3.10569
0.166 3.10534
0.167 3.105
0.168 3.10468
0.169 3.10438
0.17 3.10409
0.171 3.10381
0.172 3.10356
0.173 3.10332
0.174 3.10309
0.175 3.10288
0.176 3.10269
0.177 3.10251
0.178 3.10235
0.179 3.1022
0.18 3.10207
0.181 3.10195
0.182 3.10185
0.183 3.10176
0.184 3.10168
0.185 3.10162
0.186 3.10158
0.187 3.10155
0.188 3.10153
0.189 3.10152
0.19 3.10153
0.191 3.10156
0.192 3.10159
0.193 3.10164
0.194 3.10171
0.195 3.10178
0.196 3.10187
0.197 3.10197
0.198 3.10209
0.199 3.10222
0.2 3.10235
0.201 3.10251
0.202 3.10267
0.203 3.10284
0.204 3.10303
0.205 3.10323
0.206 3.10344
0.207 3.10366
0.208 3.10389
0.209 3.10414
0.21 3.10439
0.211 3.10466
0.212 3.10493
0.213 3.10522
0.214 3.10552
0.215 3.10582
0.216 3.10614
0.217 3.10647
0.218 3.1068
0.219 3.10715
0.22 3.10751
0.221 3.10787
0.222 3.10825
0.223 3.10863
0.224 3.10902
0.225 3.10943
0.226 3.10984
0.227 3.11026
0.228 3.11069
0.229 3.11112
0.23 3.11157
0.231 3.11202
0.232 3.11248
0.233 3.11295
0.234 3.11343
0.235 3.11391
0.236 3.1144
0.237 3.1149
0.238 3.11541
0.239 3.11593
0.24 3.11645
0.241 3.11697
0.242 3.11751
0.243 3.11805
0.244 3.1186
0.245 3.11916
0.246 3.11972
0.247 3.12029
0.248 3.12086
0.249 3.12144
0.25 3.12203
0.251 3.12262
0.252 3.12322
0.253 3.12382
0.254 3.12443
0.255 3.12505
0.256 3.12567
0.257 3.12629
0.258 3.12693
0.259 3.12756
0.26 3.1282
0.261 3.12885
0.262 3.1295
0.263 3.13016
0.264 3.13082
0.265 3.13148
0.266 3.13215
0.267 3.13283
0.268 3.13351
0.269 3.13419
0.27 3.13488
0.271 3.13557
0.272 3.13626
0.273 3.13696
0.274 3.13766
0.275 3.13837
0.276 3.13908
0.277 3.1398
0.278 3.14051
0.279 3.14123
0.28 3.14196
0.281 3.14269
0.282 3.14342
0.283 3.14415
0.284 3.14489
0.285 3.14563
0.286 3.14637
0.287 3.14711
0.288 3.14786
0.289 3.14861
0.29 3.14937
0.291 3.15012
0.292 3.15088
0.293 3.15164
0.294 3.15241
0.295 3.15317
0.296 3.15394
0.297 3.15471
0.298 3.15548
0.299 3.15626
0.3 3.15703
0.301 3.15781
0.302 3.15859
0.303 3.15937
0.304 3.16016
0.305 3.16094
0.306 3.16173
0.307 3.16252
0.308 3.1633
0.309 3.1641
0.31 3.16489
0.311 3.16568
0.312 3.16648
0.313 3.16727
0.314 3.16807
0.315 3.16887
0.316 3.16967
0.317 3.17047
0.318 3.17127
0.319 3.17207
0.32 3.17287
0.321 3.17368
0.322 3.17448
0.323 3.17529
0.324 3.17609
0.325 3.1769
0.326 3.1777
0.327 3.17851
0.328 3.17932
0.329 3.18013
0.33 3.18093
0.331 3.18174
0.332 3.18255
0.333 3.18336
0.334 3.18417
0.335 3.18498
0.336 3.18578
0.337 3.18659
0.338 3.1874
0.339 3.18821
0.34 3.18902
0.341 3.18983
0.342 3.19063
0.343 3.19144
0.344 3.19225
0.345 3.19306
0.346 3.19386
0.347 3.19467
0.348 3.19547
0.349 3.19628
0.35 3.19708
0.351 3.19789
0.352 3.19869
0.353 3.19949
0.354 3.2003
0.355 3.2011
0.356 3.2019
0.357 3.2027
0.358 3.20349
0.359 3.20429
0.36 3.20509
0.361 3.20588
0.362 3.20668
0.363 3.20747
0.364 3.20827
0.365 3.20906
0.366 3.20985
0.367 3.21064
0.368 3.21143
0.369 3.21221
0.37 3.213
0.371 3.21378
0.372 3.21457
0.373 3.21535
0.374 3.21613
0.375 3.21691
0.376 3.21768
0.377 3.21846
0.378 3.21923
0.379 3.22001
0.38 3.22078
0.381 3.22155
0.382 3.22232
0.383 3.22308
0.384 3.22385
0.385 3.22461
0.386 3.22538
0.387 3.22614
0.388 3.22689
0.389 3.22765
0.39 3.22841
0.391 3.22916
0.392 3.22991
0.393 3.23066
0.394 3.23141
0.395 3.23216
0.396 3.2329
0.397 3.23364
0.398 3.23438
0.399 3.23512
0.4 3.23586
0.401 3.23659
0.402 3.23733
0.403 3.23806
0.404 3.23879
0.405 3.23951
0.406 3.24024
0.407 3.24096
0.408 3.24168
0.409 3.2424
0.41 3.24312
0.411 3.24383
0.412 3.24454
0.413 3.24525
0.414 3.24596
0.415 3.24667
0.416 3.24737
0.417 3.24808
0.418 3.24878
0.419 3.24947
0.42 3.25017
0.421 3.25086
0.422 3.25155
0.423 3.25224
0.424 3.25293
0.425 3.25361
0.426 3.2543
0.427 3.25498
0.428 3.25566
0.429 3.25633
0.43 3.25701
0.431 3.25768
0.432 3.25835
0.433 3.25901
0.434 3.25968
0.435 3.26034
0.436 3.261
0.437 3.26166
0.438 3.26232
0.439 3.26297
0.44 3.26362
0.441 3.26427
0.442 3.26492
0.443 3.26556
0.444 3.2662
0.445 3.26685
0.446 3.26748
0.447 3.26812
0.448 3.26875
0.449 3.26938
0.45 3.27001
0.451 3.27064
0.452 3.27126
0.453 3.27189
0.454 3.27251
0.455 3.27313
0.456 3.27374
0.457 3.27435
0.458 3.27497
0.459 3.27557
0.46 3.27618
0.461 3.27679
0.462 3.27739
0.463 3.27799
0.464 3.27859
0.465 3.27918
0.466 3.27978
0.467 3.28037
0.468 3.28096
0.469 3.28154
0.47 3.28213
0.471 3.28271
0.472 3.28329
0.473 3.28387
0.474 3.28445
0.475 3.28502
0.476 3.28559
0.477 3.28616
0.478 3.28673
0.479 3.28729
0.48 3.28786
0.481 3.28842
0.482 3.28898
0.483 3.28953
0.484 3.29009
0.485 3.29064
0.486 3.29119
0.487 3.29174
0.488 3.29229
0.489 3.29283
0.49 3.29338
0.491 3.29392
0.492 3.29445
0.493 3.29499
0.494 3.29552
0.495 3.29606
0.496 3.29659
0.497 3.29712
0.498 3.29764
0.499 3.29817
0.5 3.29869
0.501 3.29921
0.502 3.29973
0.503 3.30024
0.504 3.30076
0.505 3.30127
0.506 3.30178
0.507 3.30229
0.508 3.30279
0.509 3.3033
0.51 3.3038
0.511 3.3043
0.512 3.3048
0.513 3.3053
0.514 3.30579
0.515 3.30629
0.516 3.30678
0.517 3.30727
0.518 3.30776
0.519 3.30824
0.52 3.30873
0.521 3.30921
0.522 3.30969
0.523 3.31017
0.524 3.31064
0.525 3.31112
0.526 3.31159
0.527 3.31206
0.528 3.31253
0.529 3.313
0.53 3.31347
0.531 3.31393
0.532 3.31439
0.533 3.31485
0.534 3.31531
0.535 3.31577
0.536 3.31623
0.537 3.31668
0.538 3.31713
0.539 3.31758
0.54 3.31803
0.541 3.31848
0.542 3.31892
0.543 3.31937
0.544 3.31981
0.545 3.32025
0.546 3.32069
0.547 3.32113
0.548 3.32156
0.549 3.322
0.55 3.32243
0.551 3.32286
0.552 3.32329
0.553 3.32372
0.554 3.32414
0.555 3.32457
0.556 3.32499
0.557 3.32541
0.558 3.32583
0.559 3.32625
0.56 3.32666
0.561 3.32708
0.562 3.32749
0.563 3.3279
0.564 3.32831
0.565 3.32872
0.566 3.32913
0.567 3.32953
0.568 3.32994
0.569 3.33034
0.57 3.33074
0.571 3.33114
0.572 3.33154
0.573 3.33194
0.574 3.33233
0.575 3.33272
0.576 3.33312
0.577 3.33351
0.578 3.3339
0.579 3.33428
0.58 3.33467
0.581 3.33505
0.582 3.33544
0.583 3.33582
0.584 3.3362
0.585 3.33658
0.586 3.33695
0.587 3.33733
0.588 3.3377
0.589 3.33807
0.59 3.33845
0.591 3.33881
0.592 3.33918
0.593 3.33955
0.594 3.33991
0.595 3.34028
0.596 3.34064
0.597 3.341
0.598 3.34136
0.599 3.34172
0.6 3.34207
0.601 3.34243
0.602 3.34278
0.603 3.34313
0.604 3.34348
0.605 3.34383
0.606 3.34418
0.607 3.34452
0.608 3.34487
0.609 3.34521
0.61 3.34555
0.611 3.34589
0.612 3.34622
0.613 3.34656
0.614 3.34689
0.615 3.34723
0.616 3.34756
0.617 3.34789
0.618 3.34821
0.619 3.34854
0.62 3.34886
0.621 3.34919
0.622 3.34951
0.623 3.34983
0.624 3.35014
0.625 3.35046
0.626 3.35077
0.627 3.35108
0.628 3.35139
0.629 3.3517
0.63 3.35201
0.631 3.35231
0.632 3.35262
0.633 3.35292
0.634 3.35321
0.635 3.35351
0.636 3.35381
0.637 3.3541
0.638 3.35439
0.639 3.35468
0.64 3.35496
0.641 3.35525
0.642 3.35553
0.643 3.35581
0.644 3.35608
0.645 3.35636
0.646 3.35663
0.647 3.3569
0.648 3.35717
0.649 3.35743
0.65 3.3577
0.651 3.35796
0.652 3.35821
0.653 3.35847
0.654 3.35872
0.655 3.35897
0.656 3.35921
0.657 3.35946
0.658 3.3597
0.659 3.35993
0.66 3.36017
0.661 3.3604
0.662 3.36063
0.663 3.36085
0.664 3.36107
0.665 3.36129
0.666 3.3615
0.667 3.36171
0.668 3.36192
0.669 3.36212
0.67 3.36232
0.671 3.36252
0.672 3.36271
0.673 3.3629
0.674 3.36308
0.675 3.36326
0.676 3.36343
0.677 3.3636
0.678 3.36377
0.679 3.36393
0.68 3.36408
0.681 3.36423
0.682 3.36438
0.683 3.36452
0.684 3.36465
0.685 3.36478
0.686 3.36491
0.687 3.36502
0.688 3.36514
0.689 3.36524
0.69 3.36534
0.691 3.36544
0.692 3.36553
0.693 3.36561
0.694 3.36568
0.695 3.36575
0.696 3.36581
0.697 3.36587
0.698 3.36592
0.699 3.36596
0.7 3.36599
0.701 3.36601
0.702 3.36603
0.703 3.36604
0.704 3.36604
0.705 3.36603
0.706 3.36601
0.707 3.36599
0.708 3.36595
0.709 3.36591
0.71 3.36586
0.711 3.3658
0.712 3.36572
0.713 3.36564
0.714 3.36555
0.715 3.36545
0.716 3.36533
0.717 3.36521
0.718 3.36507
0.719 3.36493
0.72 3.36477
0.721 3.3646
0.722 3.36442
0.723 3.36423
0.724 3.36402
0.725 3.3638
0.726 3.36357
0.727 3.36333
0.728 3.36307
0.729 3.3628
0.73 3.36252
0.731 3.36222
0.732 3.36191
0.733 3.36158
0.734 3.36124
0.735 3.36088
0.736 3.36051
0.737 3.36013
0.738 3.35973
0.739 3.35931
0.74 3.35887
0.741 3.35842
0.742 3.35796
0.743 3.35747
0.744 3.35697
0.745 3.35646
0.746 3.35592
0.747 3.35537
0.748 3.3548
0.749 3.35421
0.75 3.35361
0.751 3.35298
0.752 3.35234
0.753 3.35168
0.754 3.351
0.755 3.3503
0.756 3.34958
0.757 3.34884
0.758 3.34808
0.759 3.3473
0.76 3.3465
0.761 3.34568
0.762 3.34484
0.763 3.34398
0.764 3.3431
0.765 3.3422
0.766 3.34128
0.767 3.34034
0.768 3.33937
0.769 3.33839
0.77 3.33738
0.771 3.33635
0.772 3.3353
0.773 3.33423
0.774 3.33314
0.775 3.33203
0.776 3.33089
0.777 3.32974
0.778 3.32856
0.779 3.32736
0.78 3.32613
0.781 3.32489
0.782 3.32363
0.783 3.32234
0.784 3.32103
0.785 3.3197
0.786 3.31835
0.787 3.31698
0.788 3.31559
0.789 3.31418
0.79 3.31274
0.791 3.31129
0.792 3.30981
0.793 3.30832
0.794 3.3068
0.795 3.30526
0.796 3.30371
0.797 3.30213
0.798 3.30054
0.799 3.29893
0.8 3.29729
0.801 3.29564
0.802 3.29398
0.803 3.29229
0.804 3.29059
0.805 3.28886
0.806 3.28713
0.807 3.28537
0.808 3.2836
0.809 3.28181
0.81 3.28001
0.811 3.27819
0.812 3.27636
0.813 3.27451
0.814 3.27265
0.815 3.27078
0.816 3.26889
0.817 3.26699
0.818 3.26508
0.819 3.26316
0.82 3.26122
0.821 3.25927
0.822 3.25732
0.823 3.25535
0.824 3.25338
0.825 3.25139
0.826 3.2494
0.827 3.2474
0.828 3.24539
0.829 3.24338
0.83 3.24135
0.831 3.23933
0.832 3.23729
0.833 3.23526
0.834 3.23321
0.835 3.23117
0.836 3.22912
0.837 3.22707
0.838 3.22501
0.839 3.22296
0.84 3.2209
0.841 3.21884
0.842 3.21678
0.843 3.21473
0.844 3.21267
0.845 3.21061
0.846 3.20856
0.847 3.20651
0.848 3.20446
0.849 3.20241
0.85 3.20037
0.851 3.19833
0.852 3.1963
0.853 3.19427
0.854 3.19224
0.855 3.19023
0.856 3.18822
0.857 3.18621
0.858 3.18422
0.859 3.18223
0.86 3.18025
0.861 3.17827
0.862 3.17631
0.863 3.17435
0.864 3.17241
0.865 3.17047
0.866 3.16855
0.867 3.16663
0.868 3.16473
0.869 3.16284
0.87 3.16096
0.871 3.15909
0.872 3.15723
0.873 3.15538
0.874 3.15355
0.875 3.15173
0.876 3.14993
0.877 3.14813
0.878 3.14635
0.879 3.14459
0.88 3.14284
0.881 3.1411
0.882 3.13938
0.883 3.13767
0.884 3.13597
0.885 3.1343
0.886 3.13263
0.887 3.13098
0.888 3.12935
0.889 3.12773
0.89 3.12613
0.891 3.12454
0.892 3.12297
0.893 3.12141
0.894 3.11987
0.895 3.11835
0.896 3.11684
0.897 3.11535
0.898 3.11387
0.899 3.11241
0.9 3.11097
0.901 3.10954
0.902 3.10812
0.903 3.10673
0.904 3.10535
0.905 3.10398
0.906 3.10264
0.907 3.1013
0.908 3.09999
0.909 3.09869
0.91 3.0974
0.911 3.09613
0.912 3.09488
0.913 3.09364
0.914 3.09242
0.915 3.09122
0.916 3.09003
0.917 3.08885
0.918 3.08769
0.919 3.08655
0.92 3.08542
0.921 3.08431
0.922 3.08321
0.923 3.08212
0.924 3.08106
0.925 3.08
0.926 3.07896
0.927 3.07794
0.928 3.07693
0.929 3.07593
0.93 3.07495
0.931 3.07398
0.932 3.07303
0.933 3.07209
0.934 3.07116
0.935 3.07025
0.936 3.06935
0.937 3.06846
0.938 3.06759
0.939 3.06673
0.94 3.06588
0.941 3.06505
0.942 3.06423
0.943 3.06342
0.944 3.06262
0.945 3.06184
0.946 3.06107
0.947 3.06031
0.948 3.05956
0.949 3.05883
0.95 3.0581
0.951 3.05739
0.952 3.05669
0.953 3.056
0.954 3.05532
0.955 3.05465
0.956 3.054
0.957 3.05335
0.958 3.05272
0.959 3.05209
0.96 3.05148
0.961 3.05087
0.962 3.05028
0.963 3.0497
0.964 3.04912
0.965 3.04856
0.966 3.048
0.967 3.04746
0.968 3.04692
0.969 3.0464
0.97 3.04588
0.971 3.04537
0.972 3.04488
0.973 3.04439
0.974 3.0439
0.975 3.04343
0.976 3.04297
0.977 3.04251
0.978 3.04207
0.979 3.04163
0.98 3.0412
0.981 3.04077
0.982 3.04036
0.983 3.03995
0.984 3.03955
0.985 3.03916
0.986 3.03877
0.987 3.0384
0.988 3.03803
0.989 3.03766
0.99 3.03731
0.991 3.03696
0.992 3.03662
0.993 3.03628
0.994 3.03595
0.995 3.03563
0.996 3.03531
0.997 3.03501
0.998 3.0347
0.999 3.03441
1 3.03412
1.001 5
