0 5
0.001 3.35568
0.002 3.3528
0.003 3.34992
0.004 3.34704
0.005 3.34416
0.006 3.34129
0.007 3.33842
0.008 3.33555
0.009 3.33268
0.01 3.32982
0.011 3.32697
0.012 3.32411
0.013 3.32126
0.014 3.31842
0.015 3.31558
0.016 3.31275
0.017 3.30992
0.018 3.3071
0.019 3.30429
0.02 3.30148
0.021 3.29868
0.022 3.29588
0.023 3.2931
0.024 3.29032
0.025 3.28755
0.026 3.28479
0.027 3.28204
0.028 3.27929
0.029 3.27656
0.03 3.27384
0.031 3.27112
0.032 3.26842
0.033 3.26573
0.034 3.26305
0.035 3.26038
0.036 3.25773
0.037 3.25508
0.038 3.25245
0.039 3.24984
0.04 3.24723
0.041 3.24464
0.042 3.24206
0.043 3.2395
0.044 3.23696
0.045 3.23442
0.046 3.23191
0.047 3.22941
0.048 3.22692
0.049 3.22445
0.05 3.222
0.051 3.21957
0.052 3.21715
0.053 3.21475
0.054 3.21237
0.055 3.21001
0.056 3.20766
0.057 3.20534
0.058 3.20303
0.059 3.20075
0.06 3.19848
0.061 3.19624
0.062 3.19401
0.063 3.19181
0.064 3.18962
0.065 3.18746
0.066 3.18532
0.067 3.1832
0.068 3.18111
0.069 3.17903
0.07 3.17698
0.071 3.17495
0.072 3.17295
0.073 3.17096
0.074 3.16901
0.075 3.16707
0.076 3.16516
0.077 3.16327
0.078 3.16141
0.079 3.15958
0.08 3.15776
0.081 3.15598
0.082 3.15422
0.083 3.15248
0.084 3.15077
0.085 3.14908
0.086 3.14742
0.087 3.14579
0.088 3.14418
0.089 3.1426
0.09 3.14105
0.091 3.13952
0.092 3.13802
0.093 3.13654
0.094 3.1351
0.095 3.13368
0.096 3.13228
0.097 3.13092
0.098 3.12958
0.099 3.12826
0.1 3.12698
0.101 3.12572
0.102 3.12449
0.103 3.12329
0.104 3.12211
0.105 3.12096
0.106 3.11984
0.107 3.11875
0.108 3.11768
0.109 3.11664
0.11 3.11563
0.111 3.11465
0.112 3.11369
0.113 3.11276
0.114 3.11186
0.115 3.11098
0.116 3.11013
0.117 3.10931
0.118 3.10852
0.119 3.10775
0.12 3.10701
0.121 3.10629
0.122 3.1056
0.123 3.10494
0.124 3.10431
0.125 3.1037
0.126 3.10311
0.127 3.10255
0.128 3.10202
0.129 3.10151
0.13 3.10103
0.131 3.10058
0.132 3.10014
0.133 3.09974
0.134 3.09936
0.135 3.099
0.136 3.09867
0.137 3.09836
0.138 3.09807
0.139 3.09781
0.14 3.09757
0.141 3.09736
0.142 3.09717
0.143 3.097
0.144 3.09685
0.145 3.09673
0.146 3.09663
0.147 3.09655
0.148 3.09649
0.149 3.09646
0.15 3.09644
0.151 3.09645
0.152 3.09648
0.153 3.09652
0.154 3.09659
0.155 3.09668
0.156 3.09679
0.157 3.09692
0.158 3.09706
0.159 3.09723
0.16 3.09741
0.161 3.09762
0.162 3.09784
0.163 3.09808
0.164 3.09834
0.165 3.09861
0.166 3.09891
0.167 3.09922
0.168 3.09954
0.169 3.09989
0.17 3.10024
0.171 3.10062
0.172 3.10101
0.173 3.10142
0.174 3.10184
0.175 3.10228
0.176 3.10273
0.177 3.10319
0.178 3.10367
0.179 3.10417
0.18 3.10468
0.181 3.1052
0.182 3.10573
0.183 3.10628
0.184 3.10684
0.185 3.10741
0.186 3.108
0.187 3.1086
0.188 3.1092
0.189 3.10983
0.19 3.11046
0.191 3.1111
0.192 3.11175
0.193 3.11242
0.194 3.11309
0.195 3.11378
0.196 3.11447
0.197 3.11518
0.198 3.11589
0.199 3.11661
0.2 3.11735
0.201 3.11809
0.202 3.11884
0.203 3.11959
0.204 3.12036
0.205 3.12114
0.206 3.12192
0.207 3.12271
0.208 3.12351
0.209 3.12431
0.21 3.12512
0.211 3.12594
0.212 3.12677
0.213 3.1276
0.214 3.12844
0.215 3.12928
0.216 3.13013
0.217 3.13099
0.218 3.13185
0.219 3.13272
0.22 3.13359
0.221 3.13447
0.222 3.13535
0.223 3.13624
0.224 3.13713
0.225 3.13803
0.226 3.13893
0.227 3.13984
0.228 3.14075
0.229 3.14166
0.23 3.14258
0.231 3.1435
0.232 3.14443
0.233 3.14535
0.234 3.14629
0.235 3.14722
0.236 3.14816
0.237 3.1491
0.238 3.15004
0.239 3.15099
0.24 3.15194
0.241 3.15289
0.242 3.15385
0.243 3.1548
0.244 3.15576
0.245 3.15672
0.246 3.15768
0.247 3.15865
0.248 3.15961
0.249 3.16058
0.25 3.16155
0.251 3.16252
0.252 3.16349
0.253 3.16446
0.254 3.16544
0.255 3.16641
0.256 3.16739
0.257 3.16837
0.258 3.16935
0.259 3.17032
0.26 3.1713
0.261 3.17228
0.262 3.17326
0.263 3.17424
0.264 3.17523
0.265 3.17621
0.266 3.17719
0.267 3.17817
0.268 3.17915
0.269 3.18013
0.27 3.18112
0.271 3.1821
0.272 3.18308
0.273 3.18406
0.274 3.18504
0.275 3.18602
0.276 3.187
0.277 3.18798
0.278 3.18896
0.279 3.18994
0.28 3.19092
0.281 3.19189
0.282 3.19287
0.283 3.19384
0.284 3.19482
0.285 3.19579
0.286 3.19677
0.287 3.19774
0.288 3.19871
0.289 3.19968
0.29 3.20064
0.291 3.20161
0.292 3.20258
0.293 3.20354
0.294 3.20451
0.295 3.20547
0.296 3.20643
0.297 3.20739
0.298 3.20834
0.299 3.2093
0.3 3.21025
0.301 3.21121
0.302 3.21216
0.303 3.21311
0.304 3.21405
0.305 3.215
0.306 3.21595
0.307 3.21689
0.308 3.21783
0.309 3.21877
0.31 3.2197
0.311 3.22064
0.312 3.22157
0.313 3.2225
0.314 3.22343
0.315 3.22436
0.316 3.22528
0.317 3.22621
0.318 3.22713
0.319 3.22804
0.32 3.22896
0.321 3.22988
0.322 3.23079
0.323 3.2317
0.324 3.2326
0.325 3.23351
0.326 3.23441
0.327 3.23531
0.328 3.23621
0.329 3.23711
0.33 3.238
0.331 3.23889
0.332 3.23978
0.333 3.24067
0.334 3.24155
0.335 3.24243
0.336 3.24331
0.337 3.24419
0.338 3.24506
0.339 3.24593
0.34 3.2468
0.341 3.24767
0.342 3.24853
0.343 3.24939
0.344 3.25025
0.345 3.2511
0.346 3.25196
0.347 3.25281
0.348 3.25365
0.349 3.2545
0.35 3.25534
0.351 3.25618
0.352 3.25702
0.353 3.25785
0.354 3.25868
0.355 3.25951
0.356 3.26034
0.357 3.26116
0.358 3.26198
0.359 3.2628
0.36 3.26361
0.361 3.26443
0.362 3.26524
0.363 3.26604
0.364 3.26685
0.365 3.26765
0.366 3.26844
0.367 3.26924
0.368 3.27003
0.369 3.27082
0.37 3.27161
0.371 3.27239
0.372 3.27317
0.373 3.27395
0.374 3.27473
0.375 3.2755
0.376 3.27627
0.377 3.27703
0.378 3.2778
0.379 3.27856
0.38 3.27932
0.381 3.28007
0.382 3.28082
0.383 3.28157
0.384 3.28232
0.385 3.28306
0.386 3.28381
0.387 3.28454
0.388 3.28528
0.389 3.28601
0.39 3.28674
0.391 3.28747
0.392 3.28819
0.393 3.28891
0.394 3.28963
0.395 3.29034
0.396 3.29105
0.397 3.29176
0.398 3.29247
0.399 3.29317
0.4 3.29387
0.401 3.29457
0.402 3.29526
0.403 3.29596
0.404 3.29664
0.405 3.29733
0.406 3.29801
0.407 3.29869
0.408 3.29937
0.409 3.30005
0.41 3.30072
0.411 3.30139
0.412 3.30205
0.413 3.30271
0.414 3.30337
0.415 3.30403
0.416 3.30469
0.417 3.30534
0.418 3.30599
0.419 3.30663
0.42 3.30728
0.421 3.30792
0.422 3.30855
0.423 3.30919
0.424 3.30982
0.425 3.31045
0.426 3.31108
0.427 3.3117
0.428 3.31232
0.429 3.31294
0.43 3.31355
0.431 3.31417
0.432 3.31478
0.433 3.31538
0.434 3.31599
0.435 3.31659
0.436 3.31719
0.437 3.31778
0.438 3.31838
0.439 3.31897
0.44 3.31956
0.441 3.32014
0.442 3.32072
0.443 3.3213
0.444 3.32188
0.445 3.32245
0.446 3.32303
0.447 3.32359
0.448 3.32416
0.449 3.32472
0.45 3.32529
0.451 3.32584
0.452 3.3264
0.453 3.32695
0.454 3.3275
0.455 3.32805
0.456 3.3286
0.457 3.32914
0.458 3.32968
0.459 3.33021
0.46 3.33075
0.461 3.33128
0.462 3.33181
0.463 3.33234
0.464 3.33286
0.465 3.33338
0.466 3.3339
0.467 3.33442
0.468 3.33493
0.469 3.33544
0.47 3.33595
0.471 3.33646
0.472 3.33696
0.473 3.33746
0.474 3.33796
0.475 3.33845
0.476 3.33895
0.477 3.33944
0.478 3.33993
0.479 3.34041
0.48 3.3409
0.481 3.34138
0.482 3.34185
0.483 3.34233
0.484 3.3428
0.485 3.34327
0.486 3.34374
0.487 3.34421
0.488 3.34467
0.489 3.34513
0.49 3.34559
0.491 3.34604
0.492 3.3465
0.493 3.34695
0.494 3.3474
0.495 3.34784
0.496 3.34828
0.497 3.34872
0.498 3.34916
0.499 3.3496
0.5 3.35003
0.501 3.35046
0.502 3.35089
0.503 3.35132
0.504 3.35174
0.505 3.35216
0.506 3.35258
0.507 3.353
0.508 3.35341
0.509 3.35382
0.51 3.35423
0.511 3.35464
0.512 3.35504
0.513 3.35544
0.514 3.35584
0.515 3.35624
0.516 3.35663
0.517 3.35702
0.518 3.35741
0.519 3.3578
0.52 3.35818
0.521 3.35856
0.522 3.35894
0.523 3.35932
0.524 3.3597
0.525 3.36007
0.526 3.36044
0.527 3.3608
0.528 3.36117
0.529 3.36153
0.53 3.36189
0.531 3.36225
0.532 3.3626
0.533 3.36296
0.534 3.36331
0.535 3.36365
0.536 3.364
0.537 3.36434
0.538 3.36468
0.539 3.36502
0.54 3.36536
0.541 3.36569
0.542 3.36602
0.543 3.36635
0.544 3.36667
0.545 3.36699
0.546 3.36731
0.547 3.36763
0.548 3.36795
0.549 3.36826
0.55 3.36857
0.551 3.36888
0.552 3.36919
0.553 3.36949
0.554 3.36979
0.555 3.37009
0.556 3.37038
0.557 3.37067
0.558 3.37096
0.559 3.37125
0.56 3.37154
0.561 3.37182
0.562 3.3721
0.563 3.37238
0.564 3.37265
0.565 3.37293
0.566 3.37319
0.567 3.37346
0.568 3.37373
0.569 3.37399
0.57 3.37425
0.571 3.3745
0.572 3.37476
0.573 3.37501
0.574 3.37526
0.575 3.37551
0.576 3.37575
0.577 3.37599
0.578 3.37623
0.579 3.37646
0.58 3.3767
0.581 3.37693
0.582 3.37715
0.583 3.37738
0.584 3.3776
0.585 3.37782
0.586 3.37804
0.587 3.37825
0.588 3.37846
0.589 3.37867
0.59 3.37887
0.591 3.37908
0.592 3.37928
0.593 3.37947
0.594 3.37967
0.595 3.37986
0.596 3.38005
0.597 3.38023
0.598 3.38042
0.599 3.38059
0.6 3.38077
0.601 3.38095
0.602 3.38112
0.603 3.38128
0.604 3.38145
0.605 3.38161
0.606 3.38177
0.607 3.38193
0.608 3.38208
0.609 3.38223
0.61 3.38238
0.611 3.38252
0.612 3.38266
0.613 3.3828
0.614 3.38293
0.615 3.38306
0.616 3.38319
0.617 3.38332
0.618 3.38344
0.619 3.38356
0.62 3.38367
0.621 3.38379
0.622 3.38389
0.623 3.384
0.624 3.3841
0.625 3.3842
0.626 3.3843
0.627 3.38439
0.628 3.38448
0.629 3.38456
0.63 3.38464
0.631 3.38472
0.632 3.3848
0.633 3.38487
0.634 3.38494
0.635 3.385
0.636 3.38506
0.637 3.38512
0.638 3.38517
0.639 3.38522
0.64 3.38527
0.641 3.38531
0.642 3.38535
0.643 3.38538
0.644 3.38541
0.645 3.38544
0.646 3.38546
0.647 3.38548
0.648 3.38549
0.649 3.3855
0.65 3.38551
0.651 3.38551
0.652 3.38551
0.653 3.38551
0.654 3.3855
0.655 3.38548
0.656 3.38546
0.657 3.38544
0.658 3.38541
0.659 3.38538
0.66 3.38534
0.661 3.3853
0.662 3.38526
0.663 3.38521
0.664 3.38515
0.665 3.38509
0.666 3.38503
0.667 3.38496
0.668 3.38489
0.669 3.38481
0.67 3.38473
0.671 3.38464
0.672 3.38454
0.673 3.38444
0.674 3.38434
0.675 3.38423
0.676 3.38411
0.677 3.38399
0.678 3.38387
0.679 3.38373
0.68 3.3836
0.681 3.38345
0.682 3.3833
0.683 3.38315
0.684 3.38299
0.685 3.38282
0.686 3.38265
0.687 3.38247
0.688 3.38228
0.689 3.38209
0.69 3.38189
0.691 3.38169
0.692 3.38148
0.693 3.38126
0.694 3.38103
0.695 3.3808
0.696 3.38056
0.697 3.38031
0.698 3.38006
0.699 3.3798
0.7 3.37953
0.701 3.37925
0.702 3.37897
0.703 3.37867
0.704 3.37837
0.705 3.37806
0.706 3.37775
0.707 3.37742
0.708 3.37709
0.709 3.37675
0.71 3.37639
0.711 3.37603
0.712 3.37566
0.713 3.37529
0.714 3.3749
0.715 3.3745
0.716 3.37409
0.717 3.37368
0.718 3.37325
0.719 3.37281
0.72 3.37237
0.721 3.37191
0.722 3.37144
0.723 3.37096
0.724 3.37047
0.725 3.36997
0.726 3.36946
0.727 3.36893
0.728 3.3684
0.729 3.36785
0.73 3.36729
0.731 3.36672
0.732 3.36613
0.733 3.36553
0.734 3.36492
0.735 3.3643
0.736 3.36367
0.737 3.36302
0.738 3.36235
0.739 3.36168
0.74 3.36098
0.741 3.36028
0.742 3.35956
0.743 3.35882
0.744 3.35808
0.745 3.35731
0.746 3.35653
0.747 3.35574
0.748 3.35493
0.749 3.3541
0.75 3.35326
0.751 3.3524
0.752 3.35152
0.753 3.35063
0.754 3.34972
0.755 3.34879
0.756 3.34785
0.757 3.34689
0.758 3.34591
0.759 3.34491
0.76 3.34389
0.761 3.34286
0.762 3.34181
0.763 3.34074
0.764 3.33965
0.765 3.33854
0.766 3.33741
0.767 3.33626
0.768 3.33509
0.769 3.3339
0.77 3.33269
0.771 3.33146
0.772 3.33022
0.773 3.32895
0.774 3.32766
0.775 3.32634
0.776 3.32501
0.777 3.32366
0.778 3.32229
0.779 3.32089
0.78 3.31947
0.781 3.31803
0.782 3.31657
0.783 3.31509
0.784 3.31359
0.785 3.31206
0.786 3.31051
0.787 3.30895
0.788 3.30735
0.789 3.30574
0.79 3.30411
0.791 3.30245
0.792 3.30077
0.793 3.29907
0.794 3.29734
0.795 3.2956
0.796 3.29383
0.797 3.29204
0.798 3.29023
0.799 3.2884
0.8 3.28655
0.801 3.28467
0.802 3.28278
0.803 3.28086
0.804 3.27892
0.805 3.27696
0.806 3.27498
0.807 3.27299
0.808 3.27097
0.809 3.26893
0.81 3.26687
0.811 3.26479
0.812 3.26269
0.813 3.26058
0.814 3.25844
0.815 3.25629
0.816 3.25412
0.817 3.25193
0.818 3.24973
0.819 3.24751
0.82 3.24527
0.821 3.24301
0.822 3.24075
0.823 3.23846
0.824 3.23616
0.825 3.23385
0.826 3.23152
0.827 3.22918
0.828 3.22683
0.829 3.22446
0.83 3.22209
0.831 3.2197
0.832 3.2173
0.833 3.21489
0.834 3.21247
0.835 3.21005
0.836 3.20761
0.837 3.20517
0.838 3.20272
0.839 3.20026
0.84 3.19779
0.841 3.19532
0.842 3.19285
0.843 3.19037
0.844 3.18789
0.845 3.1854
0.846 3.18291
0.847 3.18042
0.848 3.17793
0.849 3.17544
0.85 3.17295
0.851 3.17045
0.852 3.16796
0.853 3.16547
0.854 3.16299
0.855 3.1605
0.856 3.15802
0.857 3.15554
0.858 3.15307
0.859 3.15061
0.86 3.14815
0.861 3.14569
0.862 3.14324
0.863 3.1408
0.864 3.13837
0.865 3.13595
0.866 3.13354
0.867 3.13113
0.868 3.12874
0.869 3.12636
0.87 3.12399
0.871 3.12163
0.872 3.11928
0.873 3.11694
0.874 3.11462
0.875 3.11232
0.876 3.11002
0.877 3.10774
0.878 3.10548
0.879 3.10323
0.88 3.10099
0.881 3.09878
0.882 3.09658
0.883 3.09439
0.884 3.09222
0.885 3.09007
0.886 3.08794
0.887 3.08582
0.888 3.08373
0.889 3.08165
0.89 3.07959
0.891 3.07755
0.892 3.07553
0.893 3.07353
0.894 3.07154
0.895 3.06958
0.896 3.06764
0.897 3.06571
0.898 3.06381
0.899 3.06193
0.9 3.06007
0.901 3.05822
0.902 3.0564
0.903 3.0546
0.904 3.05282
0.905 3.05106
0.906 3.04933
0.907 3.04761
0.908 3.04591
0.909 3.04424
0.91 3.04258
0.911 3.04095
0.912 3.03934
0.913 3.03775
0.914 3.03618
0.915 3.03463
0.916 3.0331
0.917 3.03159
0.918 3.0301
0.919 3.02863
0.92 3.02719
0.921 3.02576
0.922 3.02435
0.923 3.02297
0.924 3.0216
0.925 3.02026
0.926 3.01893
0.927 3.01762
0.928 3.01634
0.929 3.01507
0.93 3.01382
0.931 3.01259
0.932 3.01138
0.933 3.01019
0.934 3.00902
0.935 3.00787
0.936 3.00673
0.937 3.00561
0.938 3.00451
0.939 3.00343
0.94 3.00237
0.941 3.00132
0.942 3.0003
0.943 2.99928
0.944 2.99829
0.945 2.99731
0.946 2.99635
0.947 2.99541
0.948 2.99448
0.949 2.99357
0.95 2.99267
0.951 2.99179
0.952 2.99093
0.953 2.99008
0.954 2.98924
0.955 2.98842
0.956 2.98762
0.957 2.98683
0.958 2.98605
0.959 2.98529
0.96 2.98454
0.961 2.98381
0.962 2.98309
0.963 2.98238
0.964 2.98169
0.965 2.98101
0.966 2.98035
0.967 2.97969
0.968 2.97905
0.969 2.97842
0.97 2.97781
0.971 2.9772
0.972 2.97661
0.973 2.97603
0.974 2.97546
0.975 2.9749
0.976 2.97435
0.977 2.97382
0.978 2.97329
0.979 2.97278
0.98 2.97228
0.981 2.97179
0.982 2.9713
0.983 2.97083
0.984 2.97037
0.985 2.96992
0.986 2.96948
0.987 2.96904
0.988 2.96862
0.989 2.96821
0.99 2.9678
0.991 2.96741
0.992 2.96702
0.993 2.96664
0.994 2.96627
0.995 2.96591
0.996 2.96556
0.997 2.96522
0.998 2.96488
0.999 2.96455
1 2.96423
1.001 5
