0 0
0.001 0.427299
0.002 0.433287
0.003 0.439284
0.004 0.445289
0.005 0.451303
0.006 0.457326
0.007 0.463356
0.008 0.469394
0.009 0.475439
0.01 0.48149
0.011 0.487549
0.012 0.493613
0.013 0.499683
0.014 0.505759
0.015 0.51184
0.016 0.517926
0.017 0.524016
0.018 0.53011
0.019 0.536207
0.02 0.542308
0.021 0.548412
0.022 0.554519
0.023 0.560627
0.024 0.566738
0.025 0.57285
0.026 0.578962
0.027 0.585076
0.028 0.59119
0.029 0.597304
0.03 0.603417
0.031 0.609529
0.032 0.61564
0.033 0.62175
0.034 0.627858
0.035 0.633963
0.036 0.640065
0.037 0.646164
0.038 0.65226
0.039 0.658352
0.04 0.664439
0.041 0.670522
0.042 0.6766
0.043 0.682673
0.044 0.688739
0.045 0.6948
0.046 0.700854
0.047 0.706901
0.048 0.712942
0.049 0.718974
0.05 0.724999
0.051 0.731015
0.052 0.737023
0.053 0.743022
0.054 0.749012
0.055 0.754992
0.056 0.760962
0.057 0.766922
0.058 0.772872
0.059 0.77881
0.06 0.784738
0.061 0.790654
0.062 0.796558
0.063 0.802451
0.064 0.808331
0.065 0.814198
0.066 0.820053
0.067 0.825895
0.068 0.831723
0.069 0.837538
0.07 0.843339
0.071 0.849126
0.072 0.854898
0.073 0.860657
0.074 0.8664
0.075 0.872129
0.076 0.877842
0.077 0.88354
0.078 0.889223
0.079 0.89489
0.08 0.900541
0.081 0.906176
0.082 0.911795
0.083 0.917397
0.084 0.922984
0.085 0.928553
0.086 0.934106
0.087 0.939642
0.088 0.945161
0.089 0.950664
0.09 0.956149
0.091 0.961616
0.092 0.967067
0.093 0.9725
0.094 0.977915
0.095 0.983314
0.096 0.988694
0.097 0.994057
0.098 0.999402
0.099 1.00473
0.1 1.01004
0.101 1.01533
0.102 1.02061
0.103 1.02586
0.104 1.0311
0.105 1.03632
0.106 1.04152
0.107 1.04671
0.108 1.05188
0.109 1.05703
0.11 1.06216
0.111 1.06727
0.112 1.07237
0.113 1.07745
0.114 1.08251
0.115 1.08755
0.116 1.09258
0.117 1.09759
0.118 1.10258
0.119 1.10756
0.12 1.11251
0.121 1.11745
0.122 1.12238
0.123 1.12728
0.124 1.13217
0.125 1.13704
0.126 1.1419
0.127 1.14674
0.128 1.15156
0.129 1.15637
0.13 1.16116
0.131 1.16593
0.132 1.17069
0.133 1.17543
0.134 1.18016
0.135 1.18487
0.136 1.18956
0.137 1.19424
0.138 1.1989
0.139 1.20355
0.14 1.20818
0.141 1.2128
0.142 1.21741
0.143 1.22199
0.144 1.22657
0.145 1.23113
0.146 1.23567
0.147 1.2402
0.148 1.24472
0.149 1.24922
0.15 1.2537
0.151 1.25818
0.152 1.26264
0.153 1.26709
0.154 1.27152
0.155 1.27594
0.156 1.28034
0.157 1.28474
0.158 1.28912
0.159 1.29349
0.16 1.29784
0.161 1.30218
0.162 1.30651
0.163 1.31083
0.164 1.31514
0.165 1.31943
0.166 1.32371
0.167 1.32798
0.168 1.33224
0.169 1.33649
0.17 1.34072
0.171 1.34495
0.172 1.34916
0.173 1.35336
0.174 1.35755
0.175 1.36173
0.176 1.3659
0.177 1.37006
0.178 1.37421
0.179 1.37835
0.18 1.38248
0.181 1.3866
0.182 1.3907
0.183 1.3948
0.184 1.39889
0.185 1.40297
0.186 1.40704
0.187 1.4111
0.188 1.41515
0.189 1.41919
0.19 1.42322
0.191 1.42724
0.192 1.43126
0.193 1.43526
0.194 1.43926
0.195 1.44325
0.196 1.44723
0.197 1.4512
0.198 1.45517
0.199 1.45912
0.2 1.46307
0.201 1.46701
0.202 1.47094
0.203 1.47486
0.204 1.47878
0.205 1.48269
0.206 1.48659
0.207 1.49049
0.208 1.49437
0.209 1.49826
0.21 1.50213
0.211 1.506
0.212 1.50985
0.213 1.51371
0.214 1.51755
0.215 1.52139
0.216 1.52523
0.217 1.52906
0.218 1.53288
0.219 1.53669
0.22 1.5405
0.221 1.5443
0.222 1.5481
0.223 1.55189
0.224 1.55568
0.225 1.55946
0.226 1.56324
0.227 1.56701
0.228 1.57077
0.229 1.57453
0.23 1.57828
0.231 1.58203
0.232 1.58578
0.233 1.58952
0.234 1.59325
0.235 1.59698
0.236 1.60071
0.237 1.60443
0.238 1.60814
0.239 1.61185
0.24 1.61556
0.241 1.61927
0.242 1.62297
0.243 1.62666
0.244 1.63035
0.245 1.63404
0.246 1.63772
0.247 1.6414
0.248 1.64508
0.249 1.64875
0.25 1.65242
0.251 1.65609
0.252 1.65975
0.253 1.66341
0.254 1.66707
0.255 1.67072
0.256 1.67437
0.257 1.67802
0.258 1.68166
0.259 1.6853
0.26 1.68894
0.261 1.69258
0.262 1.69621
0.263 1.69984
0.264 1.70347
0.265 1.70709
0.266 1.71072
0.267 1.71434
0.268 1.71796
0.269 1.72157
0.27 1.72519
0.271 1.7288
0.272 1.73241
0.273 1.73602
0.274 1.73963
0.275 1.74323
0.276 1.74683
0.277 1.75044
0.278 1.75403
0.279 1.75763
0.28 1.76123
0.281 1.76482
0.282 1.76842
0.283 1.77201
0.284 1.7756
0.285 1.77919
0.286 1.78278
0.287 1.78637
0.288 1.78995
0.289 1.79354
0.29 1.79712
0.291 1.8007
0.292 1.80429
0.293 1.80787
0.294 1.81145
0.295 1.81503
0.296 1.81861
0.297 1.82219
0.298 1.82576
0.299 1.82934
0.3 1.83292
0.301 1.83649
0.302 1.84007
0.303 1.84364
0.304 1.84722
0.305 1.85079
0.306 1.85437
0.307 1.85794
0.308 1.86152
0.309 1.86509
0.31 1.86866
0.311 1.87224
0.312 1.87581
0.313 1.87939
0.314 1.88296
0.315 1.88653
0.316 1.89011
0.317 1.89368
0.318 1.89726
0.319 1.90083
0.32 1.9044
0.321 1.90798
0.322 1.91156
0.323 1.91513
0.324 1.91871
0.325 1.92228
0.326 1.92586
0.327 1.92944
0.328 1.93302
0.329 1.9366
0.33 1.94018
0.331 1.94376
0.332 1.94734
0.333 1.95092
0.334 1.9545
0.335 1.95809
0.336 1.96167
0.337 1.96526
0.338 1.96884
0.339 1.97243
0.34 1.97602
0.341 1.97961
0.342 1.9832
0.343 1.98679
0.344 1.99039
0.345 1.99398
0.346 1.99757
0.347 2.00117
0.348 2.00477
0.349 2.00837
0.35 2.01197
0.351 2.01557
0.352 2.01918
0.353 2.02278
0.354 2.02639
0.355 2.03
0.356 2.03361
0.357 2.03722
0.358 2.04083
0.359 2.04444
0.36 2.04806
0.361 2.05168
0.362 2.0553
0.363 2.05892
0.364 2.06255
0.365 2.06617
0.366 2.0698
0.367 2.07343
0.368 2.07706
0.369 2.0807
0.37 2.08433
0.371 2.08797
0.372 2.09161
0.373 2.09526
0.374 2.0989
0.375 2.10255
0.376 2.1062
0.377 2.10986
0.378 2.11351
0.379 2.11717
0.38 2.12083
0.381 2.12449
0.382 2.12816
0.383 2.13183
0.384 2.1355
0.385 2.13918
0.386 2.14285
0.387 2.14654
0.388 2.15022
0.389 2.15391
0.39 2.1576
0.391 2.16129
0.392 2.16499
0.393 2.16868
0.394 2.17239
0.395 2.17609
0.396 2.1798
0.397 2.18352
0.398 2.18723
0.399 2.19096
0.4 2.19468
0.401 2.19841
0.402 2.20214
0.403 2.20588
0.404 2.20962
0.405 2.21336
0.406 2.21711
0.407 2.22086
0.408 2.22461
0.409 2.22838
0.41 2.23214
0.411 2.23591
0.412 2.23968
0.413 2.24346
0.414 2.24724
0.415 2.25103
0.416 2.25482
0.417 2.25862
0.418 2.26242
0.419 2.26623
0.42 2.27004
0.421 2.27386
0.422 2.27768
0.423 2.28151
0.424 2.28534
0.425 2.28918
0.426 2.29302
0.427 2.29687
0.428 2.30072
0.429 2.30458
0.43 2.30845
0.431 2.31232
0.432 2.3162
0.433 2.32009
0.434 2.32398
0.435 2.32787
0.436 2.33178
0.437 2.33569
0.438 2.3396
0.439 2.34352
0.44 2.34745
0.441 2.35139
0.442 2.35533
0.443 2.35928
0.444 2.36324
0.445 2.3672
0.446 2.37117
0.447 2.37515
0.448 2.37914
0.449 2.38313
0.45 2.38713
0.451 2.39114
0.452 2.39516
0.453 2.39919
0.454 2.40322
0.455 2.40726
0.456 2.41131
0.457 2.41537
0.458 2.41944
0.459 2.42351
0.46 2.42759
0.461 2.43169
0.462 2.43579
0.463 2.4399
0.464 2.44402
0.465 2.44815
0.466 2.45229
0.467 2.45644
0.468 2.46059
0.469 2.46476
0.47 2.46894
0.471 2.47313
0.472 2.47733
0.473 2.48153
0.474 2.48575
0.475 2.48998
0.476 2.49422
0.477 2.49847
0.478 2.50274
0.479 2.50701
0.48 2.51129
0.481 2.51559
0.482 2.51989
0.483 2.52421
0.484 2.52854
0.485 2.53289
0.486 2.53724
0.487 2.54161
0.488 2.54599
0.489 2.55038
0.49 2.55478
0.491 2.5592
0.492 2.56363
0.493 2.56807
0.494 2.57253
0.495 2.577
0.496 2.58148
0.497 2.58598
0.498 2.59049
0.499 2.59501
0.5 2.59955
0.501 2.60411
0.502 2.60868
0.503 2.61326
0.504 2.61786
0.505 2.62247
0.506 2.6271
0.507 2.63174
0.508 2.6364
0.509 2.64107
0.51 2.64577
0.511 2.65047
0.512 2.6552
0.513 2.65994
0.514 2.66469
0.515 2.66947
0.516 2.67426
0.517 2.67906
0.518 2.68389
0.519 2.68873
0.52 2.69359
0.521 2.69847
0.522 2.70337
0.523 2.70828
0.524 2.71322
0.525 2.71817
0.526 2.72314
0.527 2.72813
0.528 2.73314
0.529 2.73817
0.53 2.74322
0.531 2.74829
0.532 2.75338
0.533 2.75849
0.534 2.76362
0.535 2.76878
0.536 2.77395
0.537 2.77914
0.538 2.78436
0.539 2.7896
0.54 2.79486
0.541 2.80014
0.542 2.80545
0.543 2.81078
0.544 2.81613
0.545 2.8215
0.546 2.8269
0.547 2.83233
0.548 2.83777
0.549 2.84324
0.55 2.84874
0.551 2.85426
0.552 2.8598
0.553 2.86537
0.554 2.87097
0.555 2.87659
0.556 2.88224
0.557 2.88791
0.558 2.89362
0.559 2.89934
0.56 2.9051
0.561 2.91088
0.562 2.91669
0.563 2.92253
0.564 2.9284
0.565 2.9343
0.566 2.94022
0.567 2.94618
0.568 2.95216
0.569 2.95817
0.57 2.96422
0.571 2.97029
0.572 2.9764
0.573 2.98254
0.574 2.9887
0.575 2.9949
0.576 3.00113
0.577 3.0074
0.578 3.0137
0.579 3.02003
0.58 3.02639
0.581 3.03279
0.582 3.03922
0.583 3.04568
0.584 3.05218
0.585 3.05872
0.586 3.06529
0.587 3.07189
0.588 3.07854
0.589 3.08522
0.59 3.09193
0.591 3.09868
0.592 3.10548
0.593 3.1123
0.594 3.11917
0.595 3.12608
0.596 3.13302
0.597 3.14
0.598 3.14703
0.599 3.15409
0.6 3.1612
0.601 3.16834
0.602 3.17553
0.603 3.18276
0.604 3.19003
0.605 3.19734
0.606 3.2047
0.607 3.2121
0.608 3.21954
0.609 3.22703
0.61 3.23456
0.611 3.24214
0.612 3.24976
0.613 3.25743
0.614 3.26514
0.615 3.2729
0.616 3.28071
0.617 3.28857
0.618 3.29647
0.619 3.30443
0.62 3.31243
0.621 3.32048
0.622 3.32858
0.623 3.33673
0.624 3.34493
0.625 3.35319
0.626 3.36149
0.627 3.36985
0.628 3.37826
0.629 3.38672
0.63 3.39523
0.631 3.4038
0.632 3.41243
0.633 3.42111
0.634 3.42984
0.635 3.43863
0.636 3.44748
0.637 3.45638
0.638 3.46534
0.639 3.47436
0.64 3.48344
0.641 3.49258
0.642 3.50177
0.643 3.51103
0.644 3.52034
0.645 3.52972
0.646 3.53915
0.647 3.54865
0.648 3.55821
0.649 3.56784
0.65 3.57752
0.651 3.58727
0.652 3.59709
0.653 3.60697
0.654 3.61691
0.655 3.62692
0.656 3.637
0.657 3.64714
0.658 3.65735
0.659 3.66763
0.66 3.67798
0.661 3.68839
0.662 3.69888
0.663 3.70943
0.664 3.72005
0.665 3.73075
0.666 3.74152
0.667 3.75235
0.668 3.76326
0.669 3.77424
0.67 3.7853
0.671 3.79643
0.672 3.80763
0.673 3.81891
0.674 3.83026
0.675 3.84169
0.676 3.85319
0.677 3.86477
0.678 3.87643
0.679 3.88816
0.68 3.89997
0.681 3.91186
0.682 3.92383
0.683 3.93588
0.684 3.948
0.685 3.96021
0.686 3.97249
0.687 3.98486
0.688 3.99731
0.689 4.00984
0.69 4.02245
0.691 4.03514
0.692 4.04791
0.693 4.06077
0.694 4.07371
0.695 4.08673
0.696 4.09984
0.697 4.11303
0.698 4.12631
0.699 4.13967
0.7 4.15311
0.701 4.16664
0.702 4.18025
0.703 4.19395
0.704 4.20774
0.705 4.22161
0.706 4.23557
0.707 4.24961
0.708 4.26374
0.709 4.27796
0.71 4.29226
0.711 4.30665
0.712 4.32112
0.713 4.33569
0.714 4.35034
0.715 4.36507
0.716 4.37989
0.717 4.3948
0.718 4.4098
0.719 4.42488
0.72 4.44005
0.721 4.45531
0.722 4.47065
0.723 4.48608
0.724 4.50159
0.725 4.51719
0.726 4.53288
0.727 4.54865
0.728 4.56451
0.729 4.58045
0.73 4.59647
0.731 4.61258
0.732 4.62877
0.733 4.64505
0.734 4.66141
0.735 4.67785
0.736 4.69437
0.737 4.71098
0.738 4.72766
0.739 4.74443
0.74 4.76127
0.741 4.77819
0.742 4.79519
0.743 4.81227
0.744 4.82943
0.745 4.84666
0.746 4.86397
0.747 4.88135
0.748 4.8988
0.749 4.91633
0.75 4.93393
0.751 4.95159
0.752 4.96933
0.753 4.98714
0.754 5.00501
0.755 5.02295
0.756 5.04096
0.757 5.05903
0.758 5.07716
0.759 5.09535
0.76 5.1136
0.761 5.13191
0.762 5.15028
0.763 5.16871
0.764 5.18719
0.765 5.20572
0.766 5.2243
0.767 5.24293
0.768 5.26162
0.769 5.28034
0.77 5.29912
0.771 5.31793
0.772 5.33679
0.773 5.35569
0.774 5.37463
0.775 5.3936
0.776 5.41261
0.777 5.43165
0.778 5.45072
0.779 5.46981
0.78 5.48894
0.781 5.50809
0.782 5.52726
0.783 5.54645
0.784 5.56566
0.785 5.58489
0.786 5.60413
0.787 5.62339
0.788 5.64265
0.789 5.66192
0.79 5.6812
0.791 5.70048
0.792 5.71976
0.793 5.73903
0.794 5.75831
0.795 5.77757
0.796 5.79683
0.797 5.81608
0.798 5.83532
0.799 5.85453
0.8 5.87373
0.801 5.89291
0.802 5.91207
0.803 5.9312
0.804 5.9503
0.805 5.96937
0.806 5.98841
0.807 6.00741
0.808 6.02637
0.809 6.0453
0.81 6.06417
0.811 6.08301
0.812 6.10179
0.813 6.12053
0.814 6.13921
0.815 6.15783
0.816 6.1764
0.817 6.19491
0.818 6.21335
0.819 6.23173
0.82 6.25004
0.821 6.26828
0.822 6.28644
0.823 6.30453
0.824 6.32254
0.825 6.34047
0.826 6.35832
0.827 6.37609
0.828 6.39376
0.829 6.41135
0.83 6.42885
0.831 6.44625
0.832 6.46356
0.833 6.48076
0.834 6.49787
0.835 6.51487
0.836 6.53177
0.837 6.54856
0.838 6.56525
0.839 6.58182
0.84 6.59828
0.841 6.61463
0.842 6.63086
0.843 6.64697
0.844 6.66296
0.845 6.67883
0.846 6.69457
0.847 6.71019
0.848 6.72569
0.849 6.74105
0.85 6.75629
0.851 6.7714
0.852 6.78637
0.853 6.80121
0.854 6.81591
0.855 6.83048
0.856 6.84491
0.857 6.8592
0.858 6.87335
0.859 6.88736
0.86 6.90122
0.861 6.91495
0.862 6.92853
0.863 6.94197
0.864 6.95526
0.865 6.9684
0.866 6.9814
0.867 6.99425
0.868 7.00695
0.869 7.01951
0.87 7.03191
0.871 7.04417
0.872 7.05627
0.873 7.06823
0.874 7.08004
0.875 7.09169
0.876 7.1032
0.877 7.11455
0.878 7.12576
0.879 7.13681
0.88 7.14772
0.881 7.15847
0.882 7.16907
0.883 7.17953
0.884 7.18983
0.885 7.19999
0.886 7.20999
0.887 7.21985
0.888 7.22956
0.889 7.23912
0.89 7.24853
0.891 7.2578
0.892 7.26692
0.893 7.2759
0.894 7.28473
0.895 7.29342
0.896 7.30197
0.897 7.31037
0.898 7.31863
0.899 7.32675
0.9 7.33474
0.901 7.34258
0.902 7.35029
0.903 7.35786
0.904 7.36529
0.905 7.37259
0.906 7.37976
0.907 7.38679
0.908 7.39369
0.909 7.40046
0.91 7.40711
0.911 7.41362
0.912 7.42001
0.913 7.42628
0.914 7.43242
0.915 7.43844
0.916 7.44433
0.917 7.45011
0.918 7.45576
0.919 7.4613
0.92 7.46673
0.921 7.47203
0.922 7.47723
0.923 7.48231
0.924 7.48728
0.925 7.49214
0.926 7.4969
0.927 7.50155
0.928 7.50609
0.929 7.51052
0.93 7.51486
0.931 7.51909
0.932 7.52323
0.933 7.52726
0.934 7.5312
0.935 7.53504
0.936 7.53879
0.937 7.54244
0.938 7.546
0.939 7.54948
0.94 7.55286
0.941 7.55616
0.942 7.55936
0.943 7.56249
0.944 7.56553
0.945 7.56849
0.946 7.57136
0.947 7.57416
0.948 7.57688
0.949 7.57952
0.95 7.58208
0.951 7.58457
0.952 7.58699
0.953 7.58933
0.954 7.59161
0.955 7.59381
0.956 7.59595
0.957 7.59801
0.958 7.60001
0.959 7.60195
0.96 7.60382
0.961 7.60563
0.962 7.60738
0.963 7.60906
0.964 7.61069
0.965 7.61226
0.966 7.61377
0.967 7.61522
0.968 7.61662
0.969 7.61797
0.97 7.61926
0.971 7.6205
0.972 7.62169
0.973 7.62283
0.974 7.62391
0.975 7.62495
0.976 7.62595
0.977 7.62689
0.978 7.62779
0.979 7.62865
0.98 7.62946
0.981 7.63023
0.982 7.63096
0.983 7.63164
0.984 7.63229
0.985 7.63289
0.986 7.63346
0.987 7.63398
0.988 7.63448
0.989 7.63493
0.99 7.63535
0.991 7.63573
0.992 7.63608
0.993 7.63639
0.994 7.63667
0.995 7.63692
0.996 7.63714
0.997 7.63733
0.998 7.63748
0.999 7.63761
1 7.63771
1.001 0
