0 -10
0.001 -6.07728
0.002 -6.06351
0.003 -6.04973
0.004 -6.03592
0.005 -6.0221
0.006 -6.00825
0.007 -5.99439
0.008 -5.98051
0.009 -5.96661
0.01 -5.95269
0.011 -5.93876
0.012 -5.92481
0.013 -5.91085
0.014 -5.89687
0.015 -5.88289
0.016 -5.86889
0.017 -5.85487
0.018 -5.84085
0.019 -5.82682
0.02 -5.81277
0.021 -5.79872
0.022 -5.78467
0.023 -5.7706
0.024 -5.75653
0.025 -5.74245
0.026 -5.72837
0.027 -5.71428
0.028 -5.70019
0.029 -5.6861
0.03 -5.67201
0.031 -5.65792
0.032 -5.64383
0.033 -5.62974
0.034 -5.61565
0.035 -5.60156
0.036 -5.58748
0.037 -5.5734
0.038 -5.55933
0.039 -5.54526
0.04 -5.5312
0.041 -5.51715
0.042 -5.5031
0.043 -5.48907
0.044 -5.47504
0.045 -5.46103
0.046 -5.44703
0.047 -5.43304
0.048 -5.41906
0.049 -5.4051
0.05 -5.39115
0.051 -5.37722
0.052 -5.36331
0.053 -5.34941
0.054 -5.33553
0.055 -5.32167
0.056 -5.30783
0.057 -5.29401
0.058 -5.28021
0.059 -5.26643
0.06 -5.25267
0.061 -5.23894
0.062 -5.22523
0.063 -5.21155
0.064 -5.19789
0.065 -5.18426
0.066 -5.17065
0.067 -5.15707
0.068 -5.14352
0.069 -5.13
0.07 -5.1165
0.071 -5.10304
0.072 -5.08961
0.073 -5.0762
0.074 -5.06283
0.075 -5.04949
0.076 -5.03619
0.077 -5.02292
0.078 -5.00968
0.079 -4.99647
0.08 -4.9833
0.081 -4.97017
0.082 -4.95707
0.083 -4.944
0.084 -4.93098
0.085 -4.91799
0.086 -4.90503
0.087 -4.89212
0.088 -4.87924
0.089 -4.8664
0.09 -4.85361
0.091 -4.84085
0.092 -4.82813
0.093 -4.81545
0.094 -4.80281
0.095 -4.79021
0.096 -4.77765
0.097 -4.76513
0.098 -4.75265
0.099 -4.74022
0.1 -4.72783
0.101 -4.71547
0.102 -4.70317
0.103 -4.6909
0.104 -4.67868
0.105 -4.6665
0.106 -4.65436
0.107 -4.64226
0.108 -4.63021
0.109 -4.61821
0.11 -4.60624
0.111 -4.59432
0.112 -4.58244
0.113 -4.57061
0.114 -4.55882
0.115 -4.54708
0.116 -4.53537
0.117 -4.52372
0.118 -4.5121
0.119 -4.50053
0.12 -4.48901
0.121 -4.47753
0.122 -4.46609
0.123 -4.4547
0.124 -4.44335
0.125 -4.43205
0.126 -4.42079
0.127 -4.40957
0.128 -4.3984
0.129 -4.38727
0.13 -4.37619
0.131 -4.36515
0.132 -4.35416
0.133 -4.3432
0.134 -4.3323
0.135 -4.32143
0.136 -4.31061
0.137 -4.29983
0.138 -4.2891
0.139 -4.27841
0.14 -4.26776
0.141 -4.25716
0.142 -4.2466
0.143 -4.23608
0.144 -4.2256
0.145 -4.21517
0.146 -4.20478
0.147 -4.19443
0.148 -4.18413
0.149 -4.17386
0.15 -4.16364
0.151 -4.15346
0.152 -4.14332
0.153 -4.13323
0.154 -4.12317
0.155 -4.11316
0.156 -4.10319
0.157 -4.09326
0.158 -4.08337
0.159 -4.07352
0.16 -4.06371
0.161 -4.05394
0.162 -4.04422
0.163 -4.03453
0.164 -4.02488
0.165 -4.01527
0.166 -4.0057
0.167 -3.99618
0.168 -3.98669
0.169 -3.97724
0.17 -3.96783
0.171 -3.95845
0.172 -3.94912
0.173 -3.93983
0.174 -3.93057
0.175 -3.92135
0.176 -3.91217
0.177 -3.90303
0.178 -3.89392
0.179 -3.88486
0.18 -3.87583
0.181 -3.86683
0.182 -3.85788
0.183 -3.84896
0.184 -3.84008
0.185 -3.83123
0.186 -3.82242
0.187 -3.81365
0.188 -3.80491
0.189 -3.79621
0.19 -3.78754
0.191 -3.77891
0.192 -3.77031
0.193 -3.76175
0.194 -3.75323
0.195 -3.74473
0.196 -3.73628
0.197 -3.72785
0.198 -3.71947
0.199 -3.71111
0.2 -3.70279
0.201 -3.6945
0.202 -3.68625
0.203 -3.67803
0.204 -3.66984
0.205 -3.66168
0.206 -3.65356
0.207 -3.64547
0.208 -3.63741
0.209 -3.62939
0.21 -3.62139
0.211 -3.61343
0.212 -3.6055
0.213 -3.5976
0.214 -3.58973
0.215 -3.58189
0.216 -3.57408
0.217 -3.56631
0.218 -3.55856
0.219 -3.55085
0.22 -3.54316
0.221 -3.5355
0.222 -3.52788
0.223 -3.52028
0.224 -3.51271
0.225 -3.50517
0.226 -3.49766
0.227 -3.49018
0.228 -3.48273
0.229 -3.4753
0.23 -3.46791
0.231 -3.46054
0.232 -3.45319
0.233 -3.44588
0.234 -3.4386
0.235 -3.43134
0.236 -3.4241
0.237 -3.4169
0.238 -3.40972
0.239 -3.40257
0.24 -3.39544
0.241 -3.38834
0.242 -3.38127
0.243 -3.37422
0.244 -3.3672
0.245 -3.3602
0.246 -3.35323
0.247 -3.34628
0.248 -3.33936
0.249 -3.33246
0.25 -3.32559
0.251 -3.31874
0.252 -3.31192
0.253 -3.30511
0.254 -3.29834
0.255 -3.29159
0.256 -3.28486
0.257 -3.27815
0.258 -3.27147
0.259 -3.26481
0.26 -3.25817
0.261 -3.25156
0.262 -3.24496
0.263 -3.2384
0.264 -3.23185
0.265 -3.22532
0.266 -3.21882
0.267 -3.21234
0.268 -3.20588
0.269 -3.19944
0.27 -3.19302
0.271 -3.18663
0.272 -3.18025
0.273 -3.1739
0.274 -3.16757
0.275 -3.16125
0.276 -3.15496
0.277 -3.14869
0.278 -3.14244
0.279 -3.13621
0.28 -3.12999
0.281 -3.1238
0.282 -3.11763
0.283 -3.11148
0.284 -3.10534
0.285 -3.09923
0.286 -3.09313
0.287 -3.08706
0.288 -3.081
0.289 -3.07496
0.29 -3.06894
0.291 -3.06294
0.292 -3.05695
0.293 -3.05099
0.294 -3.04504
0.295 -3.03911
0.296 -3.0332
0.297 -3.02731
0.298 -3.02143
0.299 -3.01557
0.3 -3.00973
0.301 -3.0039
0.302 -2.9981
0.303 -2.99231
0.304 -2.98653
0.305 -2.98078
0.306 -2.97504
0.307 -2.96931
0.308 -2.96361
0.309 -2.95792
0.31 -2.95224
0.311 -2.94659
0.312 -2.94094
0.313 -2.93532
0.314 -2.92971
0.315 -2.92411
0.316 -2.91853
0.317 -2.91297
0.318 -2.90742
0.319 -2.90189
0.32 -2.89637
0.321 -2.89087
0.322 -2.88538
0.323 -2.87991
0.324 -2.87445
0.325 -2.86901
0.326 -2.86358
0.327 -2.85817
0.328 -2.85277
0.329 -2.84739
0.33 -2.84202
0.331 -2.83666
0.332 -2.83132
0.333 -2.82599
0.334 -2.82067
0.335 -2.81537
0.336 -2.81009
0.337 -2.80481
0.338 -2.79955
0.339 -2.79431
0.34 -2.78908
0.341 -2.78386
0.342 -2.77865
0.343 -2.77346
0.344 -2.76828
0.345 -2.76311
0.346 -2.75795
0.347 -2.75281
0.348 -2.74768
0.349 -2.74256
0.35 -2.73746
0.351 -2.73237
0.352 -2.72729
0.353 -2.72222
0.354 -2.71717
0.355 -2.71212
0.356 -2.70709
0.357 -2.70207
0.358 -2.69706
0.359 -2.69207
0.36 -2.68708
0.361 -2.68211
0.362 -2.67715
0.363 -2.6722
0.364 -2.66726
0.365 -2.66233
0.366 -2.65741
0.367 -2.65251
0.368 -2.64761
0.369 -2.64273
0.37 -2.63785
0.371 -2.63299
0.372 -2.62814
0.373 -2.6233
0.374 -2.61846
0.375 -2.61364
0.376 -2.60883
0.377 -2.60403
0.378 -2.59924
0.379 -2.59446
0.38 -2.58969
0.381 -2.58492
0.382 -2.58017
0.383 -2.57543
0.384 -2.5707
0.385 -2.56597
0.386 -2.56126
0.387 -2.55655
0.388 -2.55186
0.389 -2.54717
0.39 -2.54249
0.391 -2.53782
0.392 -2.53316
0.393 -2.52851
0.394 -2.52387
0.395 -2.51923
0.396 -2.5146
0.397 -2.50999
0.398 -2.50538
0.399 -2.50077
0.4 -2.49618
0.401 -2.49159
0.402 -2.48702
0.403 -2.48244
0.404 -2.47788
0.405 -2.47333
0.406 -2.46878
0.407 -2.46424
0.408 -2.4597
0.409 -2.45518
0.41 -2.45066
0.411 -2.44615
0.412 -2.44164
0.413 -2.43714
0.414 -2.43265
0.415 -2.42817
0.416 -2.42369
0.417 -2.41921
0.418 -2.41475
0.419 -2.41029
0.42 -2.40583
0.421 -2.40139
0.422 -2.39694
0.423 -2.39251
0.424 -2.38808
0.425 -2.38365
0.426 -2.37923
0.427 -2.37482
0.428 -2.37041
0.429 -2.36601
0.43 -2.36161
0.431 -2.35721
0.432 -2.35283
0.433 -2.34844
0.434 -2.34406
0.435 -2.33969
0.436 -2.33532
0.437 -2.33095
0.438 -2.32659
0.439 -2.32223
0.44 -2.31788
0.441 -2.31353
0.442 -2.30918
0.443 -2.30484
0.444 -2.3005
0.445 -2.29617
0.446 -2.29184
0.447 -2.28751
0.448 -2.28319
0.449 -2.27886
0.45 -2.27455
0.451 -2.27023
0.452 -2.26592
0.453 -2.26161
0.454 -2.2573
0.455 -2.25299
0.456 -2.24869
0.457 -2.24439
0.458 -2.24009
0.459 -2.2358
0.46 -2.2315
0.461 -2.22721
0.462 -2.22292
0.463 -2.21863
0.464 -2.21434
0.465 -2.21005
0.466 -2.20577
0.467 -2.20148
0.468 -2.1972
0.469 -2.19292
0.47 -2.18864
0.471 -2.18436
0.472 -2.18008
0.473 -2.1758
0.474 -2.17152
0.475 -2.16724
0.476 -2.16296
0.477 -2.15868
0.478 -2.1544
0.479 -2.15012
0.48 -2.14584
0.481 -2.14156
0.482 -2.13728
0.483 -2.133
0.484 -2.12871
0.485 -2.12443
0.486 -2.12014
0.487 -2.11586
0.488 -2.11157
0.489 -2.10728
0.49 -2.10299
0.491 -2.0987
0.492 -2.09441
0.493 -2.09011
0.494 -2.08581
0.495 -2.08151
0.496 -2.07721
0.497 -2.07291
0.498 -2.0686
0.499 -2.06429
0.5 -2.05998
0.501 -2.05566
0.502 -2.05134
0.503 -2.04702
0.504 -2.0427
0.505 -2.03837
0.506 -2.03404
0.507 -2.0297
0.508 -2.02536
0.509 -2.02102
0.51 -2.01667
0.511 -2.01232
0.512 -2.00796
0.513 -2.0036
0.514 -1.99924
0.515 -1.99487
0.516 -1.9905
0.517 -1.98612
0.518 -1.98173
0.519 -1.97734
0.52 -1.97295
0.521 -1.96855
0.522 -1.96414
0.523 -1.95973
0.524 -1.95531
0.525 -1.95089
0.526 -1.94646
0.527 -1.94202
0.528 -1.93758
0.529 -1.93313
0.53 -1.92867
0.531 -1.92421
0.532 -1.91974
0.533 -1.91526
0.534 -1.91078
0.535 -1.90629
0.536 -1.90179
0.537 -1.89728
0.538 -1.89276
0.539 -1.88824
0.54 -1.88371
0.541 -1.87917
0.542 -1.87462
0.543 -1.87007
0.544 -1.8655
0.545 -1.86093
0.546 -1.85634
0.547 -1.85175
0.548 -1.84715
0.549 -1.84254
0.55 -1.83792
0.551 -1.83329
0.552 -1.82864
0.553 -1.82399
0.554 -1.81933
0.555 -1.81466
0.556 -1.80998
0.557 -1.80529
0.558 -1.80058
0.559 -1.79587
0.56 -1.79114
0.561 -1.78641
0.562 -1.78166
0.563 -1.7769
0.564 -1.77213
0.565 -1.76734
0.566 -1.76255
0.567 -1.75774
0.568 -1.75292
0.569 -1.74809
0.57 -1.74324
0.571 -1.73838
0.572 -1.73351
0.573 -1.72862
0.574 -1.72373
0.575 -1.71881
0.576 -1.71389
0.577 -1.70895
0.578 -1.70399
0.579 -1.69903
0.58 -1.69404
0.581 -1.68905
0.582 -1.68403
0.583 -1.67901
0.584 -1.67397
0.585 -1.66891
0.586 -1.66384
0.587 -1.65875
0.588 -1.65364
0.589 -1.64852
0.59 -1.64339
0.591 -1.63824
0.592 -1.63307
0.593 -1.62788
0.594 -1.62268
0.595 -1.61746
0.596 -1.61223
0.597 -1.60697
0.598 -1.6017
0.599 -1.59641
0.6 -1.59111
0.601 -1.58578
0.602 -1.58044
0.603 -1.57508
0.604 -1.5697
0.605 -1.5643
0.606 -1.55889
0.607 -1.55345
0.608 -1.548
0.609 -1.54252
0.61 -1.53703
0.611 -1.53151
0.612 -1.52598
0.613 -1.52043
0.614 -1.51485
0.615 -1.50926
0.616 -1.50365
0.617 -1.49801
0.618 -1.49235
0.619 -1.48668
0.62 -1.48098
0.621 -1.47526
0.622 -1.46952
0.623 -1.46375
0.624 -1.45797
0.625 -1.45216
0.626 -1.44633
0.627 -1.44048
0.628 -1.43461
0.629 -1.42871
0.63 -1.42279
0.631 -1.41685
0.632 -1.41088
0.633 -1.40489
0.634 -1.39888
0.635 -1.39285
0.636 -1.38679
0.637 -1.3807
0.638 -1.37459
0.639 -1.36846
0.64 -1.36231
0.641 -1.35613
0.642 -1.34992
0.643 -1.34369
0.644 -1.33744
0.645 -1.33116
0.646 -1.32486
0.647 -1.31853
0.648 -1.31217
0.649 -1.30579
0.65 -1.29939
0.651 -1.29296
0.652 -1.2865
0.653 -1.28002
0.654 -1.27351
0.655 -1.26698
0.656 -1.26042
0.657 -1.25383
0.658 -1.24722
0.659 -1.24059
0.66 -1.23392
0.661 -1.22723
0.662 -1.22052
0.663 -1.21377
0.664 -1.207
0.665 -1.20021
0.666 -1.19339
0.667 -1.18654
0.668 -1.17967
0.669 -1.17276
0.67 -1.16584
0.671 -1.15888
0.672 -1.1519
0.673 -1.1449
0.674 -1.13787
0.675 -1.13081
0.676 -1.12372
0.677 -1.11661
0.678 -1.10947
0.679 -1.10231
0.68 -1.09512
0.681 -1.08791
0.682 -1.08067
0.683 -1.0734
0.684 -1.06611
0.685 -1.0588
0.686 -1.05146
0.687 -1.04409
0.688 -1.0367
0.689 -1.02929
0.69 -1.02185
0.691 -1.01439
0.692 -1.0069
0.693 -0.999392
0.694 -0.99186
0.695 -0.984304
0.696 -0.976726
0.697 -0.969125
0.698 -0.961503
0.699 -0.953858
0.7 -0.946193
0.701 -0.938507
0.702 -0.9308
0.703 -0.923073
0.704 -0.915327
0.705 -0.907561
0.706 -0.899777
0.707 -0.891974
0.708 -0.884154
0.709 -0.876316
0.71 -0.868462
0.711 -0.860591
0.712 -0.852705
0.713 -0.844804
0.714 -0.836889
0.715 -0.82896
0.716 -0.821018
0.717 -0.813064
0.718 -0.805098
0.719 -0.797121
0.72 -0.789134
0.721 -0.781138
0.722 -0.773133
0.723 -0.76512
0.724 -0.7571
0.725 -0.749075
0.726 -0.741044
0.727 -0.733009
0.728 -0.72497
0.729 -0.71693
0.73 -0.708888
0.731 -0.700845
0.732 -0.692804
0.733 -0.684764
0.734 -0.676727
0.735 -0.668694
0.736 -0.660666
0.737 -0.652645
0.738 -0.644631
0.739 -0.636625
0.74 -0.62863
0.741 -0.620646
0.742 -0.612674
0.743 -0.604717
0.744 -0.596774
0.745 -0.588849
0.746 -0.580941
0.747 -0.573053
0.748 -0.565186
0.749 -0.557341
0.75 -0.54952
0.751 -0.541724
0.752 -0.533956
0.753 -0.526216
0.754 -0.518507
0.755 -0.510829
0.756 -0.503185
0.757 -0.495576
0.758 -0.488004
0.759 -0.480471
0.76 -0.472978
0.761 -0.465527
0.762 -0.45812
0.763 -0.45076
0.764 -0.443447
0.765 -0.436183
0.766 -0.428971
0.767 -0.421812
0.768 -0.414709
0.769 -0.407662
0.77 -0.400675
0.771 -0.393749
0.772 -0.386886
0.773 -0.380089
0.774 -0.373358
0.775 -0.366697
0.776 -0.360107
0.777 -0.35359
0.778 -0.347149
0.779 -0.340785
0.78 -0.334501
0.781 -0.328298
0.782 -0.322179
0.783 -0.316146
0.784 -0.310201
0.785 -0.304345
0.786 -0.298583
0.787 -0.292914
0.788 -0.287342
0.789 -0.281868
0.79 -0.276495
0.791 -0.271225
0.792 -0.26606
0.793 -0.261001
0.794 -0.256052
0.795 -0.251214
0.796 -0.246489
0.797 -0.24188
0.798 -0.237387
0.799 -0.233015
0.8 -0.228763
0.801 -0.224635
0.802 -0.220632
0.803 -0.216757
0.804 -0.213011
0.805 -0.209397
0.806 -0.205915
0.807 -0.202568
0.808 -0.199359
0.809 -0.196288
0.81 -0.193357
0.811 -0.190569
0.812 -0.187925
0.813 -0.185427
0.814 -0.183076
0.815 -0.180873
0.816 -0.178822
0.817 -0.176923
0.818 -0.175177
0.819 -0.173587
0.82 -0.172153
0.821 -0.170878
0.822 -0.169761
0.823 -0.168806
0.824 -0.168012
0.825 -0.167382
0.826 -0.166916
0.827 -0.166616
0.828 -0.166483
0.829 -0.166517
0.83 -0.166719
0.831 -0.167092
0.832 -0.167635
0.833 -0.168349
0.834 -0.169235
0.835 -0.170295
0.836 -0.171527
0.837 -0.172934
0.838 -0.174516
0.839 -0.176273
0.84 -0.178205
0.841 -0.180314
0.842 -0.182599
0.843 -0.18506
0.844 -0.187699
0.845 -0.190515
0.846 -0.193507
0.847 -0.196677
0.848 -0.200025
0.849 -0.203549
0.85 -0.207251
0.851 -0.211129
0.852 -0.215184
0.853 -0.219415
0.854 -0.223822
0.855 -0.228405
0.856 -0.233163
0.857 -0.238095
0.858 -0.243202
0.859 -0.248481
0.86 -0.253934
0.861 -0.259558
0.862 -0.265353
0.863 -0.271319
0.864 -0.277453
0.865 -0.283756
0.866 -0.290227
0.867 -0.296863
0.868 -0.303665
0.869 -0.31063
0.87 -0.317759
0.871 -0.325048
0.872 -0.332498
0.873 -0.340106
0.874 -0.347872
0.875 -0.355793
0.876 -0.363869
0.877 -0.372097
0.878 -0.380477
0.879 -0.389006
0.88 -0.397683
0.881 -0.406506
0.882 -0.415474
0.883 -0.424584
0.884 -0.433834
0.885 -0.443224
0.886 -0.45275
0.887 -0.462412
0.888 -0.472207
0.889 -0.482132
0.89 -0.492187
0.891 -0.502369
0.892 -0.512675
0.893 -0.523105
0.894 -0.533655
0.895 -0.544323
0.896 -0.555108
0.897 -0.566008
0.898 -0.577019
0.899 -0.58814
0.9 -0.599368
0.901 -0.610702
0.902 -0.622138
0.903 -0.633676
0.904 -0.645311
0.905 -0.657043
0.906 -0.668869
0.907 -0.680786
0.908 -0.692792
0.909 -0.704885
0.91 -0.717062
0.911 -0.729322
0.912 -0.741661
0.913 -0.754078
0.914 -0.76657
0.915 -0.779135
0.916 -0.79177
0.917 -0.804473
0.918 -0.817242
0.919 -0.830075
0.92 -0.842969
0.921 -0.855922
0.922 -0.868931
0.923 -0.881995
0.924 -0.895111
0.925 -0.908277
0.926 -0.92149
0.927 -0.934749
0.928 -0.948051
0.929 -0.961394
0.93 -0.974776
0.931 -0.988195
0.932 -1.00165
0.933 -1.01513
0.934 -1.02865
0.935 -1.04219
0.936 -1.05576
0.937 -1.06936
0.938 -1.08298
0.939 -1.09661
0.94 -1.11027
0.941 -1.12394
0.942 -1.13763
0.943 -1.15133
0.944 -1.16503
0.945 -1.17875
0.946 -1.19248
0.947 -1.20621
0.948 -1.21994
0.949 -1.23368
0.95 -1.24742
0.951 -1.26115
0.952 -1.27488
0.953 -1.28861
0.954 -1.30233
0.955 -1.31604
0.956 -1.32974
0.957 -1.34344
0.958 -1.35712
0.959 -1.37078
0.96 -1.38443
0.961 -1.39807
0.962 -1.41168
0.963 -1.42528
0.964 -1.43885
0.965 -1.45241
0.966 -1.46594
0.967 -1.47945
0.968 -1.49293
0.969 -1.50638
0.97 -1.51981
0.971 -1.53321
0.972 -1.54658
0.973 -1.55992
0.974 -1.57322
0.975 -1.5865
0.976 -1.59974
0.977 -1.61294
0.978 -1.62611
0.979 -1.63924
0.98 -1.65234
0.981 -1.66539
0.982 -1.67841
0.983 -1.69139
0.984 -1.70433
0.985 -1.71723
0.986 -1.73008
0.987 -1.7429
0.988 -1.75567
0.989 -1.76839
0.99 -1.78107
0.991 -1.79371
0.992 -1.8063
0.993 -1.81885
0.994 -1.83135
0.995 -1.8438
0.996 -1.85621
0.997 -1.86856
0.998 -1.88087
0.999 -1.89313
1 -1.90534
1.001 -10
