0 -10
0.001 -6.89155
0.002 -6.8722
0.003 -6.85279
0.004 -6.8333
0.005 -6.81373
0.006 -6.7941
0.007 -6.77441
0.008 -6.75464
0.009 -6.73481
0.01 -6.71492
0.011 -6.69497
0.012 -6.67496
0.013 -6.65489
0.014 -6.63477
0.015 -6.6146
0.016 -6.59437
0.017 -6.5741
0.018 -6.55377
0.019 -6.53341
0.02 -6.513
0.021 -6.49255
0.022 -6.47206
0.023 -6.45153
0.024 -6.43098
0.025 -6.41039
0.026 -6.38977
0.027 -6.36913
0.028 -6.34846
0.029 -6.32777
0.03 -6.30706
0.031 -6.28633
0.032 -6.26559
0.033 -6.24483
0.034 -6.22407
0.035 -6.2033
0.036 -6.18253
0.037 -6.16175
0.038 -6.14098
0.039 -6.12021
0.04 -6.09944
0.041 -6.07868
0.042 -6.05794
0.043 -6.0372
0.044 -6.01649
0.045 -5.99579
0.046 -5.97511
0.047 -5.95446
0.048 -5.93383
0.049 -5.91323
0.05 -5.89266
0.051 -5.87213
0.052 -5.85163
0.053 -5.83117
0.054 -5.81075
0.055 -5.79038
0.056 -5.77005
0.057 -5.74977
0.058 -5.72953
0.059 -5.70935
0.06 -5.68923
0.061 -5.66916
0.062 -5.64915
0.063 -5.6292
0.064 -5.60931
0.065 -5.58949
0.066 -5.56973
0.067 -5.55004
0.068 -5.53042
0.069 -5.51088
0.07 -5.49141
0.071 -5.47201
0.072 -5.45269
0.073 -5.43345
0.074 -5.41429
0.075 -5.39521
0.076 -5.37621
0.077 -5.3573
0.078 -5.33847
0.079 -5.31973
0.08 -5.30108
0.081 -5.28251
0.082 -5.26404
0.083 -5.24566
0.084 -5.22737
0.085 -5.20917
0.086 -5.19106
0.087 -5.17305
0.088 -5.15513
0.089 -5.13731
0.09 -5.11959
0.091 -5.10196
0.092 -5.08443
0.093 -5.067
0.094 -5.04967
0.095 -5.03243
0.096 -5.01529
0.097 -4.99825
0.098 -4.98131
0.099 -4.96447
0.1 -4.94773
0.101 -4.93109
0.102 -4.91455
0.103 -4.89811
0.104 -4.88176
0.105 -4.86552
0.106 -4.84937
0.107 -4.83333
0.108 -4.81738
0.109 -4.80153
0.11 -4.78578
0.111 -4.77013
0.112 -4.75457
0.113 -4.73911
0.114 -4.72375
0.115 -4.70848
0.116 -4.69331
0.117 -4.67824
0.118 -4.66326
0.119 -4.64838
0.12 -4.63359
0.121 -4.61889
0.122 -4.60428
0.123 -4.58977
0.124 -4.57535
0.125 -4.56102
0.126 -4.54678
0.127 -4.53264
0.128 -4.51858
0.129 -4.50461
0.13 -4.49073
0.131 -4.47693
0.132 -4.46323
0.133 -4.4496
0.134 -4.43607
0.135 -4.42262
0.136 -4.40925
0.137 -4.39597
0.138 -4.38277
0.139 -4.36966
0.14 -4.35662
0.141 -4.34367
0.142 -4.3308
0.143 -4.31801
0.144 -4.30529
0.145 -4.29266
0.146 -4.2801
0.147 -4.26763
0.148 -4.25522
0.149 -4.2429
0.15 -4.23065
0.151 -4.21848
0.152 -4.20638
0.153 -4.19435
0.154 -4.1824
0.155 -4.17052
0.156 -4.15871
0.157 -4.14697
0.158 -4.13531
0.159 -4.12371
0.16 -4.11219
0.161 -4.10073
0.162 -4.08935
0.163 -4.07803
0.164 -4.06678
0.165 -4.05559
0.166 -4.04448
0.167 -4.03343
0.168 -4.02244
0.169 -4.01152
0.17 -4.00067
0.171 -3.98988
0.172 -3.97915
0.173 -3.96849
0.174 -3.95789
0.175 -3.94735
0.176 -3.93688
0.177 -3.92646
0.178 -3.91611
0.179 -3.90581
0.18 -3.89558
0.181 -3.88541
0.182 -3.87529
0.183 -3.86524
0.184 -3.85524
0.185 -3.8453
0.186 -3.83542
0.187 -3.82559
0.188 -3.81582
0.189 -3.80611
0.19 -3.79645
0.191 -3.78685
0.192 -3.77731
0.193 -3.76781
0.194 -3.75837
0.195 -3.74899
0.196 -3.73966
0.197 -3.73038
0.198 -3.72115
0.199 -3.71198
0.2 -3.70286
0.201 -3.69378
0.202 -3.68476
0.203 -3.67579
0.204 -3.66687
0.205 -3.658
0.206 -3.64918
0.207 -3.64041
0.208 -3.63169
0.209 -3.62301
0.21 -3.61438
0.211 -3.6058
0.212 -3.59727
0.213 -3.58878
0.214 -3.58034
0.215 -3.57194
0.216 -3.5636
0.217 -3.55529
0.218 -3.54703
0.219 -3.53882
0.22 -3.53065
0.221 -3.52252
0.222 -3.51444
0.223 -3.50639
0.224 -3.4984
0.225 -3.49044
0.226 -3.48253
0.227 -3.47465
0.228 -3.46682
0.229 -3.45903
0.23 -3.45128
0.231 -3.44357
0.232 -3.4359
0.233 -3.42827
0.234 -3.42068
0.235 -3.41313
0.236 -3.40562
0.237 -3.39814
0.238 -3.3907
0.239 -3.3833
0.24 -3.37594
0.241 -3.36862
0.242 -3.36133
0.243 -3.35408
0.244 -3.34686
0.245 -3.33968
0.246 -3.33253
0.247 -3.32542
0.248 -3.31835
0.249 -3.3113
0.25 -3.3043
0.251 -3.29732
0.252 -3.29038
0.253 -3.28348
0.254 -3.2766
0.255 -3.26976
0.256 -3.26295
0.257 -3.25618
0.258 -3.24943
0.259 -3.24272
0.26 -3.23604
0.261 -3.22939
0.262 -3.22277
0.263 -3.21618
0.264 -3.20962
0.265 -3.20309
0.266 -3.19659
0.267 -3.19012
0.268 -3.18368
0.269 -3.17727
0.27 -3.17088
0.271 -3.16453
0.272 -3.1582
0.273 -3.1519
0.274 -3.14563
0.275 -3.13939
0.276 -3.13317
0.277 -3.12698
0.278 -3.12082
0.279 -3.11468
0.28 -3.10857
0.281 -3.10249
0.282 -3.09643
0.283 -3.0904
0.284 -3.08439
0.285 -3.07841
0.286 -3.07245
0.287 -3.06652
0.288 -3.06061
0.289 -3.05473
0.29 -3.04887
0.291 -3.04303
0.292 -3.03722
0.293 -3.03143
0.294 -3.02566
0.295 -3.01992
0.296 -3.0142
0.297 -3.0085
0.298 -3.00283
0.299 -2.99718
0.3 -2.99154
0.301 -2.98594
0.302 -2.98035
0.303 -2.97478
0.304 -2.96924
0.305 -2.96372
0.306 -2.95822
0.307 -2.95273
0.308 -2.94727
0.309 -2.94183
0.31 -2.93641
0.311 -2.93101
0.312 -2.92563
0.313 -2.92027
0.314 -2.91493
0.315 -2.90961
0.316 -2.90431
0.317 -2.89903
0.318 -2.89376
0.319 -2.88852
0.32 -2.88329
0.321 -2.87808
0.322 -2.87289
0.323 -2.86772
0.324 -2.86257
0.325 -2.85743
0.326 -2.85231
0.327 -2.84721
0.328 -2.84213
0.329 -2.83706
0.33 -2.83201
0.331 -2.82698
0.332 -2.82196
0.333 -2.81696
0.334 -2.81198
0.335 -2.80701
0.336 -2.80206
0.337 -2.79713
0.338 -2.79221
0.339 -2.78731
0.34 -2.78242
0.341 -2.77755
0.342 -2.77269
0.343 -2.76785
0.344 -2.76302
0.345 -2.75821
0.346 -2.75341
0.347 -2.74863
0.348 -2.74386
0.349 -2.73911
0.35 -2.73437
0.351 -2.72964
0.352 -2.72493
0.353 -2.72023
0.354 -2.71555
0.355 -2.71088
0.356 -2.70622
0.357 -2.70158
0.358 -2.69695
0.359 -2.69233
0.36 -2.68773
0.361 -2.68313
0.362 -2.67855
0.363 -2.67399
0.364 -2.66943
0.365 -2.66489
0.366 -2.66036
0.367 -2.65584
0.368 -2.65134
0.369 -2.64684
0.37 -2.64236
0.371 -2.63789
0.372 -2.63343
0.373 -2.62898
0.374 -2.62454
0.375 -2.62012
0.376 -2.6157
0.377 -2.6113
0.378 -2.6069
0.379 -2.60252
0.38 -2.59814
0.381 -2.59378
0.382 -2.58943
0.383 -2.58509
0.384 -2.58075
0.385 -2.57643
0.386 -2.57212
0.387 -2.56781
0.388 -2.56352
0.389 -2.55924
0.39 -2.55496
0.391 -2.55069
0.392 -2.54644
0.393 -2.54219
0.394 -2.53795
0.395 -2.53372
0.396 -2.5295
0.397 -2.52528
0.398 -2.52108
0.399 -2.51688
0.4 -2.51269
0.401 -2.50851
0.402 -2.50433
0.403 -2.50017
0.404 -2.49601
0.405 -2.49186
0.406 -2.48771
0.407 -2.48358
0.408 -2.47945
0.409 -2.47533
0.41 -2.47121
0.411 -2.4671
0.412 -2.463
0.413 -2.45891
0.414 -2.45482
0.415 -2.45073
0.416 -2.44666
0.417 -2.44259
0.418 -2.43853
0.419 -2.43447
0.42 -2.43041
0.421 -2.42637
0.422 -2.42233
0.423 -2.41829
0.424 -2.41426
0.425 -2.41024
0.426 -2.40622
0.427 -2.4022
0.428 -2.39819
0.429 -2.39419
0.43 -2.39019
0.431 -2.38619
0.432 -2.3822
0.433 -2.37821
0.434 -2.37423
0.435 -2.37025
0.436 -2.36627
0.437 -2.3623
0.438 -2.35834
0.439 -2.35437
0.44 -2.35041
0.441 -2.34645
0.442 -2.3425
0.443 -2.33855
0.444 -2.3346
0.445 -2.33066
0.446 -2.32672
0.447 -2.32278
0.448 -2.31884
0.449 -2.31491
0.45 -2.31098
0.451 -2.30705
0.452 -2.30312
0.453 -2.2992
0.454 -2.29527
0.455 -2.29135
0.456 -2.28743
0.457 -2.28352
0.458 -2.2796
0.459 -2.27568
0.46 -2.27177
0.461 -2.26786
0.462 -2.26395
0.463 -2.26004
0.464 -2.25613
0.465 -2.25222
0.466 -2.24831
0.467 -2.2444
0.468 -2.24049
0.469 -2.23659
0.47 -2.23268
0.471 -2.22877
0.472 -2.22486
0.473 -2.22096
0.474 -2.21705
0.475 -2.21314
0.476 -2.20923
0.477 -2.20532
0.478 -2.20141
0.479 -2.1975
0.48 -2.19359
0.481 -2.18967
0.482 -2.18576
0.483 -2.18184
0.484 -2.17792
0.485 -2.174
0.486 -2.17008
0.487 -2.16616
0.488 -2.16223
0.489 -2.1583
0.49 -2.15437
0.491 -2.15044
0.492 -2.14651
0.493 -2.14257
0.494 -2.13863
0.495 -2.13469
0.496 -2.13074
0.497 -2.12679
0.498 -2.12284
0.499 -2.11888
0.5 -2.11492
0.501 -2.11096
0.502 -2.10699
0.503 -2.10302
0.504 -2.09905
0.505 -2.09507
0.506 -2.09109
0.507 -2.0871
0.508 -2.08311
0.509 -2.07911
0.51 -2.07511
0.511 -2.07111
0.512 -2.0671
0.513 -2.06308
0.514 -2.05906
0.515 -2.05503
0.516 -2.051
0.517 -2.04696
0.518 -2.04292
0.519 -2.03887
0.52 -2.03482
0.521 -2.03076
0.522 -2.02669
0.523 -2.02261
0.524 -2.01853
0.525 -2.01445
0.526 -2.01035
0.527 -2.00625
0.528 -2.00214
0.529 -1.99803
0.53 -1.9939
0.531 -1.98977
0.532 -1.98564
0.533 -1.98149
0.534 -1.97734
0.535 -1.97318
0.536 -1.96901
0.537 -1.96483
0.538 -1.96064
0.539 -1.95645
0.54 -1.95224
0.541 -1.94803
0.542 -1.94381
0.543 -1.93957
0.544 -1.93533
0.545 -1.93108
0.546 -1.92682
0.547 -1.92256
0.548 -1.91828
0.549 -1.91399
0.55 -1.90969
0.551 -1.90538
0.552 -1.90106
0.553 -1.89672
0.554 -1.89238
0.555 -1.88803
0.556 -1.88367
0.557 -1.87929
0.558 -1.8749
0.559 -1.87051
0.56 -1.86609
0.561 -1.86167
0.562 -1.85724
0.563 -1.85279
0.564 -1.84833
0.565 -1.84386
0.566 -1.83938
0.567 -1.83488
0.568 -1.83037
0.569 -1.82585
0.57 -1.82131
0.571 -1.81676
0.572 -1.8122
0.573 -1.80762
0.574 -1.80303
0.575 -1.79843
0.576 -1.79381
0.577 -1.78917
0.578 -1.78452
0.579 -1.77986
0.58 -1.77518
0.581 -1.77049
0.582 -1.76578
0.583 -1.76106
0.584 -1.75632
0.585 -1.75156
0.586 -1.74679
0.587 -1.742
0.588 -1.7372
0.589 -1.73238
0.59 -1.72754
0.591 -1.72268
0.592 -1.71781
0.593 -1.71292
0.594 -1.70802
0.595 -1.70309
0.596 -1.69815
0.597 -1.69319
0.598 -1.68822
0.599 -1.68322
0.6 -1.67821
0.601 -1.67318
0.602 -1.66812
0.603 -1.66305
0.604 -1.65796
0.605 -1.65286
0.606 -1.64773
0.607 -1.64258
0.608 -1.63741
0.609 -1.63222
0.61 -1.62702
0.611 -1.62179
0.612 -1.61654
0.613 -1.61127
0.614 -1.60598
0.615 -1.60067
0.616 -1.59534
0.617 -1.58998
0.618 -1.58461
0.619 -1.57921
0.62 -1.57379
0.621 -1.56835
0.622 -1.56288
0.623 -1.5574
0.624 -1.55189
0.625 -1.54635
0.626 -1.5408
0.627 -1.53522
0.628 -1.52962
0.629 -1.52399
0.63 -1.51834
0.631 -1.51267
0.632 -1.50697
0.633 -1.50125
0.634 -1.49551
0.635 -1.48974
0.636 -1.48394
0.637 -1.47812
0.638 -1.47228
0.639 -1.46641
0.64 -1.46052
0.641 -1.45459
0.642 -1.44865
0.643 -1.44268
0.644 -1.43668
0.645 -1.43066
0.646 -1.42461
0.647 -1.41853
0.648 -1.41243
0.649 -1.4063
0.65 -1.40014
0.651 -1.39396
0.652 -1.38775
0.653 -1.38152
0.654 -1.37525
0.655 -1.36896
0.656 -1.36264
0.657 -1.3563
0.658 -1.34993
0.659 -1.34352
0.66 -1.3371
0.661 -1.33064
0.662 -1.32416
0.663 -1.31764
0.664 -1.3111
0.665 -1.30454
0.666 -1.29794
0.667 -1.29131
0.668 -1.28466
0.669 -1.27798
0.67 -1.27127
0.671 -1.26453
0.672 -1.25777
0.673 -1.25097
0.674 -1.24415
0.675 -1.2373
0.676 -1.23042
0.677 -1.22351
0.678 -1.21658
0.679 -1.20961
0.68 -1.20262
0.681 -1.1956
0.682 -1.18855
0.683 -1.18147
0.684 -1.17437
0.685 -1.16724
0.686 -1.16008
0.687 -1.15289
0.688 -1.14568
0.689 -1.13843
0.69 -1.13116
0.691 -1.12387
0.692 -1.11655
0.693 -1.1092
0.694 -1.10182
0.695 -1.09442
0.696 -1.08699
0.697 -1.07954
0.698 -1.07206
0.699 -1.06455
0.7 -1.05702
0.701 -1.04947
0.702 -1.04189
0.703 -1.03429
0.704 -1.02666
0.705 -1.01902
0.706 -1.01134
0.707 -1.00365
0.708 -0.995935
0.709 -0.988198
0.71 -0.98044
0.711 -0.972661
0.712 -0.964862
0.713 -0.957043
0.714 -0.949205
0.715 -0.941349
0.716 -0.933475
0.717 -0.925584
0.718 -0.917676
0.719 -0.909752
0.72 -0.901813
0.721 -0.893859
0.722 -0.885891
0.723 -0.877909
0.724 -0.869916
0.725 -0.86191
0.726 -0.853894
0.727 -0.845868
0.728 -0.837832
0.729 -0.829788
0.73 -0.821737
0.731 -0.813679
0.732 -0.805615
0.733 -0.797547
0.734 -0.789476
0.735 -0.781402
0.736 -0.773326
0.737 -0.76525
0.738 -0.757175
0.739 -0.749101
0.74 -0.741031
0.741 -0.732965
0.742 -0.724904
0.743 -0.716851
0.744 -0.708805
0.745 -0.700768
0.746 -0.692742
0.747 -0.684728
0.748 -0.676727
0.749 -0.668742
0.75 -0.660772
0.751 -0.65282
0.752 -0.644888
0.753 -0.636976
0.754 -0.629087
0.755 -0.621221
0.756 -0.613381
0.757 -0.605569
0.758 -0.597785
0.759 -0.590032
0.76 -0.58231
0.761 -0.574623
0.762 -0.566972
0.763 -0.559359
0.764 -0.551784
0.765 -0.544252
0.766 -0.536762
0.767 -0.529317
0.768 -0.521919
0.769 -0.51457
0.77 -0.507272
0.771 -0.500027
0.772 -0.492837
0.773 -0.485704
0.774 -0.478629
0.775 -0.471616
0.776 -0.464666
0.777 -0.457781
0.778 -0.450963
0.779 -0.444215
0.78 -0.437538
0.781 -0.430935
0.782 -0.424408
0.783 -0.417959
0.784 -0.411591
0.785 -0.405304
0.786 -0.399103
0.787 -0.392989
0.788 -0.386963
0.789 -0.381029
0.79 -0.375189
0.791 -0.369445
0.792 -0.363798
0.793 -0.358252
0.794 -0.352809
0.795 -0.34747
0.796 -0.342239
0.797 -0.337116
0.798 -0.332105
0.799 -0.327208
0.8 -0.322427
0.801 -0.317763
0.802 -0.31322
0.803 -0.3088
0.804 -0.304503
0.805 -0.300334
0.806 -0.296293
0.807 -0.292383
0.808 -0.288607
0.809 -0.284965
0.81 -0.28146
0.811 -0.278094
0.812 -0.274869
0.813 -0.271788
0.814 -0.268851
0.815 -0.266061
0.816 -0.263419
0.817 -0.260928
0.818 -0.258589
0.819 -0.256404
0.82 -0.254375
0.821 -0.252503
0.822 -0.25079
0.823 -0.249238
0.824 -0.247848
0.825 -0.246621
0.826 -0.24556
0.827 -0.244665
0.828 -0.243938
0.829 -0.243381
0.83 -0.242994
0.831 -0.242778
0.832 -0.242736
0.833 -0.242867
0.834 -0.243173
0.835 -0.243656
0.836 -0.244315
0.837 -0.245153
0.838 -0.246169
0.839 -0.247364
0.84 -0.24874
0.841 -0.250297
0.842 -0.252035
0.843 -0.253956
0.844 -0.256059
0.845 -0.258345
0.846 -0.260814
0.847 -0.263467
0.848 -0.266303
0.849 -0.269324
0.85 -0.272528
0.851 -0.275917
0.852 -0.27949
0.853 -0.283248
0.854 -0.287189
0.855 -0.291313
0.856 -0.295621
0.857 -0.300113
0.858 -0.304787
0.859 -0.309643
0.86 -0.314681
0.861 -0.319899
0.862 -0.325299
0.863 -0.330878
0.864 -0.336636
0.865 -0.342572
0.866 -0.348686
0.867 -0.354975
0.868 -0.36144
0.869 -0.368079
0.87 -0.374891
0.871 -0.381875
0.872 -0.38903
0.873 -0.396353
0.874 -0.403845
0.875 -0.411503
0.876 -0.419326
0.877 -0.427313
0.878 -0.435461
0.879 -0.44377
0.88 -0.452238
0.881 -0.460862
0.882 -0.469641
0.883 -0.478574
0.884 -0.487658
0.885 -0.496892
0.886 -0.506273
0.887 -0.5158
0.888 -0.525471
0.889 -0.535283
0.89 -0.545235
0.891 -0.555324
0.892 -0.565548
0.893 -0.575904
0.894 -0.586392
0.895 -0.597008
0.896 -0.60775
0.897 -0.618616
0.898 -0.629604
0.899 -0.640711
0.9 -0.651934
0.901 -0.663272
0.902 -0.674722
0.903 -0.686281
0.904 -0.697947
0.905 -0.709718
0.906 -0.72159
0.907 -0.733563
0.908 -0.745632
0.909 -0.757796
0.91 -0.770052
0.911 -0.782398
0.912 -0.79483
0.913 -0.807347
0.914 -0.819946
0.915 -0.832624
0.916 -0.845379
0.917 -0.858208
0.918 -0.871109
0.919 -0.884079
0.92 -0.897116
0.921 -0.910218
0.922 -0.923381
0.923 -0.936603
0.924 -0.949882
0.925 -0.963215
0.926 -0.9766
0.927 -0.990035
0.928 -1.00352
0.929 -1.01704
0.93 -1.03061
0.931 -1.04422
0.932 -1.05787
0.933 -1.07155
0.934 -1.08526
0.935 -1.09901
0.936 -1.11278
0.937 -1.12658
0.938 -1.1404
0.939 -1.15425
0.94 -1.16811
0.941 -1.182
0.942 -1.19589
0.943 -1.2098
0.944 -1.22373
0.945 -1.23766
0.946 -1.2516
0.947 -1.26554
0.948 -1.27949
0.949 -1.29344
0.95 -1.30739
0.951 -1.32134
0.952 -1.33528
0.953 -1.34922
0.954 -1.36315
0.955 -1.37708
0.956 -1.39099
0.957 -1.40489
0.958 -1.41877
0.959 -1.43264
0.96 -1.4465
0.961 -1.46033
0.962 -1.47415
0.963 -1.48794
0.964 -1.50171
0.965 -1.51546
0.966 -1.52918
0.967 -1.54287
0.968 -1.55654
0.969 -1.57018
0.97 -1.58378
0.971 -1.59736
0.972 -1.6109
0.973 -1.62441
0.974 -1.63789
0.975 -1.65132
0.976 -1.66473
0.977 -1.67809
0.978 -1.69141
0.979 -1.7047
0.98 -1.71794
0.981 -1.73115
0.982 -1.74431
0.983 -1.75742
0.984 -1.7705
0.985 -1.78353
0.986 -1.79651
0.987 -1.80945
0.988 -1.82234
0.989 -1.83518
0.99 -1.84798
0.991 -1.86072
0.992 -1.87342
0.993 -1.88607
0.994 -1.89867
0.995 -1.91122
0.996 -1.92371
0.997 -1.93616
0.998 -1.94855
0.999 -1.96089
1 -1.97318
1.001 -10
