0 5
0.001 3.41038
0.002 3.40591
0.003 3.40142
0.004 3.39693
0.005 3.39241
0.006 3.38789
0.007 3.38336
0.008 3.37882
0.009 3.37426
0.01 3.3697
0.011 3.36513
0.012 3.36055
0.013 3.35597
0.014 3.35138
0.015 3.34678
0.016 3.34218
0.017 3.33758
0.018 3.33297
0.019 3.32836
0.02 3.32375
0.021 3.31913
0.022 3.31452
0.023 3.30991
0.024 3.3053
0.025 3.30069
0.026 3.29609
0.027 3.29149
0.028 3.28689
0.029 3.28231
0.03 3.27773
0.031 3.27315
0.032 3.26859
0.033 3.26403
0.034 3.25949
0.035 3.25496
0.036 3.25044
0.037 3.24593
0.038 3.24144
0.039 3.23697
0.04 3.23251
0.041 3.22807
0.042 3.22364
0.043 3.21924
0.044 3.21486
0.045 3.21049
0.046 3.20615
0.047 3.20184
0.048 3.19754
0.049 3.19328
0.05 3.18903
0.051 3.18482
0.052 3.18063
0.053 3.17647
0.054 3.17235
0.055 3.16825
0.056 3.16418
0.057 3.16015
0.058 3.15615
0.059 3.15218
0.06 3.14825
0.061 3.14435
0.062 3.14049
0.063 3.13667
0.064 3.13289
0.065 3.12914
0.066 3.12544
0.067 3.12177
0.068 3.11815
0.069 3.11457
0.07 3.11103
0.071 3.10753
0.072 3.10408
0.073 3.10067
0.074 3.09731
0.075 3.09399
0.076 3.09072
0.077 3.0875
0.078 3.08432
0.079 3.08119
0.08 3.07811
0.081 3.07508
0.082 3.0721
0.083 3.06916
0.084 3.06628
0.085 3.06345
0.086 3.06066
0.087 3.05793
0.088 3.05525
0.089 3.05262
0.09 3.05005
0.091 3.04752
0.092 3.04505
0.093 3.04263
0.094 3.04026
0.095 3.03794
0.096 3.03568
0.097 3.03347
0.098 3.03131
0.099 3.0292
0.1 3.02715
0.101 3.02515
0.102 3.0232
0.103 3.02131
0.104 3.01947
0.105 3.01768
0.106 3.01594
0.107 3.01426
0.108 3.01262
0.109 3.01104
0.11 3.00951
0.111 3.00803
0.112 3.00661
0.113 3.00523
0.114 3.00391
0.115 3.00263
0.116 3.00141
0.117 3.00023
0.118 2.9991
0.119 2.99803
0.12 2.997
0.121 2.99602
0.122 2.99509
0.123 2.9942
0.124 2.99336
0.125 2.99257
0.126 2.99183
0.127 2.99113
0.128 2.99047
0.129 2.98986
0.13 2.98929
0.131 2.98877
0.132 2.98829
0.133 2.98786
0.134 2.98746
0.135 2.98711
0.136 2.98679
0.137 2.98652
0.138 2.98629
0.139 2.9861
0.14 2.98594
0.141 2.98583
0.142 2.98575
0.143 2.98571
0.144 2.9857
0.145 2.98573
0.146 2.9858
0.147 2.98589
0.148 2.98603
0.149 2.9862
0.15 2.9864
0.151 2.98663
0.152 2.98689
0.153 2.98719
0.154 2.98751
0.155 2.98787
0.156 2.98825
0.157 2.98866
0.158 2.9891
0.159 2.98957
0.16 2.99006
0.161 2.99058
0.162 2.99113
0.163 2.9917
0.164 2.9923
0.165 2.99292
0.166 2.99356
0.167 2.99423
0.168 2.99491
0.169 2.99562
0.17 2.99635
0.171 2.9971
0.172 2.99788
0.173 2.99867
0.174 2.99948
0.175 3.0003
0.176 3.00115
0.177 3.00201
0.178 3.00289
0.179 3.00379
0.18 3.0047
0.181 3.00563
0.182 3.00658
0.183 3.00753
0.184 3.00851
0.185 3.00949
0.186 3.01049
0.187 3.0115
0.188 3.01253
0.189 3.01356
0.19 3.01461
0.191 3.01567
0.192 3.01674
0.193 3.01782
0.194 3.01891
0.195 3.02001
0.196 3.02111
0.197 3.02223
0.198 3.02336
0.199 3.02449
0.2 3.02563
0.201 3.02678
0.202 3.02794
0.203 3.0291
0.204 3.03027
0.205 3.03145
0.206 3.03263
0.207 3.03381
0.208 3.03501
0.209 3.0362
0.21 3.03741
0.211 3.03861
0.212 3.03982
0.213 3.04104
0.214 3.04226
0.215 3.04348
0.216 3.0447
0.217 3.04593
0.218 3.04716
0.219 3.04839
0.22 3.04963
0.221 3.05087
0.222 3.05211
0.223 3.05335
0.224 3.05459
0.225 3.05584
0.226 3.05708
0.227 3.05833
0.228 3.05957
0.229 3.06082
0.23 3.06207
0.231 3.06332
0.232 3.06457
0.233 3.06582
0.234 3.06706
0.235 3.06831
0.236 3.06956
0.237 3.07081
0.238 3.07206
0.239 3.0733
0.24 3.07455
0.241 3.07579
0.242 3.07703
0.243 3.07827
0.244 3.07951
0.245 3.08075
0.246 3.08199
0.247 3.08323
0.248 3.08446
0.249 3.08569
0.25 3.08692
0.251 3.08815
0.252 3.08937
0.253 3.0906
0.254 3.09182
0.255 3.09304
0.256 3.09425
0.257 3.09547
0.258 3.09668
0.259 3.09789
0.26 3.09909
0.261 3.1003
0.262 3.1015
0.263 3.1027
0.264 3.10389
0.265 3.10508
0.266 3.10627
0.267 3.10745
0.268 3.10864
0.269 3.10982
0.27 3.11099
0.271 3.11216
0.272 3.11333
0.273 3.1145
0.274 3.11566
0.275 3.11682
0.276 3.11798
0.277 3.11913
0.278 3.12028
0.279 3.12142
0.28 3.12256
0.281 3.1237
0.282 3.12483
0.283 3.12596
0.284 3.12709
0.285 3.12821
0.286 3.12933
0.287 3.13045
0.288 3.13156
0.289 3.13267
0.29 3.13377
0.291 3.13487
0.292 3.13597
0.293 3.13706
0.294 3.13815
0.295 3.13923
0.296 3.14031
0.297 3.14139
0.298 3.14246
0.299 3.14353
0.3 3.14459
0.301 3.14565
0.302 3.14671
0.303 3.14776
0.304 3.14881
0.305 3.14986
0.306 3.1509
0.307 3.15193
0.308 3.15297
0.309 3.15399
0.31 3.15502
0.311 3.15604
0.312 3.15705
0.313 3.15807
0.314 3.15907
0.315 3.16008
0.316 3.16108
0.317 3.16207
0.318 3.16306
0.319 3.16405
0.32 3.16503
0.321 3.16601
0.322 3.16699
0.323 3.16796
0.324 3.16893
0.325 3.16989
0.326 3.17085
0.327 3.1718
0.328 3.17275
0.329 3.1737
0.33 3.17464
0.331 3.17558
0.332 3.17652
0.333 3.17745
0.334 3.17837
0.335 3.17929
0.336 3.18021
0.337 3.18113
0.338 3.18204
0.339 3.18294
0.34 3.18385
0.341 3.18474
0.342 3.18564
0.343 3.18653
0.344 3.18741
0.345 3.1883
0.346 3.18917
0.347 3.19005
0.348 3.19092
0.349 3.19178
0.35 3.19265
0.351 3.1935
0.352 3.19436
0.353 3.19521
0.354 3.19606
0.355 3.1969
0.356 3.19774
0.357 3.19857
0.358 3.1994
0.359 3.20023
0.36 3.20105
0.361 3.20187
0.362 3.20269
0.363 3.2035
0.364 3.20431
0.365 3.20511
0.366 3.20591
0.367 3.20671
0.368 3.2075
0.369 3.20829
0.37 3.20908
0.371 3.20986
0.372 3.21063
0.373 3.21141
0.374 3.21218
0.375 3.21295
0.376 3.21371
0.377 3.21447
0.378 3.21522
0.379 3.21598
0.38 3.21672
0.381 3.21747
0.382 3.21821
0.383 3.21895
0.384 3.21968
0.385 3.22041
0.386 3.22114
0.387 3.22186
0.388 3.22258
0.389 3.2233
0.39 3.22401
0.391 3.22472
0.392 3.22542
0.393 3.22613
0.394 3.22683
0.395 3.22752
0.396 3.22821
0.397 3.2289
0.398 3.22959
0.399 3.23027
0.4 3.23095
0.401 3.23162
0.402 3.23229
0.403 3.23296
0.404 3.23362
0.405 3.23429
0.406 3.23494
0.407 3.2356
0.408 3.23625
0.409 3.2369
0.41 3.23754
0.411 3.23818
0.412 3.23882
0.413 3.23946
0.414 3.24009
0.415 3.24072
0.416 3.24134
0.417 3.24197
0.418 3.24259
0.419 3.2432
0.42 3.24381
0.421 3.24442
0.422 3.24503
0.423 3.24563
0.424 3.24623
0.425 3.24683
0.426 3.24743
0.427 3.24802
0.428 3.2486
0.429 3.24919
0.43 3.24977
0.431 3.25035
0.432 3.25093
0.433 3.2515
0.434 3.25207
0.435 3.25264
0.436 3.2532
0.437 3.25376
0.438 3.25432
0.439 3.25487
0.44 3.25542
0.441 3.25597
0.442 3.25652
0.443 3.25706
0.444 3.2576
0.445 3.25814
0.446 3.25868
0.447 3.25921
0.448 3.25974
0.449 3.26026
0.45 3.26079
0.451 3.26131
0.452 3.26182
0.453 3.26234
0.454 3.26285
0.455 3.26336
0.456 3.26387
0.457 3.26437
0.458 3.26487
0.459 3.26537
0.46 3.26586
0.461 3.26636
0.462 3.26685
0.463 3.26733
0.464 3.26782
0.465 3.2683
0.466 3.26878
0.467 3.26925
0.468 3.26973
0.469 3.2702
0.47 3.27066
0.471 3.27113
0.472 3.27159
0.473 3.27205
0.474 3.27251
0.475 3.27296
0.476 3.27342
0.477 3.27387
0.478 3.27431
0.479 3.27476
0.48 3.2752
0.481 3.27564
0.482 3.27607
0.483 3.27651
0.484 3.27694
0.485 3.27737
0.486 3.27779
0.487 3.27822
0.488 3.27864
0.489 3.27905
0.49 3.27947
0.491 3.27988
0.492 3.28029
0.493 3.2807
0.494 3.28111
0.495 3.28151
0.496 3.28191
0.497 3.28231
0.498 3.2827
0.499 3.28309
0.5 3.28348
0.501 3.28387
0.502 3.28426
0.503 3.28464
0.504 3.28502
0.505 3.28539
0.506 3.28577
0.507 3.28614
0.508 3.28651
0.509 3.28688
0.51 3.28724
0.511 3.2876
0.512 3.28796
0.513 3.28832
0.514 3.28867
0.515 3.28903
0.516 3.28937
0.517 3.28972
0.518 3.29007
0.519 3.29041
0.52 3.29075
0.521 3.29108
0.522 3.29142
0.523 3.29175
0.524 3.29208
0.525 3.2924
0.526 3.29273
0.527 3.29305
0.528 3.29337
0.529 3.29368
0.53 3.294
0.531 3.29431
0.532 3.29462
0.533 3.29492
0.534 3.29522
0.535 3.29553
0.536 3.29582
0.537 3.29612
0.538 3.29641
0.539 3.2967
0.54 3.29699
0.541 3.29728
0.542 3.29756
0.543 3.29784
0.544 3.29812
0.545 3.29839
0.546 3.29866
0.547 3.29893
0.548 3.2992
0.549 3.29946
0.55 3.29973
0.551 3.29999
0.552 3.30024
0.553 3.3005
0.554 3.30075
0.555 3.301
0.556 3.30124
0.557 3.30148
0.558 3.30172
0.559 3.30196
0.56 3.3022
0.561 3.30243
0.562 3.30266
0.563 3.30289
0.564 3.30311
0.565 3.30333
0.566 3.30355
0.567 3.30377
0.568 3.30398
0.569 3.30419
0.57 3.3044
0.571 3.3046
0.572 3.30481
0.573 3.30501
0.574 3.3052
0.575 3.3054
0.576 3.30559
0.577 3.30577
0.578 3.30596
0.579 3.30614
0.58 3.30632
0.581 3.3065
0.582 3.30667
0.583 3.30684
0.584 3.30701
0.585 3.30717
0.586 3.30734
0.587 3.3075
0.588 3.30765
0.589 3.3078
0.59 3.30795
0.591 3.3081
0.592 3.30825
0.593 3.30839
0.594 3.30852
0.595 3.30866
0.596 3.30879
0.597 3.30892
0.598 3.30904
0.599 3.30917
0.6 3.30929
0.601 3.3094
0.602 3.30952
0.603 3.30963
0.604 3.30973
0.605 3.30983
0.606 3.30993
0.607 3.31003
0.608 3.31013
0.609 3.31022
0.61 3.3103
0.611 3.31039
0.612 3.31047
0.613 3.31054
0.614 3.31062
0.615 3.31069
0.616 3.31075
0.617 3.31082
0.618 3.31088
0.619 3.31093
0.62 3.31099
0.621 3.31103
0.622 3.31108
0.623 3.31112
0.624 3.31116
0.625 3.3112
0.626 3.31123
0.627 3.31125
0.628 3.31128
0.629 3.3113
0.63 3.31132
0.631 3.31133
0.632 3.31134
0.633 3.31134
0.634 3.31134
0.635 3.31134
0.636 3.31133
0.637 3.31132
0.638 3.31131
0.639 3.31129
0.64 3.31127
0.641 3.31124
0.642 3.31121
0.643 3.31118
0.644 3.31114
0.645 3.31109
0.646 3.31105
0.647 3.311
0.648 3.31094
0.649 3.31088
0.65 3.31082
0.651 3.31075
0.652 3.31067
0.653 3.3106
0.654 3.31051
0.655 3.31043
0.656 3.31033
0.657 3.31024
0.658 3.31014
0.659 3.31003
0.66 3.30992
0.661 3.30981
0.662 3.30969
0.663 3.30956
0.664 3.30943
0.665 3.3093
0.666 3.30916
0.667 3.30901
0.668 3.30886
0.669 3.30871
0.67 3.30855
0.671 3.30838
0.672 3.30821
0.673 3.30803
0.674 3.30785
0.675 3.30766
0.676 3.30747
0.677 3.30727
0.678 3.30707
0.679 3.30686
0.68 3.30664
0.681 3.30642
0.682 3.30619
0.683 3.30595
0.684 3.30571
0.685 3.30547
0.686 3.30521
0.687 3.30495
0.688 3.30469
0.689 3.30441
0.69 3.30414
0.691 3.30385
0.692 3.30356
0.693 3.30326
0.694 3.30295
0.695 3.30264
0.696 3.30232
0.697 3.30199
0.698 3.30165
0.699 3.30131
0.7 3.30096
0.701 3.3006
0.702 3.30024
0.703 3.29986
0.704 3.29948
0.705 3.29909
0.706 3.29869
0.707 3.29829
0.708 3.29787
0.709 3.29745
0.71 3.29702
0.711 3.29658
0.712 3.29613
0.713 3.29567
0.714 3.2952
0.715 3.29473
0.716 3.29424
0.717 3.29375
0.718 3.29324
0.719 3.29273
0.72 3.2922
0.721 3.29167
0.722 3.29112
0.723 3.29057
0.724 3.29
0.725 3.28943
0.726 3.28884
0.727 3.28824
0.728 3.28763
0.729 3.28701
0.73 3.28638
0.731 3.28574
0.732 3.28508
0.733 3.28441
0.734 3.28373
0.735 3.28304
0.736 3.28234
0.737 3.28162
0.738 3.2809
0.739 3.28015
0.74 3.2794
0.741 3.27863
0.742 3.27785
0.743 3.27706
0.744 3.27625
0.745 3.27543
0.746 3.27459
0.747 3.27374
0.748 3.27288
0.749 3.272
0.75 3.2711
0.751 3.27019
0.752 3.26927
0.753 3.26833
0.754 3.26738
0.755 3.26641
0.756 3.26542
0.757 3.26442
0.758 3.2634
0.759 3.26237
0.76 3.26132
0.761 3.26025
0.762 3.25917
0.763 3.25807
0.764 3.25696
0.765 3.25582
0.766 3.25467
0.767 3.2535
0.768 3.25232
0.769 3.25112
0.77 3.2499
0.771 3.24866
0.772 3.2474
0.773 3.24613
0.774 3.24484
0.775 3.24353
0.776 3.2422
0.777 3.24085
0.778 3.23949
0.779 3.2381
0.78 3.2367
0.781 3.23528
0.782 3.23384
0.783 3.23239
0.784 3.23091
0.785 3.22942
0.786 3.2279
0.787 3.22637
0.788 3.22482
0.789 3.22326
0.79 3.22167
0.791 3.22007
0.792 3.21844
0.793 3.2168
0.794 3.21514
0.795 3.21347
0.796 3.21177
0.797 3.21006
0.798 3.20833
0.799 3.20658
0.8 3.20482
0.801 3.20303
0.802 3.20123
0.803 3.19942
0.804 3.19759
0.805 3.19574
0.806 3.19387
0.807 3.19199
0.808 3.1901
0.809 3.18819
0.81 3.18626
0.811 3.18432
0.812 3.18237
0.813 3.1804
0.814 3.17842
0.815 3.17642
0.816 3.17442
0.817 3.1724
0.818 3.17036
0.819 3.16832
0.82 3.16627
0.821 3.1642
0.822 3.16212
0.823 3.16004
0.824 3.15794
0.825 3.15584
0.826 3.15373
0.827 3.15161
0.828 3.14948
0.829 3.14734
0.83 3.1452
0.831 3.14306
0.832 3.1409
0.833 3.13875
0.834 3.13658
0.835 3.13442
0.836 3.13225
0.837 3.13008
0.838 3.12791
0.839 3.12573
0.84 3.12356
0.841 3.12138
0.842 3.11921
0.843 3.11704
0.844 3.11486
0.845 3.11269
0.846 3.11053
0.847 3.10836
0.848 3.1062
0.849 3.10405
0.85 3.1019
0.851 3.09975
0.852 3.09761
0.853 3.09548
0.854 3.09336
0.855 3.09124
0.856 3.08913
0.857 3.08704
0.858 3.08495
0.859 3.08287
0.86 3.0808
0.861 3.07874
0.862 3.07669
0.863 3.07466
0.864 3.07264
0.865 3.07063
0.866 3.06864
0.867 3.06665
0.868 3.06469
0.869 3.06274
0.87 3.0608
0.871 3.05888
0.872 3.05698
0.873 3.05509
0.874 3.05322
0.875 3.05136
0.876 3.04953
0.877 3.04771
0.878 3.04591
0.879 3.04413
0.88 3.04237
0.881 3.04062
0.882 3.0389
0.883 3.03719
0.884 3.03551
0.885 3.03384
0.886 3.0322
0.887 3.03058
0.888 3.02897
0.889 3.02739
0.89 3.02583
0.891 3.02429
0.892 3.02277
0.893 3.02127
0.894 3.01979
0.895 3.01834
0.896 3.01691
0.897 3.01549
0.898 3.0141
0.899 3.01273
0.9 3.01139
0.901 3.01006
0.902 3.00876
0.903 3.00748
0.904 3.00622
0.905 3.00498
0.906 3.00376
0.907 3.00257
0.908 3.0014
0.909 3.00024
0.91 2.99911
0.911 2.998
0.912 2.99692
0.913 2.99585
0.914 2.9948
0.915 2.99378
0.916 2.99277
0.917 2.99179
0.918 2.99082
0.919 2.98988
0.92 2.98896
0.921 2.98805
0.922 2.98717
0.923 2.9863
0.924 2.98546
0.925 2.98463
0.926 2.98383
0.927 2.98304
0.928 2.98227
0.929 2.98152
0.93 2.98078
0.931 2.98007
0.932 2.97937
0.933 2.97869
0.934 2.97803
0.935 2.97738
0.936 2.97676
0.937 2.97614
0.938 2.97555
0.939 2.97497
0.94 2.97441
0.941 2.97386
0.942 2.97333
0.943 2.97281
0.944 2.97231
0.945 2.97182
0.946 2.97135
0.947 2.9709
0.948 2.97045
0.949 2.97002
0.95 2.96961
0.951 2.96921
0.952 2.96882
0.953 2.96844
0.954 2.96808
0.955 2.96773
0.956 2.96739
0.957 2.96707
0.958 2.96676
0.959 2.96645
0.96 2.96616
0.961 2.96589
0.962 2.96562
0.963 2.96536
0.964 2.96512
0.965 2.96488
0.966 2.96466
0.967 2.96444
0.968 2.96424
0.969 2.96405
0.97 2.96386
0.971 2.96369
0.972 2.96352
0.973 2.96336
0.974 2.96322
0.975 2.96308
0.976 2.96295
0.977 2.96282
0.978 2.96271
0.979 2.9626
0.98 2.9625
0.981 2.96241
0.982 2.96233
0.983 2.96226
0.984 2.96219
0.985 2.96213
0.986 2.96207
0.987 2.96202
0.988 2.96198
0.989 2.96195
0.99 2.96192
0.991 2.9619
0.992 2.96189
0.993 2.96188
0.994 2.96187
0.995 2.96188
0.996 2.96188
0.997 2.9619
0.998 2.96192
0.999 2.96194
1 2.96197
1.001 5
