0 0
0.001 0.135935
0.002 0.144426
0.003 0.15295
0.004 0.161508
0.005 0.170099
0.006 0.178721
0.007 0.187375
0.008 0.196058
0.009 0.204771
0.01 0.213513
0.011 0.222281
0.012 0.231076
0.013 0.239896
0.014 0.248741
0.015 0.257609
0.016 0.266499
0.017 0.275411
0.018 0.284342
0.019 0.293293
0.02 0.302261
0.021 0.311247
0.022 0.320247
0.023 0.329263
0.024 0.338291
0.025 0.347332
0.026 0.356383
0.027 0.365444
0.028 0.374513
0.029 0.383589
0.03 0.392671
0.031 0.401758
0.032 0.410847
0.033 0.419939
0.034 0.429032
0.035 0.438124
0.036 0.447214
0.037 0.456301
0.038 0.465383
0.039 0.47446
0.04 0.48353
0.041 0.492591
0.042 0.501643
0.043 0.510683
0.044 0.519712
0.045 0.528727
0.046 0.537728
0.047 0.546712
0.048 0.55568
0.049 0.564628
0.05 0.573558
0.051 0.582466
0.052 0.591353
0.053 0.600216
0.054 0.609055
0.055 0.617869
0.056 0.626656
0.057 0.635416
0.058 0.644146
0.059 0.652848
0.06 0.661518
0.061 0.670157
0.062 0.678763
0.063 0.687335
0.064 0.695873
0.065 0.704375
0.066 0.712842
0.067 0.721271
0.068 0.729662
0.069 0.738014
0.07 0.746327
0.071 0.754601
0.072 0.762833
0.073 0.771024
0.074 0.779173
0.075 0.787279
0.076 0.795342
0.077 0.803361
0.078 0.811337
0.079 0.819268
0.08 0.827153
0.081 0.834994
0.082 0.842788
0.083 0.850537
0.084 0.858239
0.085 0.865895
0.086 0.873504
0.087 0.881066
0.088 0.88858
0.089 0.896048
0.09 0.903468
0.091 0.91084
0.092 0.918165
0.093 0.925442
0.094 0.932672
0.095 0.939854
0.096 0.946989
0.097 0.954076
0.098 0.961116
0.099 0.968109
0.1 0.975055
0.101 0.981954
0.102 0.988807
0.103 0.995613
0.104 1.00237
0.105 1.00909
0.106 1.01575
0.107 1.02238
0.108 1.02896
0.109 1.03549
0.11 1.04198
0.111 1.04842
0.112 1.05482
0.113 1.06118
0.114 1.06749
0.115 1.07377
0.116 1.08
0.117 1.08618
0.118 1.09233
0.119 1.09844
0.12 1.1045
0.121 1.11053
0.122 1.11652
0.123 1.12246
0.124 1.12837
0.125 1.13424
0.126 1.14007
0.127 1.14587
0.128 1.15163
0.129 1.15735
0.13 1.16304
0.131 1.16869
0.132 1.1743
0.133 1.17989
0.134 1.18543
0.135 1.19095
0.136 1.19643
0.137 1.20188
0.138 1.2073
0.139 1.21268
0.14 1.21804
0.141 1.22336
0.142 1.22865
0.143 1.23392
0.144 1.23915
0.145 1.24436
0.146 1.24954
0.147 1.25468
0.148 1.25981
0.149 1.2649
0.15 1.26997
0.151 1.27501
0.152 1.28003
0.153 1.28502
0.154 1.28998
0.155 1.29492
0.156 1.29984
0.157 1.30473
0.158 1.3096
0.159 1.31444
0.16 1.31926
0.161 1.32406
0.162 1.32884
0.163 1.33359
0.164 1.33833
0.165 1.34304
0.166 1.34773
0.167 1.3524
0.168 1.35705
0.169 1.36169
0.17 1.3663
0.171 1.37089
0.172 1.37546
0.173 1.38002
0.174 1.38455
0.175 1.38907
0.176 1.39357
0.177 1.39805
0.178 1.40252
0.179 1.40697
0.18 1.4114
0.181 1.41581
0.182 1.42021
0.183 1.42459
0.184 1.42896
0.185 1.43331
0.186 1.43765
0.187 1.44197
0.188 1.44627
0.189 1.45057
0.19 1.45484
0.191 1.4591
0.192 1.46335
0.193 1.46759
0.194 1.47181
0.195 1.47601
0.196 1.48021
0.197 1.48439
0.198 1.48856
0.199 1.49271
0.2 1.49686
0.201 1.50099
0.202 1.50511
0.203 1.50921
0.204 1.51331
0.205 1.51739
0.206 1.52146
0.207 1.52552
0.208 1.52957
0.209 1.53361
0.21 1.53764
0.211 1.54166
0.212 1.54566
0.213 1.54966
0.214 1.55365
0.215 1.55762
0.216 1.56159
0.217 1.56555
0.218 1.56949
0.219 1.57343
0.22 1.57736
0.221 1.58128
0.222 1.58519
0.223 1.58909
0.224 1.59299
0.225 1.59687
0.226 1.60075
0.227 1.60461
0.228 1.60847
0.229 1.61232
0.23 1.61617
0.231 1.62
0.232 1.62383
0.233 1.62765
0.234 1.63146
0.235 1.63527
0.236 1.63907
0.237 1.64286
0.238 1.64664
0.239 1.65042
0.24 1.65419
0.241 1.65796
0.242 1.66171
0.243 1.66546
0.244 1.66921
0.245 1.67295
0.246 1.67668
0.247 1.6804
0.248 1.68413
0.249 1.68784
0.25 1.69155
0.251 1.69525
0.252 1.69895
0.253 1.70264
0.254 1.70633
0.255 1.71001
0.256 1.71369
0.257 1.71736
0.258 1.72102
0.259 1.72469
0.26 1.72834
0.261 1.73199
0.262 1.73564
0.263 1.73928
0.264 1.74292
0.265 1.74656
0.266 1.75019
0.267 1.75381
0.268 1.75743
0.269 1.76105
0.27 1.76467
0.271 1.76828
0.272 1.77188
0.273 1.77548
0.274 1.77908
0.275 1.78268
0.276 1.78627
0.277 1.78986
0.278 1.79344
0.279 1.79702
0.28 1.8006
0.281 1.80418
0.282 1.80775
0.283 1.81132
0.284 1.81489
0.285 1.81845
0.286 1.82201
0.287 1.82557
0.288 1.82913
0.289 1.83268
0.29 1.83623
0.291 1.83978
0.292 1.84332
0.293 1.84687
0.294 1.85041
0.295 1.85395
0.296 1.85748
0.297 1.86102
0.298 1.86455
0.299 1.86808
0.3 1.87161
0.301 1.87514
0.302 1.87866
0.303 1.88219
0.304 1.88571
0.305 1.88923
0.306 1.89275
0.307 1.89627
0.308 1.89978
0.309 1.9033
0.31 1.90681
0.311 1.91032
0.312 1.91383
0.313 1.91734
0.314 1.92085
0.315 1.92436
0.316 1.92786
0.317 1.93137
0.318 1.93487
0.319 1.93838
0.32 1.94188
0.321 1.94538
0.322 1.94889
0.323 1.95239
0.324 1.95589
0.325 1.95939
0.326 1.96289
0.327 1.96639
0.328 1.96988
0.329 1.97338
0.33 1.97688
0.331 1.98038
0.332 1.98388
0.333 1.98737
0.334 1.99087
0.335 1.99437
0.336 1.99787
0.337 2.00136
0.338 2.00486
0.339 2.00836
0.34 2.01186
0.341 2.01536
0.342 2.01885
0.343 2.02235
0.344 2.02585
0.345 2.02935
0.346 2.03285
0.347 2.03636
0.348 2.03986
0.349 2.04336
0.35 2.04686
0.351 2.05037
0.352 2.05387
0.353 2.05738
0.354 2.06088
0.355 2.06439
0.356 2.0679
0.357 2.07141
0.358 2.07492
0.359 2.07843
0.36 2.08195
0.361 2.08546
0.362 2.08898
0.363 2.0925
0.364 2.09602
0.365 2.09954
0.366 2.10306
0.367 2.10658
0.368 2.11011
0.369 2.11364
0.37 2.11716
0.371 2.1207
0.372 2.12423
0.373 2.12776
0.374 2.1313
0.375 2.13484
0.376 2.13838
0.377 2.14192
0.378 2.14547
0.379 2.14902
0.38 2.15257
0.381 2.15612
0.382 2.15968
0.383 2.16324
0.384 2.1668
0.385 2.17036
0.386 2.17393
0.387 2.1775
0.388 2.18107
0.389 2.18464
0.39 2.18822
0.391 2.1918
0.392 2.19539
0.393 2.19897
0.394 2.20256
0.395 2.20616
0.396 2.20976
0.397 2.21336
0.398 2.21696
0.399 2.22057
0.4 2.22418
0.401 2.2278
0.402 2.23142
0.403 2.23504
0.404 2.23867
0.405 2.2423
0.406 2.24594
0.407 2.24958
0.408 2.25322
0.409 2.25687
0.41 2.26053
0.411 2.26418
0.412 2.26785
0.413 2.27151
0.414 2.27519
0.415 2.27886
0.416 2.28255
0.417 2.28623
0.418 2.28993
0.419 2.29362
0.42 2.29733
0.421 2.30103
0.422 2.30475
0.423 2.30847
0.424 2.31219
0.425 2.31592
0.426 2.31966
0.427 2.3234
0.428 2.32715
0.429 2.3309
0.43 2.33466
0.431 2.33843
0.432 2.3422
0.433 2.34598
0.434 2.34977
0.435 2.35356
0.436 2.35736
0.437 2.36117
0.438 2.36498
0.439 2.3688
0.44 2.37263
0.441 2.37646
0.442 2.38031
0.443 2.38416
0.444 2.38801
0.445 2.39188
0.446 2.39575
0.447 2.39963
0.448 2.40352
0.449 2.40742
0.45 2.41132
0.451 2.41524
0.452 2.41916
0.453 2.42309
0.454 2.42703
0.455 2.43098
0.456 2.43493
0.457 2.4389
0.458 2.44287
0.459 2.44686
0.46 2.45085
0.461 2.45485
0.462 2.45887
0.463 2.46289
0.464 2.46692
0.465 2.47096
0.466 2.47501
0.467 2.47908
0.468 2.48315
0.469 2.48723
0.47 2.49133
0.471 2.49543
0.472 2.49955
0.473 2.50367
0.474 2.50781
0.475 2.51196
0.476 2.51612
0.477 2.52029
0.478 2.52448
0.479 2.52867
0.48 2.53288
0.481 2.5371
0.482 2.54133
0.483 2.54557
0.484 2.54983
0.485 2.5541
0.486 2.55838
0.487 2.56268
0.488 2.56699
0.489 2.57131
0.49 2.57565
0.491 2.57999
0.492 2.58436
0.493 2.58873
0.494 2.59313
0.495 2.59753
0.496 2.60195
0.497 2.60638
0.498 2.61083
0.499 2.6153
0.5 2.61978
0.501 2.62427
0.502 2.62878
0.503 2.63331
0.504 2.63785
0.505 2.64241
0.506 2.64698
0.507 2.65157
0.508 2.65617
0.509 2.6608
0.51 2.66544
0.511 2.67009
0.512 2.67477
0.513 2.67946
0.514 2.68417
0.515 2.6889
0.516 2.69364
0.517 2.6984
0.518 2.70319
0.519 2.70799
0.52 2.7128
0.521 2.71764
0.522 2.7225
0.523 2.72738
0.524 2.73227
0.525 2.73719
0.526 2.74213
0.527 2.74708
0.528 2.75206
0.529 2.75706
0.53 2.76207
0.531 2.76711
0.532 2.77218
0.533 2.77726
0.534 2.78236
0.535 2.78749
0.536 2.79264
0.537 2.79781
0.538 2.803
0.539 2.80822
0.54 2.81346
0.541 2.81872
0.542 2.82401
0.543 2.82932
0.544 2.83466
0.545 2.84002
0.546 2.8454
0.547 2.85081
0.548 2.85625
0.549 2.86171
0.55 2.86719
0.551 2.87271
0.552 2.87824
0.553 2.88381
0.554 2.8894
0.555 2.89502
0.556 2.90066
0.557 2.90634
0.558 2.91204
0.559 2.91777
0.56 2.92353
0.561 2.92932
0.562 2.93513
0.563 2.94098
0.564 2.94685
0.565 2.95276
0.566 2.95869
0.567 2.96466
0.568 2.97066
0.569 2.97669
0.57 2.98275
0.571 2.98884
0.572 2.99496
0.573 3.00112
0.574 3.00731
0.575 3.01353
0.576 3.01978
0.577 3.02607
0.578 3.0324
0.579 3.03875
0.58 3.04515
0.581 3.05157
0.582 3.05804
0.583 3.06454
0.584 3.07107
0.585 3.07764
0.586 3.08425
0.587 3.0909
0.588 3.09758
0.589 3.1043
0.59 3.11106
0.591 3.11786
0.592 3.1247
0.593 3.13158
0.594 3.1385
0.595 3.14545
0.596 3.15245
0.597 3.15949
0.598 3.16657
0.599 3.1737
0.6 3.18086
0.601 3.18807
0.602 3.19532
0.603 3.20261
0.604 3.20995
0.605 3.21733
0.606 3.22476
0.607 3.23223
0.608 3.23975
0.609 3.24732
0.61 3.25493
0.611 3.26258
0.612 3.27029
0.613 3.27804
0.614 3.28584
0.615 3.29369
0.616 3.30159
0.617 3.30954
0.618 3.31754
0.619 3.32559
0.62 3.33369
0.621 3.34184
0.622 3.35004
0.623 3.3583
0.624 3.3666
0.625 3.37497
0.626 3.38338
0.627 3.39185
0.628 3.40038
0.629 3.40896
0.63 3.41759
0.631 3.42629
0.632 3.43504
0.633 3.44384
0.634 3.45271
0.635 3.46163
0.636 3.47061
0.637 3.47965
0.638 3.48876
0.639 3.49792
0.64 3.50714
0.641 3.51642
0.642 3.52577
0.643 3.53518
0.644 3.54465
0.645 3.55419
0.646 3.56378
0.647 3.57345
0.648 3.58318
0.649 3.59297
0.65 3.60283
0.651 3.61276
0.652 3.62276
0.653 3.63282
0.654 3.64295
0.655 3.65315
0.656 3.66342
0.657 3.67376
0.658 3.68417
0.659 3.69466
0.66 3.70521
0.661 3.71584
0.662 3.72653
0.663 3.73731
0.664 3.74815
0.665 3.75907
0.666 3.77007
0.667 3.78114
0.668 3.79229
0.669 3.80351
0.67 3.81481
0.671 3.82619
0.672 3.83764
0.673 3.84918
0.674 3.86079
0.675 3.87249
0.676 3.88426
0.677 3.89612
0.678 3.90805
0.679 3.92007
0.68 3.93217
0.681 3.94436
0.682 3.95662
0.683 3.96897
0.684 3.98141
0.685 3.99393
0.686 4.00653
0.687 4.01922
0.688 4.032
0.689 4.04486
0.69 4.05781
0.691 4.07085
0.692 4.08398
0.693 4.09719
0.694 4.11049
0.695 4.12388
0.696 4.13736
0.697 4.15094
0.698 4.1646
0.699 4.17835
0.7 4.19219
0.701 4.20613
0.702 4.22015
0.703 4.23427
0.704 4.24848
0.705 4.26278
0.706 4.27717
0.707 4.29166
0.708 4.30624
0.709 4.32091
0.71 4.33568
0.711 4.35054
0.712 4.3655
0.713 4.38055
0.714 4.39569
0.715 4.41093
0.716 4.42626
0.717 4.44168
0.718 4.4572
0.719 4.47282
0.72 4.48853
0.721 4.50433
0.722 4.52023
0.723 4.53622
0.724 4.5523
0.725 4.56848
0.726 4.58476
0.727 4.60113
0.728 4.61759
0.729 4.63414
0.73 4.65079
0.731 4.66752
0.732 4.68436
0.733 4.70128
0.734 4.71829
0.735 4.7354
0.736 4.7526
0.737 4.76988
0.738 4.78726
0.739 4.80472
0.74 4.82228
0.741 4.83992
0.742 4.85765
0.743 4.87546
0.744 4.89336
0.745 4.91135
0.746 4.92942
0.747 4.94757
0.748 4.96581
0.749 4.98413
0.75 5.00252
0.751 5.021
0.752 5.03956
0.753 5.05819
0.754 5.0769
0.755 5.09568
0.756 5.11454
0.757 5.13347
0.758 5.15247
0.759 5.17155
0.76 5.19069
0.761 5.20989
0.762 5.22917
0.763 5.24851
0.764 5.26791
0.765 5.28737
0.766 5.30689
0.767 5.32647
0.768 5.3461
0.769 5.36579
0.77 5.38553
0.771 5.40532
0.772 5.42517
0.773 5.44505
0.774 5.46498
0.775 5.48496
0.776 5.50498
0.777 5.52503
0.778 5.54512
0.779 5.56524
0.78 5.5854
0.781 5.60559
0.782 5.6258
0.783 5.64604
0.784 5.6663
0.785 5.68659
0.786 5.70689
0.787 5.7272
0.788 5.74753
0.789 5.76787
0.79 5.78822
0.791 5.80857
0.792 5.82893
0.793 5.84928
0.794 5.86963
0.795 5.88998
0.796 5.91032
0.797 5.93065
0.798 5.95096
0.799 5.97126
0.8 5.99154
0.801 6.01179
0.802 6.03202
0.803 6.05223
0.804 6.0724
0.805 6.09254
0.806 6.11264
0.807 6.1327
0.808 6.15272
0.809 6.1727
0.81 6.19263
0.811 6.2125
0.812 6.23232
0.813 6.25209
0.814 6.27179
0.815 6.29143
0.816 6.31101
0.817 6.33052
0.818 6.34995
0.819 6.36931
0.82 6.3886
0.821 6.4078
0.822 6.42692
0.823 6.44596
0.824 6.46491
0.825 6.48376
0.826 6.50252
0.827 6.52119
0.828 6.53975
0.829 6.55822
0.83 6.57657
0.831 6.59483
0.832 6.61297
0.833 6.631
0.834 6.64891
0.835 6.66671
0.836 6.68438
0.837 6.70194
0.838 6.71937
0.839 6.73668
0.84 6.75385
0.841 6.7709
0.842 6.78781
0.843 6.80459
0.844 6.82123
0.845 6.83773
0.846 6.85409
0.847 6.8703
0.848 6.88638
0.849 6.9023
0.85 6.91808
0.851 6.93371
0.852 6.94919
0.853 6.96452
0.854 6.97969
0.855 6.99471
0.856 7.00957
0.857 7.02427
0.858 7.03882
0.859 7.0532
0.86 7.06743
0.861 7.08149
0.862 7.09539
0.863 7.10912
0.864 7.12269
0.865 7.1361
0.866 7.14934
0.867 7.16242
0.868 7.17532
0.869 7.18807
0.87 7.20064
0.871 7.21304
0.872 7.22528
0.873 7.23735
0.874 7.24925
0.875 7.26099
0.876 7.27255
0.877 7.28395
0.878 7.29518
0.879 7.30624
0.88 7.31713
0.881 7.32785
0.882 7.33841
0.883 7.34881
0.884 7.35903
0.885 7.36909
0.886 7.37899
0.887 7.38872
0.888 7.39829
0.889 7.40769
0.89 7.41694
0.891 7.42602
0.892 7.43494
0.893 7.4437
0.894 7.4523
0.895 7.46075
0.896 7.46904
0.897 7.47717
0.898 7.48515
0.899 7.49298
0.9 7.50066
0.901 7.50818
0.902 7.51556
0.903 7.52278
0.904 7.52986
0.905 7.5368
0.906 7.54359
0.907 7.55023
0.908 7.55674
0.909 7.56311
0.91 7.56933
0.911 7.57542
0.912 7.58138
0.913 7.5872
0.914 7.59289
0.915 7.59845
0.916 7.60388
0.917 7.60918
0.918 7.61435
0.919 7.6194
0.92 7.62433
0.921 7.62913
0.922 7.63382
0.923 7.63839
0.924 7.64284
0.925 7.64717
0.926 7.6514
0.927 7.65551
0.928 7.65951
0.929 7.6634
0.93 7.66718
0.931 7.67086
0.932 7.67444
0.933 7.67791
0.934 7.68128
0.935 7.68456
0.936 7.68773
0.937 7.69081
0.938 7.6938
0.939 7.69669
0.94 7.6995
0.941 7.70221
0.942 7.70484
0.943 7.70737
0.944 7.70983
0.945 7.7122
0.946 7.71449
0.947 7.71669
0.948 7.71882
0.949 7.72087
0.95 7.72285
0.951 7.72475
0.952 7.72657
0.953 7.72833
0.954 7.73001
0.955 7.73163
0.956 7.73317
0.957 7.73465
0.958 7.73607
0.959 7.73742
0.96 7.7387
0.961 7.73993
0.962 7.74109
0.963 7.7422
0.964 7.74325
0.965 7.74424
0.966 7.74518
0.967 7.74606
0.968 7.74689
0.969 7.74767
0.97 7.74839
0.971 7.74907
0.972 7.74969
0.973 7.75027
0.974 7.75081
0.975 7.75129
0.976 7.75173
0.977 7.75213
0.978 7.75249
0.979 7.7528
0.98 7.75307
0.981 7.75331
0.982 7.7535
0.983 7.75366
0.984 7.75377
0.985 7.75386
0.986 7.7539
0.987 7.75391
0.988 7.75389
0.989 7.75384
0.99 7.75375
0.991 7.75363
0.992 7.75348
0.993 7.7533
0.994 7.75309
0.995 7.75285
0.996 7.75258
0.997 7.75229
0.998 7.75196
0.999 7.75162
1 7.75125
1.001 0
