0 -10
0.001 -7.24822
0.002 -7.24275
0.003 -7.23725
0.004 -7.23172
0.005 -7.22616
0.006 -7.22057
0.007 -7.21494
0.008 -7.20929
0.009 -7.2036
0.01 -7.19788
0.011 -7.19213
0.012 -7.18634
0.013 -7.18052
0.014 -7.17467
0.015 -7.16879
0.016 -7.16287
0.017 -7.15692
0.018 -7.15093
0.019 -7.14492
0.02 -7.13886
0.021 -7.13277
0.022 -7.12665
0.023 -7.1205
0.024 -7.1143
0.025 -7.10808
0.026 -7.10181
0.027 -7.09551
0.028 -7.08918
0.029 -7.08281
0.03 -7.0764
0.031 -7.06996
0.032 -7.06348
0.033 -7.05696
0.034 -7.05041
0.035 -7.04382
0.036 -7.03719
0.037 -7.03052
0.038 -7.02382
0.039 -7.01708
0.04 -7.0103
0.041 -7.00348
0.042 -6.99663
0.043 -6.98973
0.044 -6.9828
0.045 -6.97582
0.046 -6.96881
0.047 -6.96176
0.048 -6.95467
0.049 -6.94754
0.05 -6.94037
0.051 -6.93316
0.052 -6.92591
0.053 -6.91861
0.054 -6.91128
0.055 -6.90391
0.056 -6.8965
0.057 -6.88904
0.058 -6.88155
0.059 -6.87401
0.06 -6.86644
0.061 -6.85882
0.062 -6.85116
0.063 -6.84345
0.064 -6.83571
0.065 -6.82792
0.066 -6.8201
0.067 -6.81223
0.068 -6.80431
0.069 -6.79636
0.07 -6.78836
0.071 -6.78032
0.072 -6.77224
0.073 -6.76412
0.074 -6.75595
0.075 -6.74774
0.076 -6.73948
0.077 -6.73119
0.078 -6.72285
0.079 -6.71446
0.08 -6.70604
0.081 -6.69757
0.082 -6.68905
0.083 -6.68049
0.084 -6.67189
0.085 -6.66325
0.086 -6.65456
0.087 -6.64583
0.088 -6.63706
0.089 -6.62824
0.09 -6.61938
0.091 -6.61047
0.092 -6.60152
0.093 -6.59253
0.094 -6.5835
0.095 -6.57442
0.096 -6.56529
0.097 -6.55613
0.098 -6.54691
0.099 -6.53766
0.1 -6.52836
0.101 -6.51902
0.102 -6.50964
0.103 -6.50021
0.104 -6.49074
0.105 -6.48123
0.106 -6.47167
0.107 -6.46207
0.108 -6.45243
0.109 -6.44274
0.11 -6.43301
0.111 -6.42324
0.112 -6.41343
0.113 -6.40358
0.114 -6.39368
0.115 -6.38374
0.116 -6.37376
0.117 -6.36374
0.118 -6.35367
0.119 -6.34357
0.12 -6.33342
0.121 -6.32323
0.122 -6.313
0.123 -6.30273
0.124 -6.29242
0.125 -6.28208
0.126 -6.27169
0.127 -6.26126
0.128 -6.25079
0.129 -6.24028
0.13 -6.22974
0.131 -6.21915
0.132 -6.20853
0.133 -6.19787
0.134 -6.18717
0.135 -6.17643
0.136 -6.16566
0.137 -6.15485
0.138 -6.144
0.139 -6.13312
0.14 -6.1222
0.141 -6.11125
0.142 -6.10026
0.143 -6.08924
0.144 -6.07819
0.145 -6.0671
0.146 -6.05597
0.147 -6.04482
0.148 -6.03363
0.149 -6.02241
0.15 -6.01115
0.151 -5.99987
0.152 -5.98856
0.153 -5.97721
0.154 -5.96584
0.155 -5.95444
0.156 -5.94301
0.157 -5.93155
0.158 -5.92006
0.159 -5.90855
0.16 -5.89701
0.161 -5.88544
0.162 -5.87385
0.163 -5.86224
0.164 -5.8506
0.165 -5.83893
0.166 -5.82725
0.167 -5.81554
0.168 -5.80381
0.169 -5.79206
0.17 -5.78029
0.171 -5.7685
0.172 -5.75669
0.173 -5.74486
0.174 -5.73302
0.175 -5.72115
0.176 -5.70928
0.177 -5.69738
0.178 -5.68548
0.179 -5.67355
0.18 -5.66162
0.181 -5.64967
0.182 -5.63771
0.183 -5.62574
0.184 -5.61376
0.185 -5.60177
0.186 -5.58977
0.187 -5.57777
0.188 -5.56576
0.189 -5.55374
0.19 -5.54171
0.191 -5.52968
0.192 -5.51765
0.193 -5.50562
0.194 -5.49358
0.195 -5.48154
0.196 -5.4695
0.197 -5.45746
0.198 -5.44543
0.199 -5.43339
0.2 -5.42136
0.201 -5.40934
0.202 -5.39731
0.203 -5.3853
0.204 -5.37329
0.205 -5.36128
0.206 -5.34929
0.207 -5.33731
0.208 -5.32533
0.209 -5.31337
0.21 -5.30142
0.211 -5.28948
0.212 -5.27755
0.213 -5.26564
0.214 -5.25375
0.215 -5.24187
0.216 -5.23001
0.217 -5.21816
0.218 -5.20634
0.219 -5.19453
0.22 -5.18275
0.221 -5.17098
0.222 -5.15924
0.223 -5.14753
0.224 -5.13583
0.225 -5.12416
0.226 -5.11252
0.227 -5.1009
0.228 -5.08931
0.229 -5.07775
0.23 -5.06622
0.231 -5.05471
0.232 -5.04324
0.233 -5.0318
0.234 -5.02039
0.235 -5.00901
0.236 -4.99767
0.237 -4.98635
0.238 -4.97508
0.239 -4.96384
0.24 -4.95263
0.241 -4.94147
0.242 -4.93034
0.243 -4.91925
0.244 -4.90819
0.245 -4.89718
0.246 -4.8862
0.247 -4.87527
0.248 -4.86438
0.249 -4.85353
0.25 -4.84272
0.251 -4.83196
0.252 -4.82123
0.253 -4.81055
0.254 -4.79992
0.255 -4.78933
0.256 -4.77879
0.257 -4.76829
0.258 -4.75784
0.259 -4.74743
0.26 -4.73707
0.261 -4.72676
0.262 -4.7165
0.263 -4.70628
0.264 -4.69611
0.265 -4.68599
0.266 -4.67592
0.267 -4.6659
0.268 -4.65593
0.269 -4.64601
0.27 -4.63614
0.271 -4.62632
0.272 -4.61655
0.273 -4.60683
0.274 -4.59716
0.275 -4.58754
0.276 -4.57797
0.277 -4.56846
0.278 -4.55899
0.279 -4.54958
0.28 -4.54022
0.281 -4.53091
0.282 -4.52165
0.283 -4.51244
0.284 -4.50329
0.285 -4.49418
0.286 -4.48513
0.287 -4.47613
0.288 -4.46719
0.289 -4.45829
0.29 -4.44945
0.291 -4.44065
0.292 -4.43191
0.293 -4.42322
0.294 -4.41459
0.295 -4.406
0.296 -4.39746
0.297 -4.38898
0.298 -4.38054
0.299 -4.37216
0.3 -4.36383
0.301 -4.35555
0.302 -4.34731
0.303 -4.33913
0.304 -4.331
0.305 -4.32292
0.306 -4.31488
0.307 -4.3069
0.308 -4.29897
0.309 -4.29108
0.31 -4.28324
0.311 -4.27545
0.312 -4.26771
0.313 -4.26002
0.314 -4.25237
0.315 -4.24477
0.316 -4.23722
0.317 -4.22972
0.318 -4.22226
0.319 -4.21484
0.32 -4.20748
0.321 -4.20016
0.322 -4.19288
0.323 -4.18565
0.324 -4.17846
0.325 -4.17132
0.326 -4.16422
0.327 -4.15717
0.328 -4.15015
0.329 -4.14319
0.33 -4.13626
0.331 -4.12938
0.332 -4.12254
0.333 -4.11574
0.334 -4.10898
0.335 -4.10226
0.336 -4.09559
0.337 -4.08895
0.338 -4.08236
0.339 -4.0758
0.34 -4.06928
0.341 -4.06281
0.342 -4.05637
0.343 -4.04997
0.344 -4.04361
0.345 -4.03728
0.346 -4.031
0.347 -4.02475
0.348 -4.01854
0.349 -4.01236
0.35 -4.00622
0.351 -4.00012
0.352 -3.99405
0.353 -3.98802
0.354 -3.98203
0.355 -3.97606
0.356 -3.97014
0.357 -3.96424
0.358 -3.95838
0.359 -3.95256
0.36 -3.94677
0.361 -3.94101
0.362 -3.93528
0.363 -3.92959
0.364 -3.92392
0.365 -3.91829
0.366 -3.9127
0.367 -3.90713
0.368 -3.90159
0.369 -3.89609
0.37 -3.89061
0.371 -3.88517
0.372 -3.87976
0.373 -3.87437
0.374 -3.86902
0.375 -3.86369
0.376 -3.8584
0.377 -3.85313
0.378 -3.84789
0.379 -3.84268
0.38 -3.8375
0.381 -3.83235
0.382 -3.82722
0.383 -3.82212
0.384 -3.81705
0.385 -3.81201
0.386 -3.80699
0.387 -3.80201
0.388 -3.79704
0.389 -3.79211
0.39 -3.7872
0.391 -3.78231
0.392 -3.77745
0.393 -3.77262
0.394 -3.76781
0.395 -3.76303
0.396 -3.75828
0.397 -3.75355
0.398 -3.74884
0.399 -3.74416
0.4 -3.7395
0.401 -3.73487
0.402 -3.73026
0.403 -3.72568
0.404 -3.72112
0.405 -3.71658
0.406 -3.71207
0.407 -3.70758
0.408 -3.70311
0.409 -3.69867
0.41 -3.69425
0.411 -3.68986
0.412 -3.68548
0.413 -3.68113
0.414 -3.67681
0.415 -3.6725
0.416 -3.66822
0.417 -3.66396
0.418 -3.65972
0.419 -3.65551
0.42 -3.65132
0.421 -3.64715
0.422 -3.643
0.423 -3.63887
0.424 -3.63477
0.425 -3.63068
0.426 -3.62662
0.427 -3.62258
0.428 -3.61856
0.429 -3.61457
0.43 -3.61059
0.431 -3.60664
0.432 -3.6027
0.433 -3.59879
0.434 -3.5949
0.435 -3.59103
0.436 -3.58718
0.437 -3.58336
0.438 -3.57955
0.439 -3.57576
0.44 -3.572
0.441 -3.56826
0.442 -3.56453
0.443 -3.56083
0.444 -3.55715
0.445 -3.55348
0.446 -3.54984
0.447 -3.54622
0.448 -3.54262
0.449 -3.53904
0.45 -3.53548
0.451 -3.53194
0.452 -3.52842
0.453 -3.52492
0.454 -3.52145
0.455 -3.51799
0.456 -3.51455
0.457 -3.51113
0.458 -3.50773
0.459 -3.50435
0.46 -3.501
0.461 -3.49766
0.462 -3.49434
0.463 -3.49104
0.464 -3.48777
0.465 -3.48451
0.466 -3.48127
0.467 -3.47806
0.468 -3.47486
0.469 -3.47168
0.47 -3.46852
0.471 -3.46539
0.472 -3.46227
0.473 -3.45917
0.474 -3.45609
0.475 -3.45304
0.476 -3.45
0.477 -3.44698
0.478 -3.44398
0.479 -3.44101
0.48 -3.43805
0.481 -3.43511
0.482 -3.43219
0.483 -3.4293
0.484 -3.42642
0.485 -3.42356
0.486 -3.42073
0.487 -3.41791
0.488 -3.41511
0.489 -3.41233
0.49 -3.40958
0.491 -3.40684
0.492 -3.40412
0.493 -3.40143
0.494 -3.39875
0.495 -3.3961
0.496 -3.39346
0.497 -3.39085
0.498 -3.38825
0.499 -3.38568
0.5 -3.38312
0.501 -3.38059
0.502 -3.37808
0.503 -3.37558
0.504 -3.37311
0.505 -3.37066
0.506 -3.36823
0.507 -3.36582
0.508 -3.36343
0.509 -3.36106
0.51 -3.35871
0.511 -3.35639
0.512 -3.35408
0.513 -3.3518
0.514 -3.34953
0.515 -3.34729
0.516 -3.34507
0.517 -3.34287
0.518 -3.34069
0.519 -3.33853
0.52 -3.33639
0.521 -3.33428
0.522 -3.33218
0.523 -3.33011
0.524 -3.32806
0.525 -3.32603
0.526 -3.32402
0.527 -3.32204
0.528 -3.32007
0.529 -3.31813
0.53 -3.31621
0.531 -3.31431
0.532 -3.31244
0.533 -3.31058
0.534 -3.30875
0.535 -3.30694
0.536 -3.30516
0.537 -3.30339
0.538 -3.30165
0.539 -3.29994
0.54 -3.29824
0.541 -3.29657
0.542 -3.29492
0.543 -3.29329
0.544 -3.29169
0.545 -3.29011
0.546 -3.28856
0.547 -3.28703
0.548 -3.28552
0.549 -3.28403
0.55 -3.28257
0.551 -3.28114
0.552 -3.27973
0.553 -3.27834
0.554 -3.27697
0.555 -3.27564
0.556 -3.27432
0.557 -3.27303
0.558 -3.27177
0.559 -3.27053
0.56 -3.26932
0.561 -3.26813
0.562 -3.26697
0.563 -3.26583
0.564 -3.26472
0.565 -3.26363
0.566 -3.26257
0.567 -3.26154
0.568 -3.26053
0.569 -3.25955
0.57 -3.2586
0.571 -3.25767
0.572 -3.25677
0.573 -3.2559
0.574 -3.25506
0.575 -3.25424
0.576 -3.25345
0.577 -3.25269
0.578 -3.25196
0.579 -3.25125
0.58 -3.25058
0.581 -3.24993
0.582 -3.24931
0.583 -3.24872
0.584 -3.24816
0.585 -3.24763
0.586 -3.24713
0.587 -3.24666
0.588 -3.24621
0.589 -3.2458
0.59 -3.24542
0.591 -3.24507
0.592 -3.24475
0.593 -3.24447
0.594 -3.24421
0.595 -3.24399
0.596 -3.24379
0.597 -3.24363
0.598 -3.2435
0.599 -3.24341
0.6 -3.24335
0.601 -3.24332
0.602 -3.24332
0.603 -3.24336
0.604 -3.24343
0.605 -3.24353
0.606 -3.24367
0.607 -3.24385
0.608 -3.24406
0.609 -3.2443
0.61 -3.24458
0.611 -3.24489
0.612 -3.24525
0.613 -3.24563
0.614 -3.24606
0.615 -3.24652
0.616 -3.24702
0.617 -3.24755
0.618 -3.24813
0.619 -3.24874
0.62 -3.24939
0.621 -3.25007
0.622 -3.2508
0.623 -3.25157
0.624 -3.25238
0.625 -3.25322
0.626 -3.25411
0.627 -3.25504
0.628 -3.256
0.629 -3.25701
0.63 -3.25806
0.631 -3.25916
0.632 -3.26029
0.633 -3.26147
0.634 -3.26269
0.635 -3.26395
0.636 -3.26526
0.637 -3.26661
0.638 -3.26801
0.639 -3.26945
0.64 -3.27094
0.641 -3.27247
0.642 -3.27405
0.643 -3.27567
0.644 -3.27734
0.645 -3.27906
0.646 -3.28082
0.647 -3.28264
0.648 -3.2845
0.649 -3.28641
0.65 -3.28837
0.651 -3.29038
0.652 -3.29244
0.653 -3.29454
0.654 -3.2967
0.655 -3.29891
0.656 -3.30118
0.657 -3.30349
0.658 -3.30586
0.659 -3.30828
0.66 -3.31075
0.661 -3.31328
0.662 -3.31586
0.663 -3.31849
0.664 -3.32118
0.665 -3.32393
0.666 -3.32673
0.667 -3.32959
0.668 -3.3325
0.669 -3.33547
0.67 -3.3385
0.671 -3.34159
0.672 -3.34474
0.673 -3.34794
0.674 -3.35121
0.675 -3.35454
0.676 -3.35792
0.677 -3.36137
0.678 -3.36488
0.679 -3.36845
0.68 -3.37208
0.681 -3.37578
0.682 -3.37954
0.683 -3.38337
0.684 -3.38726
0.685 -3.39121
0.686 -3.39523
0.687 -3.39932
0.688 -3.40347
0.689 -3.40769
0.69 -3.41197
0.691 -3.41633
0.692 -3.42075
0.693 -3.42525
0.694 -3.42981
0.695 -3.43444
0.696 -3.43915
0.697 -3.44392
0.698 -3.44877
0.699 -3.45369
0.7 -3.45868
0.701 -3.46374
0.702 -3.46888
0.703 -3.4741
0.704 -3.47938
0.705 -3.48475
0.706 -3.49019
0.707 -3.4957
0.708 -3.5013
0.709 -3.50697
0.71 -3.51272
0.711 -3.51854
0.712 -3.52445
0.713 -3.53044
0.714 -3.5365
0.715 -3.54265
0.716 -3.54888
0.717 -3.55519
0.718 -3.56158
0.719 -3.56806
0.72 -3.57462
0.721 -3.58126
0.722 -3.58799
0.723 -3.5948
0.724 -3.6017
0.725 -3.60868
0.726 -3.61575
0.727 -3.62291
0.728 -3.63015
0.729 -3.63748
0.73 -3.64491
0.731 -3.65242
0.732 -3.66001
0.733 -3.6677
0.734 -3.67548
0.735 -3.68335
0.736 -3.69131
0.737 -3.69937
0.738 -3.70751
0.739 -3.71575
0.74 -3.72408
0.741 -3.73251
0.742 -3.74102
0.743 -3.74964
0.744 -3.75834
0.745 -3.76714
0.746 -3.77604
0.747 -3.78504
0.748 -3.79413
0.749 -3.80331
0.75 -3.81259
0.751 -3.82197
0.752 -3.83145
0.753 -3.84103
0.754 -3.8507
0.755 -3.86047
0.756 -3.87034
0.757 -3.88031
0.758 -3.89038
0.759 -3.90055
0.76 -3.91082
0.761 -3.92118
0.762 -3.93165
0.763 -3.94222
0.764 -3.95288
0.765 -3.96365
0.766 -3.97452
0.767 -3.98548
0.768 -3.99655
0.769 -4.00772
0.77 -4.01899
0.771 -4.03036
0.772 -4.04183
0.773 -4.0534
0.774 -4.06507
0.775 -4.07684
0.776 -4.08871
0.777 -4.10068
0.778 -4.11274
0.779 -4.12491
0.78 -4.13718
0.781 -4.14955
0.782 -4.16201
0.783 -4.17457
0.784 -4.18723
0.785 -4.19999
0.786 -4.21284
0.787 -4.22579
0.788 -4.23884
0.789 -4.25198
0.79 -4.26522
0.791 -4.27855
0.792 -4.29197
0.793 -4.30549
0.794 -4.3191
0.795 -4.33279
0.796 -4.34658
0.797 -4.36046
0.798 -4.37443
0.799 -4.38849
0.8 -4.40263
0.801 -4.41686
0.802 -4.43118
0.803 -4.44557
0.804 -4.46005
0.805 -4.47462
0.806 -4.48926
0.807 -4.50398
0.808 -4.51878
0.809 -4.53365
0.81 -4.5486
0.811 -4.56363
0.812 -4.57873
0.813 -4.59389
0.814 -4.60913
0.815 -4.62444
0.816 -4.63981
0.817 -4.65524
0.818 -4.67074
0.819 -4.6863
0.82 -4.70192
0.821 -4.7176
0.822 -4.73333
0.823 -4.74912
0.824 -4.76496
0.825 -4.78085
0.826 -4.79679
0.827 -4.81277
0.828 -4.8288
0.829 -4.84488
0.83 -4.86099
0.831 -4.87714
0.832 -4.89332
0.833 -4.90954
0.834 -4.92579
0.835 -4.94207
0.836 -4.95838
0.837 -4.97471
0.838 -4.99107
0.839 -5.00744
0.84 -5.02384
0.841 -5.04025
0.842 -5.05667
0.843 -5.0731
0.844 -5.08955
0.845 -5.10599
0.846 -5.12245
0.847 -5.1389
0.848 -5.15536
0.849 -5.17181
0.85 -5.18825
0.851 -5.20469
0.852 -5.22112
0.853 -5.23753
0.854 -5.25393
0.855 -5.27031
0.856 -5.28668
0.857 -5.30302
0.858 -5.31933
0.859 -5.33562
0.86 -5.35188
0.861 -5.36811
0.862 -5.38431
0.863 -5.40047
0.864 -5.41659
0.865 -5.43267
0.866 -5.44871
0.867 -5.4647
0.868 -5.48065
0.869 -5.49655
0.87 -5.5124
0.871 -5.52819
0.872 -5.54393
0.873 -5.55962
0.874 -5.57525
0.875 -5.59081
0.876 -5.60631
0.877 -5.62175
0.878 -5.63713
0.879 -5.65243
0.88 -5.66767
0.881 -5.68283
0.882 -5.69793
0.883 -5.71295
0.884 -5.72789
0.885 -5.74276
0.886 -5.75755
0.887 -5.77226
0.888 -5.78688
0.889 -5.80143
0.89 -5.81589
0.891 -5.83027
0.892 -5.84456
0.893 -5.85877
0.894 -5.87288
0.895 -5.88691
0.896 -5.90085
0.897 -5.9147
0.898 -5.92845
0.899 -5.94212
0.9 -5.95569
0.901 -5.96916
0.902 -5.98255
0.903 -5.99583
0.904 -6.00902
0.905 -6.02212
0.906 -6.03512
0.907 -6.04802
0.908 -6.06082
0.909 -6.07353
0.91 -6.08613
0.911 -6.09864
0.912 -6.11105
0.913 -6.12336
0.914 -6.13557
0.915 -6.14769
0.916 -6.1597
0.917 -6.17161
0.918 -6.18343
0.919 -6.19514
0.92 -6.20676
0.921 -6.21827
0.922 -6.22969
0.923 -6.241
0.924 -6.25222
0.925 -6.26334
0.926 -6.27436
0.927 -6.28528
0.928 -6.29611
0.929 -6.30684
0.93 -6.31747
0.931 -6.328
0.932 -6.33843
0.933 -6.34877
0.934 -6.35902
0.935 -6.36916
0.936 -6.37922
0.937 -6.38918
0.938 -6.39904
0.939 -6.40881
0.94 -6.41849
0.941 -6.42808
0.942 -6.43757
0.943 -6.44697
0.944 -6.45629
0.945 -6.46551
0.946 -6.47464
0.947 -6.48368
0.948 -6.49264
0.949 -6.50151
0.95 -6.51029
0.951 -6.51898
0.952 -6.52759
0.953 -6.53612
0.954 -6.54456
0.955 -6.55291
0.956 -6.56119
0.957 -6.56938
0.958 -6.57749
0.959 -6.58551
0.96 -6.59346
0.961 -6.60133
0.962 -6.60912
0.963 -6.61684
0.964 -6.62447
0.965 -6.63203
0.966 -6.63951
0.967 -6.64692
0.968 -6.65426
0.969 -6.66152
0.97 -6.6687
0.971 -6.67582
0.972 -6.68286
0.973 -6.68984
0.974 -6.69674
0.975 -6.70357
0.976 -6.71034
0.977 -6.71704
0.978 -6.72367
0.979 -6.73023
0.98 -6.73673
0.981 -6.74316
0.982 -6.74953
0.983 -6.75584
0.984 -6.76208
0.985 -6.76826
0.986 -6.77438
0.987 -6.78044
0.988 -6.78643
0.989 -6.79237
0.99 -6.79825
0.991 -6.80407
0.992 -6.80984
0.993 -6.81554
0.994 -6.82119
0.995 -6.82679
0.996 -6.83233
0.997 -6.83781
0.998 -6.84325
0.999 -6.84863
1 -6.85395
1.001 -10
