0 0
0.001 0.41375
0.002 0.419921
0.003 0.426074
0.004 0.43221
0.005 0.438327
0.006 0.444426
0.007 0.450505
0.008 0.456566
0.009 0.462607
0.01 0.468629
0.011 0.47463
0.012 0.480611
0.013 0.486572
0.014 0.492512
0.015 0.49843
0.016 0.504328
0.017 0.510203
0.018 0.516057
0.019 0.52189
0.02 0.527699
0.021 0.533487
0.022 0.539252
0.023 0.544994
0.024 0.550714
0.025 0.55641
0.026 0.562083
0.027 0.567733
0.028 0.57336
0.029 0.578963
0.03 0.584542
0.031 0.590097
0.032 0.595629
0.033 0.601137
0.034 0.60662
0.035 0.61208
0.036 0.617516
0.037 0.622927
0.038 0.628315
0.039 0.633678
0.04 0.639017
0.041 0.644332
0.042 0.649623
0.043 0.654889
0.044 0.660132
0.045 0.66535
0.046 0.670545
0.047 0.675715
0.048 0.680862
0.049 0.685984
0.05 0.691083
0.051 0.696159
0.052 0.70121
0.053 0.706239
0.054 0.711244
0.055 0.716225
0.056 0.721184
0.057 0.726119
0.058 0.731032
0.059 0.735922
0.06 0.74079
0.061 0.745635
0.062 0.750458
0.063 0.755259
0.064 0.760039
0.065 0.764796
0.066 0.769532
0.067 0.774247
0.068 0.77894
0.069 0.783613
0.07 0.788265
0.071 0.792897
0.072 0.797508
0.073 0.802099
0.074 0.806671
0.075 0.811222
0.076 0.815755
0.077 0.820268
0.078 0.824762
0.079 0.829238
0.08 0.833695
0.081 0.838134
0.082 0.842555
0.083 0.846958
0.084 0.851344
0.085 0.855712
0.086 0.860063
0.087 0.864398
0.088 0.868716
0.089 0.873018
0.09 0.877303
0.091 0.881573
0.092 0.885827
0.093 0.890066
0.094 0.89429
0.095 0.898499
0.096 0.902693
0.097 0.906872
0.098 0.911038
0.099 0.91519
0.1 0.919328
0.101 0.923452
0.102 0.927564
0.103 0.931662
0.104 0.935747
0.105 0.93982
0.106 0.943881
0.107 0.947929
0.108 0.951966
0.109 0.955991
0.11 0.960004
0.111 0.964006
0.112 0.967997
0.113 0.971977
0.114 0.975947
0.115 0.979906
0.116 0.983854
0.117 0.987793
0.118 0.991722
0.119 0.995641
0.12 0.99955
0.121 1.00345
0.122 1.00734
0.123 1.01122
0.124 1.0151
0.125 1.01896
0.126 1.02282
0.127 1.02667
0.128 1.03051
0.129 1.03434
0.13 1.03816
0.131 1.04198
0.132 1.04579
0.133 1.04959
0.134 1.05338
0.135 1.05717
0.136 1.06095
0.137 1.06472
0.138 1.06849
0.139 1.07225
0.14 1.076
0.141 1.07975
0.142 1.08349
0.143 1.08723
0.144 1.09096
0.145 1.09468
0.146 1.0984
0.147 1.10211
0.148 1.10582
0.149 1.10952
0.15 1.11322
0.151 1.11691
0.152 1.1206
0.153 1.12428
0.154 1.12796
0.155 1.13163
0.156 1.1353
0.157 1.13897
0.158 1.14263
0.159 1.14628
0.16 1.14993
0.161 1.15358
0.162 1.15722
0.163 1.16086
0.164 1.1645
0.165 1.16813
0.166 1.17176
0.167 1.17538
0.168 1.17901
0.169 1.18263
0.17 1.18624
0.171 1.18985
0.172 1.19346
0.173 1.19707
0.174 1.20067
0.175 1.20427
0.176 1.20787
0.177 1.21147
0.178 1.21506
0.179 1.21865
0.18 1.22224
0.181 1.22582
0.182 1.2294
0.183 1.23299
0.184 1.23656
0.185 1.24014
0.186 1.24372
0.187 1.24729
0.188 1.25086
0.189 1.25443
0.19 1.258
0.191 1.26157
0.192 1.26513
0.193 1.2687
0.194 1.27226
0.195 1.27582
0.196 1.27938
0.197 1.28294
0.198 1.2865
0.199 1.29005
0.2 1.29361
0.201 1.29716
0.202 1.30072
0.203 1.30427
0.204 1.30782
0.205 1.31138
0.206 1.31493
0.207 1.31848
0.208 1.32203
0.209 1.32558
0.21 1.32913
0.211 1.33268
0.212 1.33623
0.213 1.33978
0.214 1.34333
0.215 1.34688
0.216 1.35043
0.217 1.35398
0.218 1.35753
0.219 1.36108
0.22 1.36464
0.221 1.36819
0.222 1.37174
0.223 1.37529
0.224 1.37885
0.225 1.3824
0.226 1.38596
0.227 1.38951
0.228 1.39307
0.229 1.39663
0.23 1.40019
0.231 1.40375
0.232 1.40731
0.233 1.41087
0.234 1.41443
0.235 1.418
0.236 1.42156
0.237 1.42513
0.238 1.4287
0.239 1.43227
0.24 1.43584
0.241 1.43941
0.242 1.44299
0.243 1.44656
0.244 1.45014
0.245 1.45372
0.246 1.45731
0.247 1.46089
0.248 1.46447
0.249 1.46806
0.25 1.47165
0.251 1.47524
0.252 1.47884
0.253 1.48243
0.254 1.48603
0.255 1.48963
0.256 1.49324
0.257 1.49684
0.258 1.50045
0.259 1.50406
0.26 1.50767
0.261 1.51129
0.262 1.5149
0.263 1.51852
0.264 1.52215
0.265 1.52577
0.266 1.5294
0.267 1.53303
0.268 1.53667
0.269 1.5403
0.27 1.54394
0.271 1.54758
0.272 1.55123
0.273 1.55488
0.274 1.55853
0.275 1.56218
0.276 1.56584
0.277 1.5695
0.278 1.57317
0.279 1.57683
0.28 1.5805
0.281 1.58418
0.282 1.58785
0.283 1.59153
0.284 1.59522
0.285 1.5989
0.286 1.60259
0.287 1.60629
0.288 1.60998
0.289 1.61368
0.29 1.61739
0.291 1.6211
0.292 1.62481
0.293 1.62852
0.294 1.63224
0.295 1.63596
0.296 1.63969
0.297 1.64342
0.298 1.64715
0.299 1.65089
0.3 1.65463
0.301 1.65837
0.302 1.66212
0.303 1.66587
0.304 1.66963
0.305 1.67339
0.306 1.67715
0.307 1.68092
0.308 1.68469
0.309 1.68847
0.31 1.69225
0.311 1.69603
0.312 1.69982
0.313 1.70361
0.314 1.70741
0.315 1.71121
0.316 1.71501
0.317 1.71882
0.318 1.72263
0.319 1.72645
0.32 1.73027
0.321 1.7341
0.322 1.73793
0.323 1.74176
0.324 1.7456
0.325 1.74944
0.326 1.75329
0.327 1.75714
0.328 1.761
0.329 1.76486
0.33 1.76873
0.331 1.7726
0.332 1.77647
0.333 1.78035
0.334 1.78424
0.335 1.78812
0.336 1.79202
0.337 1.79592
0.338 1.79982
0.339 1.80373
0.34 1.80764
0.341 1.81155
0.342 1.81548
0.343 1.8194
0.344 1.82333
0.345 1.82727
0.346 1.83121
0.347 1.83516
0.348 1.83911
0.349 1.84307
0.35 1.84703
0.351 1.851
0.352 1.85497
0.353 1.85894
0.354 1.86293
0.355 1.86691
0.356 1.87091
0.357 1.8749
0.358 1.87891
0.359 1.88292
0.36 1.88693
0.361 1.89095
0.362 1.89498
0.363 1.89901
0.364 1.90304
0.365 1.90708
0.366 1.91113
0.367 1.91518
0.368 1.91924
0.369 1.92331
0.37 1.92738
0.371 1.93145
0.372 1.93553
0.373 1.93962
0.374 1.94372
0.375 1.94782
0.376 1.95192
0.377 1.95603
0.378 1.96015
0.379 1.96427
0.38 1.96841
0.381 1.97254
0.382 1.97668
0.383 1.98083
0.384 1.98499
0.385 1.98915
0.386 1.99332
0.387 1.99749
0.388 2.00168
0.389 2.00586
0.39 2.01006
0.391 2.01426
0.392 2.01847
0.393 2.02269
0.394 2.02691
0.395 2.03114
0.396 2.03537
0.397 2.03962
0.398 2.04387
0.399 2.04813
0.4 2.05239
0.401 2.05667
0.402 2.06095
0.403 2.06523
0.404 2.06953
0.405 2.07383
0.406 2.07814
0.407 2.08246
0.408 2.08679
0.409 2.09112
0.41 2.09546
0.411 2.09981
0.412 2.10417
0.413 2.10853
0.414 2.11291
0.415 2.11729
0.416 2.12168
0.417 2.12608
0.418 2.13049
0.419 2.13491
0.42 2.13933
0.421 2.14376
0.422 2.14821
0.423 2.15266
0.424 2.15712
0.425 2.16159
0.426 2.16607
0.427 2.17056
0.428 2.17505
0.429 2.17956
0.43 2.18408
0.431 2.1886
0.432 2.19314
0.433 2.19768
0.434 2.20224
0.435 2.20681
0.436 2.21138
0.437 2.21597
0.438 2.22056
0.439 2.22517
0.44 2.22978
0.441 2.23441
0.442 2.23905
0.443 2.2437
0.444 2.24836
0.445 2.25303
0.446 2.25771
0.447 2.2624
0.448 2.2671
0.449 2.27182
0.45 2.27654
0.451 2.28128
0.452 2.28603
0.453 2.29079
0.454 2.29556
0.455 2.30035
0.456 2.30514
0.457 2.30995
0.458 2.31477
0.459 2.31961
0.46 2.32445
0.461 2.32931
0.462 2.33418
0.463 2.33907
0.464 2.34397
0.465 2.34888
0.466 2.3538
0.467 2.35874
0.468 2.36369
0.469 2.36865
0.47 2.37363
0.471 2.37862
0.472 2.38363
0.473 2.38865
0.474 2.39368
0.475 2.39873
0.476 2.4038
0.477 2.40887
0.478 2.41397
0.479 2.41907
0.48 2.4242
0.481 2.42933
0.482 2.43449
0.483 2.43966
0.484 2.44484
0.485 2.45004
0.486 2.45525
0.487 2.46049
0.488 2.46573
0.489 2.471
0.49 2.47628
0.491 2.48158
0.492 2.48689
0.493 2.49222
0.494 2.49757
0.495 2.50293
0.496 2.50832
0.497 2.51372
0.498 2.51913
0.499 2.52457
0.5 2.53002
0.501 2.53549
0.502 2.54098
0.503 2.54649
0.504 2.55202
0.505 2.55756
0.506 2.56313
0.507 2.56871
0.508 2.57431
0.509 2.57994
0.51 2.58558
0.511 2.59124
0.512 2.59692
0.513 2.60262
0.514 2.60834
0.515 2.61409
0.516 2.61985
0.517 2.62563
0.518 2.63144
0.519 2.63726
0.52 2.64311
0.521 2.64898
0.522 2.65487
0.523 2.66078
0.524 2.66671
0.525 2.67267
0.526 2.67864
0.527 2.68465
0.528 2.69067
0.529 2.69672
0.53 2.70278
0.531 2.70888
0.532 2.71499
0.533 2.72113
0.534 2.7273
0.535 2.73349
0.536 2.7397
0.537 2.74593
0.538 2.75219
0.539 2.75848
0.54 2.76479
0.541 2.77113
0.542 2.77749
0.543 2.78388
0.544 2.79029
0.545 2.79673
0.546 2.80319
0.547 2.80968
0.548 2.8162
0.549 2.82275
0.55 2.82932
0.551 2.83592
0.552 2.84254
0.553 2.8492
0.554 2.85588
0.555 2.86259
0.556 2.86933
0.557 2.87609
0.558 2.88289
0.559 2.88971
0.56 2.89657
0.561 2.90345
0.562 2.91036
0.563 2.9173
0.564 2.92427
0.565 2.93128
0.566 2.93831
0.567 2.94537
0.568 2.95246
0.569 2.95959
0.57 2.96674
0.571 2.97393
0.572 2.98115
0.573 2.9884
0.574 2.99568
0.575 3.003
0.576 3.01034
0.577 3.01772
0.578 3.02513
0.579 3.03258
0.58 3.04006
0.581 3.04757
0.582 3.05512
0.583 3.0627
0.584 3.07032
0.585 3.07796
0.586 3.08565
0.587 3.09337
0.588 3.10112
0.589 3.10891
0.59 3.11674
0.591 3.1246
0.592 3.13249
0.593 3.14043
0.594 3.1484
0.595 3.1564
0.596 3.16444
0.597 3.17252
0.598 3.18064
0.599 3.1888
0.6 3.19699
0.601 3.20522
0.602 3.21349
0.603 3.22179
0.604 3.23014
0.605 3.23852
0.606 3.24695
0.607 3.25541
0.608 3.26391
0.609 3.27245
0.61 3.28103
0.611 3.28965
0.612 3.29832
0.613 3.30702
0.614 3.31576
0.615 3.32454
0.616 3.33337
0.617 3.34224
0.618 3.35114
0.619 3.36009
0.62 3.36908
0.621 3.37812
0.622 3.38719
0.623 3.39631
0.624 3.40547
0.625 3.41467
0.626 3.42392
0.627 3.43321
0.628 3.44254
0.629 3.45191
0.63 3.46133
0.631 3.4708
0.632 3.48031
0.633 3.48986
0.634 3.49945
0.635 3.50909
0.636 3.51878
0.637 3.52851
0.638 3.53829
0.639 3.54811
0.64 3.55797
0.641 3.56788
0.642 3.57784
0.643 3.58784
0.644 3.59789
0.645 3.60799
0.646 3.61813
0.647 3.62831
0.648 3.63855
0.649 3.64883
0.65 3.65915
0.651 3.66953
0.652 3.67995
0.653 3.69042
0.654 3.70093
0.655 3.71149
0.656 3.7221
0.657 3.73276
0.658 3.74346
0.659 3.75421
0.66 3.76501
0.661 3.77586
0.662 3.78675
0.663 3.79769
0.664 3.80868
0.665 3.81972
0.666 3.83081
0.667 3.84194
0.668 3.85312
0.669 3.86435
0.67 3.87563
0.671 3.88696
0.672 3.89833
0.673 3.90975
0.674 3.92122
0.675 3.93274
0.676 3.94431
0.677 3.95592
0.678 3.96759
0.679 3.9793
0.68 3.99106
0.681 4.00286
0.682 4.01472
0.683 4.02662
0.684 4.03857
0.685 4.05057
0.686 4.06261
0.687 4.07471
0.688 4.08685
0.689 4.09904
0.69 4.11127
0.691 4.12355
0.692 4.13588
0.693 4.14826
0.694 4.16068
0.695 4.17315
0.696 4.18567
0.697 4.19823
0.698 4.21084
0.699 4.22349
0.7 4.23619
0.701 4.24894
0.702 4.26173
0.703 4.27456
0.704 4.28745
0.705 4.30037
0.706 4.31334
0.707 4.32636
0.708 4.33941
0.709 4.35252
0.71 4.36566
0.711 4.37885
0.712 4.39208
0.713 4.40536
0.714 4.41868
0.715 4.43204
0.716 4.44544
0.717 4.45888
0.718 4.47236
0.719 4.48589
0.72 4.49945
0.721 4.51305
0.722 4.5267
0.723 4.54038
0.724 4.5541
0.725 4.56786
0.726 4.58166
0.727 4.5955
0.728 4.60937
0.729 4.62328
0.73 4.63723
0.731 4.65121
0.732 4.66523
0.733 4.67928
0.734 4.69337
0.735 4.70749
0.736 4.72164
0.737 4.73583
0.738 4.75005
0.739 4.7643
0.74 4.77858
0.741 4.7929
0.742 4.80724
0.743 4.82161
0.744 4.83602
0.745 4.85045
0.746 4.86491
0.747 4.8794
0.748 4.89391
0.749 4.90845
0.75 4.92302
0.751 4.93761
0.752 4.95223
0.753 4.96687
0.754 4.98153
0.755 4.99621
0.756 5.01092
0.757 5.02565
0.758 5.0404
0.759 5.05516
0.76 5.06995
0.761 5.08476
0.762 5.09958
0.763 5.11442
0.764 5.12928
0.765 5.14415
0.766 5.15904
0.767 5.17394
0.768 5.18885
0.769 5.20378
0.77 5.21872
0.771 5.23367
0.772 5.24863
0.773 5.2636
0.774 5.27858
0.775 5.29356
0.776 5.30856
0.777 5.32356
0.778 5.33856
0.779 5.35358
0.78 5.36859
0.781 5.38361
0.782 5.39863
0.783 5.41365
0.784 5.42867
0.785 5.4437
0.786 5.45872
0.787 5.47374
0.788 5.48876
0.789 5.50377
0.79 5.51878
0.791 5.53379
0.792 5.54879
0.793 5.56378
0.794 5.57877
0.795 5.59374
0.796 5.60871
0.797 5.62367
0.798 5.63861
0.799 5.65355
0.8 5.66847
0.801 5.68338
0.802 5.69827
0.803 5.71315
0.804 5.72801
0.805 5.74286
0.806 5.75768
0.807 5.77249
0.808 5.78728
0.809 5.80205
0.81 5.8168
0.811 5.83152
0.812 5.84622
0.813 5.8609
0.814 5.87555
0.815 5.89018
0.816 5.90478
0.817 5.91935
0.818 5.9339
0.819 5.94841
0.82 5.9629
0.821 5.97735
0.822 5.99178
0.823 6.00617
0.824 6.02053
0.825 6.03485
0.826 6.04914
0.827 6.06339
0.828 6.07761
0.829 6.09178
0.83 6.10592
0.831 6.12002
0.832 6.13409
0.833 6.14811
0.834 6.16208
0.835 6.17602
0.836 6.18991
0.837 6.20376
0.838 6.21757
0.839 6.23132
0.84 6.24504
0.841 6.2587
0.842 6.27232
0.843 6.28589
0.844 6.29941
0.845 6.31288
0.846 6.32629
0.847 6.33966
0.848 6.35297
0.849 6.36624
0.85 6.37944
0.851 6.3926
0.852 6.4057
0.853 6.41874
0.854 6.43172
0.855 6.44465
0.856 6.45752
0.857 6.47034
0.858 6.48309
0.859 6.49578
0.86 6.50842
0.861 6.52099
0.862 6.5335
0.863 6.54595
0.864 6.55833
0.865 6.57065
0.866 6.58291
0.867 6.5951
0.868 6.60723
0.869 6.6193
0.87 6.63129
0.871 6.64322
0.872 6.65508
0.873 6.66688
0.874 6.67861
0.875 6.69026
0.876 6.70185
0.877 6.71337
0.878 6.72482
0.879 6.7362
0.88 6.74751
0.881 6.75874
0.882 6.76991
0.883 6.781
0.884 6.79202
0.885 6.80297
0.886 6.81384
0.887 6.82464
0.888 6.83537
0.889 6.84602
0.89 6.8566
0.891 6.8671
0.892 6.87753
0.893 6.88788
0.894 6.89816
0.895 6.90836
0.896 6.91849
0.897 6.92853
0.898 6.93851
0.899 6.9484
0.9 6.95822
0.901 6.96796
0.902 6.97763
0.903 6.98721
0.904 6.99672
0.905 7.00615
0.906 7.01551
0.907 7.02478
0.908 7.03398
0.909 7.0431
0.91 7.05214
0.911 7.06111
0.912 7.06999
0.913 7.0788
0.914 7.08753
0.915 7.09618
0.916 7.10475
0.917 7.11325
0.918 7.12166
0.919 7.13
0.92 7.13826
0.921 7.14644
0.922 7.15455
0.923 7.16257
0.924 7.17052
0.925 7.17839
0.926 7.18619
0.927 7.1939
0.928 7.20154
0.929 7.2091
0.93 7.21659
0.931 7.224
0.932 7.23133
0.933 7.23858
0.934 7.24576
0.935 7.25287
0.936 7.25989
0.937 7.26685
0.938 7.27372
0.939 7.28052
0.94 7.28725
0.941 7.2939
0.942 7.30048
0.943 7.30699
0.944 7.31342
0.945 7.31977
0.946 7.32606
0.947 7.33227
0.948 7.33841
0.949 7.34448
0.95 7.35047
0.951 7.3564
0.952 7.36225
0.953 7.36803
0.954 7.37374
0.955 7.37938
0.956 7.38496
0.957 7.39046
0.958 7.39589
0.959 7.40126
0.96 7.40656
0.961 7.41179
0.962 7.41695
0.963 7.42205
0.964 7.42707
0.965 7.43204
0.966 7.43694
0.967 7.44177
0.968 7.44654
0.969 7.45124
0.97 7.45588
0.971 7.46046
0.972 7.46497
0.973 7.46942
0.974 7.47381
0.975 7.47814
0.976 7.4824
0.977 7.48661
0.978 7.49075
0.979 7.49484
0.98 7.49886
0.981 7.50283
0.982 7.50674
0.983 7.51059
0.984 7.51438
0.985 7.51812
0.986 7.5218
0.987 7.52542
0.988 7.52899
0.989 7.5325
0.99 7.53596
0.991 7.53936
0.992 7.54272
0.993 7.54601
0.994 7.54926
0.995 7.55245
0.996 7.55559
0.997 7.55868
0.998 7.56172
0.999 7.56471
1 7.56765
1.001 0
