0 5
0.001 3.49345
0.002 3.49076
0.003 3.48808
0.004 3.48542
0.005 3.48277
0.006 3.48014
0.007 3.47753
0.008 3.47493
0.009 3.47234
0.01 3.46977
0.011 3.46722
0.012 3.46469
0.013 3.46217
0.014 3.45967
0.015 3.45718
0.016 3.45472
0.017 3.45227
0.018 3.44984
0.019 3.44743
0.02 3.44503
0.021 3.44266
0.022 3.44031
0.023 3.43797
0.024 3.43566
0.025 3.43336
0.026 3.43108
0.027 3.42883
0.028 3.42659
0.029 3.42438
0.03 3.42219
0.031 3.42001
0.032 3.41786
0.033 3.41573
0.034 3.41362
0.035 3.41153
0.036 3.40947
0.037 3.40742
0.038 3.4054
0.039 3.4034
0.04 3.40143
0.041 3.39947
0.042 3.39754
0.043 3.39563
0.044 3.39374
0.045 3.39188
0.046 3.39004
0.047 3.38822
0.048 3.38643
0.049 3.38465
0.05 3.38291
0.051 3.38118
0.052 3.37948
0.053 3.3778
0.054 3.37615
0.055 3.37452
0.056 3.37291
0.057 3.37133
0.058 3.36977
0.059 3.36823
0.06 3.36672
0.061 3.36523
0.062 3.36377
0.063 3.36233
0.064 3.36091
0.065 3.35952
0.066 3.35815
0.067 3.3568
0.068 3.35548
0.069 3.35418
0.07 3.35291
0.071 3.35166
0.072 3.35043
0.073 3.34922
0.074 3.34804
0.075 3.34688
0.076 3.34575
0.077 3.34464
0.078 3.34355
0.079 3.34248
0.08 3.34144
0.081 3.34042
0.082 3.33942
0.083 3.33844
0.084 3.33749
0.085 3.33656
0.086 3.33565
0.087 3.33476
0.088 3.33389
0.089 3.33305
0.09 3.33223
0.091 3.33143
0.092 3.33065
0.093 3.32989
0.094 3.32915
0.095 3.32843
0.096 3.32774
0.097 3.32706
0.098 3.32641
0.099 3.32577
0.1 3.32516
0.101 3.32456
0.102 3.32398
0.103 3.32343
0.104 3.32289
0.105 3.32237
0.106 3.32187
0.107 3.32139
0.108 3.32092
0.109 3.32048
0.11 3.32005
0.111 3.31964
0.112 3.31925
0.113 3.31888
0.114 3.31852
0.115 3.31818
0.116 3.31785
0.117 3.31755
0.118 3.31726
0.119 3.31698
0.12 3.31672
0.121 3.31648
0.122 3.31625
0.123 3.31604
0.124 3.31584
0.125 3.31566
0.126 3.31549
0.127 3.31533
0.128 3.31519
0.129 3.31507
0.13 3.31496
0.131 3.31486
0.132 3.31477
0.133 3.3147
0.134 3.31464
0.135 3.31459
0.136 3.31455
0.137 3.31453
0.138 3.31452
0.139 3.31452
0.14 3.31453
0.141 3.31456
0.142 3.31459
0.143 3.31464
0.144 3.31469
0.145 3.31476
0.146 3.31484
0.147 3.31492
0.148 3.31502
0.149 3.31513
0.15 3.31524
0.151 3.31537
0.152 3.3155
0.153 3.31565
0.154 3.3158
0.155 3.31596
0.156 3.31613
0.157 3.3163
0.158 3.31649
0.159 3.31668
0.16 3.31688
0.161 3.31709
0.162 3.3173
0.163 3.31752
0.164 3.31775
0.165 3.31799
0.166 3.31823
0.167 3.31848
0.168 3.31873
0.169 3.31899
0.17 3.31926
0.171 3.31953
0.172 3.31981
0.173 3.32009
0.174 3.32038
0.175 3.32067
0.176 3.32097
0.177 3.32127
0.178 3.32158
0.179 3.32189
0.18 3.32221
0.181 3.32253
0.182 3.32285
0.183 3.32318
0.184 3.32352
0.185 3.32385
0.186 3.32419
0.187 3.32454
0.188 3.32488
0.189 3.32524
0.19 3.32559
0.191 3.32595
0.192 3.32631
0.193 3.32667
0.194 3.32703
0.195 3.3274
0.196 3.32777
0.197 3.32814
0.198 3.32852
0.199 3.3289
0.2 3.32928
0.201 3.32966
0.202 3.33004
0.203 3.33042
0.204 3.33081
0.205 3.3312
0.206 3.33159
0.207 3.33198
0.208 3.33237
0.209 3.33277
0.21 3.33316
0.211 3.33356
0.212 3.33396
0.213 3.33435
0.214 3.33475
0.215 3.33515
0.216 3.33555
0.217 3.33595
0.218 3.33636
0.219 3.33676
0.22 3.33716
0.221 3.33757
0.222 3.33797
0.223 3.33837
0.224 3.33878
0.225 3.33918
0.226 3.33959
0.227 3.33999
0.228 3.3404
0.229 3.3408
0.23 3.3412
0.231 3.34161
0.232 3.34201
0.233 3.34242
0.234 3.34282
0.235 3.34322
0.236 3.34362
0.237 3.34403
0.238 3.34443
0.239 3.34483
0.24 3.34523
0.241 3.34563
0.242 3.34603
0.243 3.34643
0.244 3.34682
0.245 3.34722
0.246 3.34761
0.247 3.34801
0.248 3.3484
0.249 3.3488
0.25 3.34919
0.251 3.34958
0.252 3.34997
0.253 3.35035
0.254 3.35074
0.255 3.35113
0.256 3.35151
0.257 3.35189
0.258 3.35228
0.259 3.35266
0.26 3.35304
0.261 3.35341
0.262 3.35379
0.263 3.35416
0.264 3.35454
0.265 3.35491
0.266 3.35528
0.267 3.35565
0.268 3.35602
0.269 3.35638
0.27 3.35674
0.271 3.35711
0.272 3.35747
0.273 3.35782
0.274 3.35818
0.275 3.35854
0.276 3.35889
0.277 3.35924
0.278 3.35959
0.279 3.35993
0.28 3.36028
0.281 3.36062
0.282 3.36096
0.283 3.3613
0.284 3.36164
0.285 3.36198
0.286 3.36231
0.287 3.36264
0.288 3.36297
0.289 3.3633
0.29 3.36362
0.291 3.36394
0.292 3.36426
0.293 3.36458
0.294 3.3649
0.295 3.36521
0.296 3.36552
0.297 3.36583
0.298 3.36614
0.299 3.36644
0.3 3.36675
0.301 3.36705
0.302 3.36734
0.303 3.36764
0.304 3.36793
0.305 3.36822
0.306 3.36851
0.307 3.3688
0.308 3.36908
0.309 3.36936
0.31 3.36964
0.311 3.36991
0.312 3.37019
0.313 3.37046
0.314 3.37073
0.315 3.37099
0.316 3.37126
0.317 3.37152
0.318 3.37178
0.319 3.37203
0.32 3.37228
0.321 3.37254
0.322 3.37278
0.323 3.37303
0.324 3.37327
0.325 3.37351
0.326 3.37375
0.327 3.37398
0.328 3.37422
0.329 3.37445
0.33 3.37467
0.331 3.3749
0.332 3.37512
0.333 3.37534
0.334 3.37556
0.335 3.37577
0.336 3.37598
0.337 3.37619
0.338 3.3764
0.339 3.3766
0.34 3.3768
0.341 3.377
0.342 3.37719
0.343 3.37738
0.344 3.37757
0.345 3.37776
0.346 3.37794
0.347 3.37813
0.348 3.3783
0.349 3.37848
0.35 3.37865
0.351 3.37882
0.352 3.37899
0.353 3.37916
0.354 3.37932
0.355 3.37948
0.356 3.37964
0.357 3.37979
0.358 3.37994
0.359 3.38009
0.36 3.38024
0.361 3.38038
0.362 3.38052
0.363 3.38066
0.364 3.38079
0.365 3.38092
0.366 3.38105
0.367 3.38118
0.368 3.38131
0.369 3.38143
0.37 3.38155
0.371 3.38166
0.372 3.38177
0.373 3.38188
0.374 3.38199
0.375 3.3821
0.376 3.3822
0.377 3.3823
0.378 3.3824
0.379 3.38249
0.38 3.38258
0.381 3.38267
0.382 3.38276
0.383 3.38284
0.384 3.38292
0.385 3.383
0.386 3.38307
0.387 3.38315
0.388 3.38322
0.389 3.38329
0.39 3.38335
0.391 3.38341
0.392 3.38347
0.393 3.38353
0.394 3.38358
0.395 3.38363
0.396 3.38368
0.397 3.38373
0.398 3.38377
0.399 3.38381
0.4 3.38385
0.401 3.38389
0.402 3.38392
0.403 3.38395
0.404 3.38398
0.405 3.38401
0.406 3.38403
0.407 3.38405
0.408 3.38407
0.409 3.38408
0.41 3.38409
0.411 3.3841
0.412 3.38411
0.413 3.38412
0.414 3.38412
0.415 3.38412
0.416 3.38412
0.417 3.38411
0.418 3.3841
0.419 3.38409
0.42 3.38408
0.421 3.38407
0.422 3.38405
0.423 3.38403
0.424 3.38401
0.425 3.38398
0.426 3.38396
0.427 3.38393
0.428 3.38389
0.429 3.38386
0.43 3.38382
0.431 3.38378
0.432 3.38374
0.433 3.3837
0.434 3.38365
0.435 3.3836
0.436 3.38355
0.437 3.38349
0.438 3.38344
0.439 3.38338
0.44 3.38332
0.441 3.38325
0.442 3.38319
0.443 3.38312
0.444 3.38305
0.445 3.38298
0.446 3.3829
0.447 3.38283
0.448 3.38275
0.449 3.38266
0.45 3.38258
0.451 3.38249
0.452 3.3824
0.453 3.38231
0.454 3.38222
0.455 3.38212
0.456 3.38202
0.457 3.38192
0.458 3.38182
0.459 3.38172
0.46 3.38161
0.461 3.3815
0.462 3.38139
0.463 3.38127
0.464 3.38116
0.465 3.38104
0.466 3.38092
0.467 3.3808
0.468 3.38067
0.469 3.38054
0.47 3.38041
0.471 3.38028
0.472 3.38015
0.473 3.38001
0.474 3.37988
0.475 3.37973
0.476 3.37959
0.477 3.37945
0.478 3.3793
0.479 3.37915
0.48 3.379
0.481 3.37885
0.482 3.37869
0.483 3.37853
0.484 3.37837
0.485 3.37821
0.486 3.37805
0.487 3.37788
0.488 3.37771
0.489 3.37754
0.49 3.37737
0.491 3.3772
0.492 3.37702
0.493 3.37684
0.494 3.37666
0.495 3.37648
0.496 3.37629
0.497 3.3761
0.498 3.37591
0.499 3.37572
0.5 3.37553
0.501 3.37533
0.502 3.37514
0.503 3.37494
0.504 3.37473
0.505 3.37453
0.506 3.37432
0.507 3.37412
0.508 3.37391
0.509 3.37369
0.51 3.37348
0.511 3.37326
0.512 3.37305
0.513 3.37282
0.514 3.3726
0.515 3.37238
0.516 3.37215
0.517 3.37192
0.518 3.37169
0.519 3.37146
0.52 3.37122
0.521 3.37099
0.522 3.37075
0.523 3.37051
0.524 3.37026
0.525 3.37002
0.526 3.36977
0.527 3.36952
0.528 3.36927
0.529 3.36902
0.53 3.36876
0.531 3.36851
0.532 3.36825
0.533 3.36799
0.534 3.36772
0.535 3.36746
0.536 3.36719
0.537 3.36692
0.538 3.36665
0.539 3.36638
0.54 3.3661
0.541 3.36582
0.542 3.36554
0.543 3.36526
0.544 3.36498
0.545 3.36469
0.546 3.36441
0.547 3.36412
0.548 3.36382
0.549 3.36353
0.55 3.36323
0.551 3.36294
0.552 3.36264
0.553 3.36233
0.554 3.36203
0.555 3.36172
0.556 3.36142
0.557 3.36111
0.558 3.36079
0.559 3.36048
0.56 3.36016
0.561 3.35985
0.562 3.35952
0.563 3.3592
0.564 3.35888
0.565 3.35855
0.566 3.35822
0.567 3.35789
0.568 3.35756
0.569 3.35722
0.57 3.35689
0.571 3.35655
0.572 3.35621
0.573 3.35586
0.574 3.35552
0.575 3.35517
0.576 3.35482
0.577 3.35447
0.578 3.35412
0.579 3.35376
0.58 3.3534
0.581 3.35304
0.582 3.35268
0.583 3.35232
0.584 3.35195
0.585 3.35158
0.586 3.35121
0.587 3.35084
0.588 3.35046
0.589 3.35008
0.59 3.3497
0.591 3.34932
0.592 3.34894
0.593 3.34855
0.594 3.34816
0.595 3.34777
0.596 3.34738
0.597 3.34699
0.598 3.34659
0.599 3.34619
0.6 3.34579
0.601 3.34538
0.602 3.34498
0.603 3.34457
0.604 3.34416
0.605 3.34374
0.606 3.34333
0.607 3.34291
0.608 3.34249
0.609 3.34207
0.61 3.34164
0.611 3.34121
0.612 3.34079
0.613 3.34035
0.614 3.33992
0.615 3.33948
0.616 3.33904
0.617 3.3386
0.618 3.33815
0.619 3.33771
0.62 3.33726
0.621 3.33681
0.622 3.33635
0.623 3.33589
0.624 3.33543
0.625 3.33497
0.626 3.33451
0.627 3.33404
0.628 3.33357
0.629 3.33309
0.63 3.33262
0.631 3.33214
0.632 3.33166
0.633 3.33117
0.634 3.33069
0.635 3.3302
0.636 3.3297
0.637 3.32921
0.638 3.32871
0.639 3.32821
0.64 3.3277
0.641 3.3272
0.642 3.32669
0.643 3.32617
0.644 3.32566
0.645 3.32514
0.646 3.32461
0.647 3.32409
0.648 3.32356
0.649 3.32303
0.65 3.32249
0.651 3.32195
0.652 3.32141
0.653 3.32086
0.654 3.32031
0.655 3.31976
0.656 3.31921
0.657 3.31865
0.658 3.31808
0.659 3.31752
0.66 3.31695
0.661 3.31637
0.662 3.31579
0.663 3.31521
0.664 3.31463
0.665 3.31404
0.666 3.31344
0.667 3.31285
0.668 3.31225
0.669 3.31164
0.67 3.31103
0.671 3.31042
0.672 3.3098
0.673 3.30918
0.674 3.30855
0.675 3.30792
0.676 3.30729
0.677 3.30665
0.678 3.306
0.679 3.30535
0.68 3.3047
0.681 3.30404
0.682 3.30338
0.683 3.30271
0.684 3.30204
0.685 3.30136
0.686 3.30068
0.687 3.29999
0.688 3.2993
0.689 3.2986
0.69 3.29789
0.691 3.29718
0.692 3.29647
0.693 3.29575
0.694 3.29502
0.695 3.29429
0.696 3.29355
0.697 3.29281
0.698 3.29206
0.699 3.29131
0.7 3.29055
0.701 3.28978
0.702 3.28901
0.703 3.28823
0.704 3.28744
0.705 3.28665
0.706 3.28585
0.707 3.28504
0.708 3.28423
0.709 3.28341
0.71 3.28258
0.711 3.28175
0.712 3.28091
0.713 3.28006
0.714 3.2792
0.715 3.27834
0.716 3.27747
0.717 3.27659
0.718 3.27571
0.719 3.27482
0.72 3.27392
0.721 3.27301
0.722 3.27209
0.723 3.27116
0.724 3.27023
0.725 3.26929
0.726 3.26834
0.727 3.26738
0.728 3.26641
0.729 3.26544
0.73 3.26445
0.731 3.26346
0.732 3.26246
0.733 3.26144
0.734 3.26042
0.735 3.25939
0.736 3.25835
0.737 3.2573
0.738 3.25624
0.739 3.25517
0.74 3.25409
0.741 3.25301
0.742 3.25191
0.743 3.2508
0.744 3.24968
0.745 3.24855
0.746 3.24741
0.747 3.24626
0.748 3.2451
0.749 3.24393
0.75 3.24274
0.751 3.24155
0.752 3.24034
0.753 3.23913
0.754 3.2379
0.755 3.23666
0.756 3.23541
0.757 3.23415
0.758 3.23288
0.759 3.2316
0.76 3.2303
0.761 3.22899
0.762 3.22767
0.763 3.22634
0.764 3.225
0.765 3.22364
0.766 3.22228
0.767 3.2209
0.768 3.2195
0.769 3.2181
0.77 3.21668
0.771 3.21525
0.772 3.21381
0.773 3.21236
0.774 3.21089
0.775 3.20941
0.776 3.20792
0.777 3.20641
0.778 3.20489
0.779 3.20336
0.78 3.20182
0.781 3.20026
0.782 3.19869
0.783 3.19711
0.784 3.19551
0.785 3.1939
0.786 3.19228
0.787 3.19065
0.788 3.189
0.789 3.18734
0.79 3.18566
0.791 3.18398
0.792 3.18228
0.793 3.18056
0.794 3.17884
0.795 3.1771
0.796 3.17535
0.797 3.17358
0.798 3.1718
0.799 3.17001
0.8 3.16821
0.801 3.16639
0.802 3.16456
0.803 3.16272
0.804 3.16086
0.805 3.159
0.806 3.15712
0.807 3.15522
0.808 3.15332
0.809 3.1514
0.81 3.14947
0.811 3.14753
0.812 3.14557
0.813 3.14361
0.814 3.14163
0.815 3.13964
0.816 3.13764
0.817 3.13563
0.818 3.1336
0.819 3.13157
0.82 3.12952
0.821 3.12747
0.822 3.1254
0.823 3.12332
0.824 3.12123
0.825 3.11913
0.826 3.11702
0.827 3.1149
0.828 3.11277
0.829 3.11063
0.83 3.10848
0.831 3.10632
0.832 3.10415
0.833 3.10197
0.834 3.09978
0.835 3.09759
0.836 3.09539
0.837 3.09317
0.838 3.09095
0.839 3.08873
0.84 3.08649
0.841 3.08425
0.842 3.082
0.843 3.07974
0.844 3.07747
0.845 3.0752
0.846 3.07293
0.847 3.07064
0.848 3.06836
0.849 3.06606
0.85 3.06376
0.851 3.06146
0.852 3.05915
0.853 3.05683
0.854 3.05451
0.855 3.05219
0.856 3.04986
0.857 3.04753
0.858 3.0452
0.859 3.04286
0.86 3.04052
0.861 3.03818
0.862 3.03584
0.863 3.03349
0.864 3.03115
0.865 3.0288
0.866 3.02645
0.867 3.02409
0.868 3.02174
0.869 3.01939
0.87 3.01704
0.871 3.01469
0.872 3.01234
0.873 3.00999
0.874 3.00764
0.875 3.00529
0.876 3.00294
0.877 3.0006
0.878 2.99825
0.879 2.99591
0.88 2.99358
0.881 2.99124
0.882 2.98891
0.883 2.98658
0.884 2.98426
0.885 2.98194
0.886 2.97963
0.887 2.97731
0.888 2.97501
0.889 2.97271
0.89 2.97041
0.891 2.96812
0.892 2.96584
0.893 2.96356
0.894 2.96129
0.895 2.95902
0.896 2.95676
0.897 2.95451
0.898 2.95227
0.899 2.95003
0.9 2.94781
0.901 2.94559
0.902 2.94337
0.903 2.94117
0.904 2.93897
0.905 2.93679
0.906 2.93461
0.907 2.93244
0.908 2.93029
0.909 2.92814
0.91 2.926
0.911 2.92387
0.912 2.92175
0.913 2.91965
0.914 2.91755
0.915 2.91546
0.916 2.91339
0.917 2.91132
0.918 2.90927
0.919 2.90723
0.92 2.9052
0.921 2.90318
0.922 2.90118
0.923 2.89919
0.924 2.8972
0.925 2.89524
0.926 2.89328
0.927 2.89134
0.928 2.88941
0.929 2.88749
0.93 2.88558
0.931 2.88369
0.932 2.88182
0.933 2.87995
0.934 2.8781
0.935 2.87626
0.936 2.87444
0.937 2.87263
0.938 2.87083
0.939 2.86905
0.94 2.86728
0.941 2.86553
0.942 2.86379
0.943 2.86206
0.944 2.86035
0.945 2.85865
0.946 2.85697
0.947 2.8553
0.948 2.85364
0.949 2.852
0.95 2.85038
0.951 2.84877
0.952 2.84717
0.953 2.84559
0.954 2.84402
0.955 2.84247
0.956 2.84093
0.957 2.83941
0.958 2.8379
0.959 2.83641
0.96 2.83493
0.961 2.83347
0.962 2.83202
0.963 2.83058
0.964 2.82916
0.965 2.82776
0.966 2.82637
0.967 2.82499
0.968 2.82363
0.969 2.82228
0.97 2.82095
0.971 2.81963
0.972 2.81833
0.973 2.81704
0.974 2.81577
0.975 2.81451
0.976 2.81326
0.977 2.81203
0.978 2.81081
0.979 2.80961
0.98 2.80842
0.981 2.80725
0.982 2.80609
0.983 2.80494
0.984 2.80381
0.985 2.80269
0.986 2.80158
0.987 2.80049
0.988 2.79942
0.989 2.79835
0.99 2.7973
0.991 2.79626
0.992 2.79524
0.993 2.79423
0.994 2.79323
0.995 2.79225
0.996 2.79128
0.997 2.79032
0.998 2.78938
0.999 2.78845
1 2.78753
1.001 5
