0 5
0.001 4.08949
0.002 4.09183
0.003 4.09419
0.004 4.09657
0.005 4.09897
0.006 4.10138
0.007 4.10381
0.008 4.10626
0.009 4.10873
0.01 4.11121
0.011 4.11372
0.012 4.11624
0.013 4.11878
0.014 4.12134
0.015 4.12391
0.016 4.12651
0.017 4.12913
0.018 4.13176
0.019 4.13442
0.02 4.13709
0.021 4.13978
0.022 4.1425
0.023 4.14523
0.024 4.14798
0.025 4.15075
0.026 4.15355
0.027 4.15636
0.028 4.15919
0.029 4.16205
0.03 4.16492
0.031 4.16782
0.032 4.17074
0.033 4.17368
0.034 4.17664
0.035 4.17962
0.036 4.18262
0.037 4.18565
0.038 4.18869
0.039 4.19176
0.04 4.19485
0.041 4.19797
0.042 4.2011
0.043 4.20426
0.044 4.20744
0.045 4.21065
0.046 4.21387
0.047 4.21712
0.048 4.2204
0.049 4.22369
0.05 4.22701
0.051 4.23035
0.052 4.23372
0.053 4.23711
0.054 4.24053
0.055 4.24396
0.056 4.24743
0.057 4.25091
0.058 4.25442
0.059 4.25796
0.06 4.26152
0.061 4.2651
0.062 4.26871
0.063 4.27235
0.064 4.27601
0.065 4.27969
0.066 4.2834
0.067 4.28713
0.068 4.29089
0.069 4.29468
0.07 4.29849
0.071 4.30233
0.072 4.30619
0.073 4.31008
0.074 4.31399
0.075 4.31793
0.076 4.3219
0.077 4.32589
0.078 4.32991
0.079 4.33395
0.08 4.33802
0.081 4.34212
0.082 4.34625
0.083 4.3504
0.084 4.35457
0.085 4.35878
0.086 4.36301
0.087 4.36727
0.088 4.37155
0.089 4.37586
0.09 4.3802
0.091 4.38457
0.092 4.38896
0.093 4.39338
0.094 4.39783
0.095 4.4023
0.096 4.4068
0.097 4.41133
0.098 4.41589
0.099 4.42047
0.1 4.42508
0.101 4.42972
0.102 4.43439
0.103 4.43908
0.104 4.4438
0.105 4.44855
0.106 4.45332
0.107 4.45812
0.108 4.46295
0.109 4.46781
0.11 4.47269
0.111 4.47761
0.112 4.48255
0.113 4.48751
0.114 4.49251
0.115 4.49753
0.116 4.50258
0.117 4.50765
0.118 4.51275
0.119 4.51788
0.12 4.52304
0.121 4.52822
0.122 4.53343
0.123 4.53867
0.124 4.54394
0.125 4.54923
0.126 4.55454
0.127 4.55989
0.128 4.56526
0.129 4.57065
0.13 4.57608
0.131 4.58152
0.132 4.587
0.133 4.5925
0.134 4.59803
0.135 4.60358
0.136 4.60915
0.137 4.61476
0.138 4.62038
0.139 4.62604
0.14 4.63172
0.141 4.63742
0.142 4.64314
0.143 4.6489
0.144 4.65467
0.145 4.66047
0.146 4.66629
0.147 4.67214
0.148 4.67801
0.149 4.6839
0.15 4.68982
0.151 4.69576
0.152 4.70172
0.153 4.7077
0.154 4.71371
0.155 4.71974
0.156 4.72579
0.157 4.73186
0.158 4.73795
0.159 4.74406
0.16 4.75019
0.161 4.75635
0.162 4.76252
0.163 4.76871
0.164 4.77492
0.165 4.78115
0.166 4.7874
0.167 4.79367
0.168 4.79995
0.169 4.80625
0.17 4.81257
0.171 4.81891
0.172 4.82526
0.173 4.83163
0.174 4.83802
0.175 4.84442
0.176 4.85083
0.177 4.85726
0.178 4.8637
0.179 4.87016
0.18 4.87663
0.181 4.88312
0.182 4.88961
0.183 4.89612
0.184 4.90264
0.185 4.90917
0.186 4.91572
0.187 4.92227
0.188 4.92883
0.189 4.9354
0.19 4.94198
0.191 4.94857
0.192 4.95517
0.193 4.96177
0.194 4.96838
0.195 4.975
0.196 4.98163
0.197 4.98826
0.198 4.99489
0.199 5.00153
0.2 5.00817
0.201 5.01482
0.202 5.02147
0.203 5.02812
0.204 5.03478
0.205 5.04143
0.206 5.04809
0.207 5.05474
0.208 5.0614
0.209 5.06806
0.21 5.07471
0.211 5.08136
0.212 5.08801
0.213 5.09466
0.214 5.1013
0.215 5.10794
0.216 5.11458
0.217 5.12121
0.218 5.12784
0.219 5.13446
0.22 5.14107
0.221 5.14767
0.222 5.15427
0.223 5.16086
0.224 5.16744
0.225 5.17401
0.226 5.18058
0.227 5.18713
0.228 5.19367
0.229 5.2002
0.23 5.20672
0.231 5.21322
0.232 5.21972
0.233 5.2262
0.234 5.23266
0.235 5.23912
0.236 5.24555
0.237 5.25197
0.238 5.25838
0.239 5.26477
0.24 5.27115
0.241 5.2775
0.242 5.28384
0.243 5.29016
0.244 5.29647
0.245 5.30275
0.246 5.30902
0.247 5.31526
0.248 5.32149
0.249 5.3277
0.25 5.33388
0.251 5.34005
0.252 5.34619
0.253 5.35231
0.254 5.35841
0.255 5.36449
0.256 5.37054
0.257 5.37657
0.258 5.38258
0.259 5.38856
0.26 5.39452
0.261 5.40046
0.262 5.40637
0.263 5.41225
0.264 5.41811
0.265 5.42395
0.266 5.42976
0.267 5.43554
0.268 5.4413
0.269 5.44703
0.27 5.45273
0.271 5.45841
0.272 5.46406
0.273 5.46969
0.274 5.47529
0.275 5.48085
0.276 5.4864
0.277 5.49191
0.278 5.4974
0.279 5.50286
0.28 5.50829
0.281 5.51369
0.282 5.51906
0.283 5.52441
0.284 5.52973
0.285 5.53502
0.286 5.54028
0.287 5.54551
0.288 5.55071
0.289 5.55589
0.29 5.56103
0.291 5.56615
0.292 5.57124
0.293 5.5763
0.294 5.58133
0.295 5.58633
0.296 5.5913
0.297 5.59624
0.298 5.60116
0.299 5.60605
0.3 5.6109
0.301 5.61573
0.302 5.62053
0.303 5.6253
0.304 5.63005
0.305 5.63476
0.306 5.63945
0.307 5.64411
0.308 5.64874
0.309 5.65334
0.31 5.65791
0.311 5.66246
0.312 5.66697
0.313 5.67146
0.314 5.67592
0.315 5.68036
0.316 5.68477
0.317 5.68914
0.318 5.6935
0.319 5.69782
0.32 5.70212
0.321 5.70639
0.322 5.71063
0.323 5.71485
0.324 5.71904
0.325 5.72321
0.326 5.72735
0.327 5.73146
0.328 5.73554
0.329 5.7396
0.33 5.74364
0.331 5.74765
0.332 5.75163
0.333 5.75559
0.334 5.75952
0.335 5.76343
0.336 5.76732
0.337 5.77118
0.338 5.77501
0.339 5.77882
0.34 5.78261
0.341 5.78637
0.342 5.79011
0.343 5.79382
0.344 5.79751
0.345 5.80118
0.346 5.80483
0.347 5.80845
0.348 5.81205
0.349 5.81562
0.35 5.81917
0.351 5.82271
0.352 5.82621
0.353 5.8297
0.354 5.83316
0.355 5.83661
0.356 5.84003
0.357 5.84343
0.358 5.8468
0.359 5.85016
0.36 5.8535
0.361 5.85681
0.362 5.86011
0.363 5.86338
0.364 5.86663
0.365 5.86986
0.366 5.87308
0.367 5.87627
0.368 5.87944
0.369 5.8826
0.37 5.88573
0.371 5.88884
0.372 5.89194
0.373 5.89501
0.374 5.89807
0.375 5.90111
0.376 5.90412
0.377 5.90712
0.378 5.9101
0.379 5.91307
0.38 5.91601
0.381 5.91894
0.382 5.92185
0.383 5.92474
0.384 5.92761
0.385 5.93047
0.386 5.93331
0.387 5.93613
0.388 5.93893
0.389 5.94172
0.39 5.94448
0.391 5.94724
0.392 5.94997
0.393 5.95269
0.394 5.95539
0.395 5.95808
0.396 5.96075
0.397 5.9634
0.398 5.96604
0.399 5.96866
0.4 5.97126
0.401 5.97385
0.402 5.97643
0.403 5.97899
0.404 5.98153
0.405 5.98406
0.406 5.98657
0.407 5.98906
0.408 5.99154
0.409 5.99401
0.41 5.99646
0.411 5.9989
0.412 6.00132
0.413 6.00373
0.414 6.00612
0.415 6.0085
0.416 6.01086
0.417 6.01321
0.418 6.01555
0.419 6.01787
0.42 6.02018
0.421 6.02247
0.422 6.02475
0.423 6.02701
0.424 6.02927
0.425 6.0315
0.426 6.03373
0.427 6.03594
0.428 6.03814
0.429 6.04032
0.43 6.04249
0.431 6.04465
0.432 6.04679
0.433 6.04893
0.434 6.05104
0.435 6.05315
0.436 6.05524
0.437 6.05732
0.438 6.05939
0.439 6.06145
0.44 6.06349
0.441 6.06552
0.442 6.06754
0.443 6.06954
0.444 6.07153
0.445 6.07351
0.446 6.07548
0.447 6.07744
0.448 6.07938
0.449 6.08131
0.45 6.08323
0.451 6.08514
0.452 6.08704
0.453 6.08892
0.454 6.0908
0.455 6.09266
0.456 6.09451
0.457 6.09635
0.458 6.09818
0.459 6.09999
0.46 6.1018
0.461 6.10359
0.462 6.10537
0.463 6.10714
0.464 6.1089
0.465 6.11065
0.466 6.11239
0.467 6.11411
0.468 6.11583
0.469 6.11753
0.47 6.11923
0.471 6.12091
0.472 6.12258
0.473 6.12424
0.474 6.1259
0.475 6.12754
0.476 6.12917
0.477 6.13079
0.478 6.1324
0.479 6.13399
0.48 6.13558
0.481 6.13716
0.482 6.13873
0.483 6.14029
0.484 6.14184
0.485 6.14337
0.486 6.1449
0.487 6.14642
0.488 6.14793
0.489 6.14942
0.49 6.15091
0.491 6.15239
0.492 6.15386
0.493 6.15531
0.494 6.15676
0.495 6.1582
0.496 6.15963
0.497 6.16105
0.498 6.16246
0.499 6.16386
0.5 6.16525
0.501 6.16663
0.502 6.16801
0.503 6.16937
0.504 6.17072
0.505 6.17207
0.506 6.1734
0.507 6.17473
0.508 6.17604
0.509 6.17735
0.51 6.17865
0.511 6.17994
0.512 6.18122
0.513 6.18249
0.514 6.18375
0.515 6.185
0.516 6.18625
0.517 6.18748
0.518 6.18871
0.519 6.18992
0.52 6.19113
0.521 6.19233
0.522 6.19352
0.523 6.1947
0.524 6.19588
0.525 6.19704
0.526 6.1982
0.527 6.19934
0.528 6.20048
0.529 6.20161
0.53 6.20273
0.531 6.20385
0.532 6.20495
0.533 6.20605
0.534 6.20713
0.535 6.20821
0.536 6.20928
0.537 6.21034
0.538 6.2114
0.539 6.21244
0.54 6.21348
0.541 6.21451
0.542 6.21553
0.543 6.21654
0.544 6.21754
0.545 6.21854
0.546 6.21953
0.547 6.2205
0.548 6.22148
0.549 6.22244
0.55 6.22339
0.551 6.22434
0.552 6.22528
0.553 6.2262
0.554 6.22713
0.555 6.22804
0.556 6.22894
0.557 6.22984
0.558 6.23073
0.559 6.23161
0.56 6.23248
0.561 6.23335
0.562 6.23421
0.563 6.23505
0.564 6.2359
0.565 6.23673
0.566 6.23755
0.567 6.23837
0.568 6.23918
0.569 6.23998
0.57 6.24077
0.571 6.24155
0.572 6.24233
0.573 6.2431
0.574 6.24386
0.575 6.24461
0.576 6.24536
0.577 6.24609
0.578 6.24682
0.579 6.24754
0.58 6.24825
0.581 6.24896
0.582 6.24965
0.583 6.25034
0.584 6.25102
0.585 6.25169
0.586 6.25236
0.587 6.25301
0.588 6.25366
0.589 6.2543
0.59 6.25493
0.591 6.25556
0.592 6.25617
0.593 6.25678
0.594 6.25738
0.595 6.25797
0.596 6.25856
0.597 6.25913
0.598 6.2597
0.599 6.26026
0.6 6.26081
0.601 6.26135
0.602 6.26188
0.603 6.26241
0.604 6.26293
0.605 6.26344
0.606 6.26394
0.607 6.26443
0.608 6.26491
0.609 6.26539
0.61 6.26586
0.611 6.26632
0.612 6.26677
0.613 6.26721
0.614 6.26764
0.615 6.26807
0.616 6.26849
0.617 6.26889
0.618 6.26929
0.619 6.26968
0.62 6.27007
0.621 6.27044
0.622 6.2708
0.623 6.27116
0.624 6.27151
0.625 6.27185
0.626 6.27217
0.627 6.27249
0.628 6.27281
0.629 6.27311
0.63 6.2734
0.631 6.27369
0.632 6.27396
0.633 6.27423
0.634 6.27448
0.635 6.27473
0.636 6.27497
0.637 6.2752
0.638 6.27542
0.639 6.27562
0.64 6.27582
0.641 6.27601
0.642 6.2762
0.643 6.27637
0.644 6.27653
0.645 6.27668
0.646 6.27682
0.647 6.27695
0.648 6.27707
0.649 6.27718
0.65 6.27728
0.651 6.27737
0.652 6.27745
0.653 6.27752
0.654 6.27758
0.655 6.27763
0.656 6.27767
0.657 6.2777
0.658 6.27771
0.659 6.27772
0.66 6.27771
0.661 6.2777
0.662 6.27767
0.663 6.27763
0.664 6.27758
0.665 6.27752
0.666 6.27745
0.667 6.27736
0.668 6.27726
0.669 6.27716
0.67 6.27703
0.671 6.2769
0.672 6.27676
0.673 6.2766
0.674 6.27643
0.675 6.27625
0.676 6.27605
0.677 6.27585
0.678 6.27563
0.679 6.27539
0.68 6.27515
0.681 6.27489
0.682 6.27462
0.683 6.27433
0.684 6.27403
0.685 6.27372
0.686 6.27339
0.687 6.27305
0.688 6.27269
0.689 6.27232
0.69 6.27193
0.691 6.27153
0.692 6.27112
0.693 6.27069
0.694 6.27025
0.695 6.26979
0.696 6.26931
0.697 6.26882
0.698 6.26831
0.699 6.26779
0.7 6.26725
0.701 6.2667
0.702 6.26613
0.703 6.26554
0.704 6.26493
0.705 6.26431
0.706 6.26367
0.707 6.26302
0.708 6.26234
0.709 6.26165
0.71 6.26094
0.711 6.26021
0.712 6.25946
0.713 6.2587
0.714 6.25791
0.715 6.25711
0.716 6.25629
0.717 6.25545
0.718 6.25458
0.719 6.2537
0.72 6.2528
0.721 6.25188
0.722 6.25094
0.723 6.24997
0.724 6.24899
0.725 6.24798
0.726 6.24695
0.727 6.2459
0.728 6.24483
0.729 6.24374
0.73 6.24262
0.731 6.24149
0.732 6.24032
0.733 6.23914
0.734 6.23793
0.735 6.2367
0.736 6.23544
0.737 6.23416
0.738 6.23286
0.739 6.23153
0.74 6.23018
0.741 6.2288
0.742 6.22739
0.743 6.22596
0.744 6.22451
0.745 6.22302
0.746 6.22151
0.747 6.21998
0.748 6.21841
0.749 6.21682
0.75 6.21521
0.751 6.21356
0.752 6.21189
0.753 6.21019
0.754 6.20846
0.755 6.2067
0.756 6.20491
0.757 6.20309
0.758 6.20125
0.759 6.19937
0.76 6.19746
0.761 6.19553
0.762 6.19356
0.763 6.19156
0.764 6.18953
0.765 6.18748
0.766 6.18538
0.767 6.18326
0.768 6.18111
0.769 6.17892
0.77 6.17671
0.771 6.17446
0.772 6.17217
0.773 6.16986
0.774 6.16751
0.775 6.16513
0.776 6.16272
0.777 6.16027
0.778 6.15779
0.779 6.15527
0.78 6.15272
0.781 6.15014
0.782 6.14753
0.783 6.14488
0.784 6.14219
0.785 6.13948
0.786 6.13672
0.787 6.13394
0.788 6.13112
0.789 6.12826
0.79 6.12537
0.791 6.12245
0.792 6.11949
0.793 6.1165
0.794 6.11347
0.795 6.11041
0.796 6.10731
0.797 6.10418
0.798 6.10102
0.799 6.09782
0.8 6.09459
0.801 6.09132
0.802 6.08802
0.803 6.08468
0.804 6.08132
0.805 6.07792
0.806 6.07448
0.807 6.07102
0.808 6.06752
0.809 6.06399
0.81 6.06042
0.811 6.05683
0.812 6.0532
0.813 6.04954
0.814 6.04585
0.815 6.04213
0.816 6.03838
0.817 6.0346
0.818 6.03079
0.819 6.02696
0.82 6.02309
0.821 6.01919
0.822 6.01527
0.823 6.01132
0.824 6.00734
0.825 6.00334
0.826 5.99931
0.827 5.99526
0.828 5.99118
0.829 5.98707
0.83 5.98295
0.831 5.9788
0.832 5.97462
0.833 5.97043
0.834 5.96621
0.835 5.96198
0.836 5.95772
0.837 5.95345
0.838 5.94916
0.839 5.94484
0.84 5.94052
0.841 5.93617
0.842 5.93181
0.843 5.92744
0.844 5.92305
0.845 5.91865
0.846 5.91423
0.847 5.90981
0.848 5.90537
0.849 5.90092
0.85 5.89646
0.851 5.892
0.852 5.88752
0.853 5.88304
0.854 5.87855
0.855 5.87406
0.856 5.86956
0.857 5.86506
0.858 5.86056
0.859 5.85605
0.86 5.85154
0.861 5.84703
0.862 5.84252
0.863 5.83802
0.864 5.83351
0.865 5.82901
0.866 5.82451
0.867 5.82001
0.868 5.81552
0.869 5.81103
0.87 5.80655
0.871 5.80208
0.872 5.79761
0.873 5.79316
0.874 5.78871
0.875 5.78427
0.876 5.77985
0.877 5.77543
0.878 5.77103
0.879 5.76664
0.88 5.76226
0.881 5.7579
0.882 5.75355
0.883 5.74921
0.884 5.7449
0.885 5.7406
0.886 5.73631
0.887 5.73204
0.888 5.7278
0.889 5.72357
0.89 5.71936
0.891 5.71516
0.892 5.71099
0.893 5.70684
0.894 5.70271
0.895 5.6986
0.896 5.69452
0.897 5.69045
0.898 5.68641
0.899 5.68239
0.9 5.6784
0.901 5.67443
0.902 5.67048
0.903 5.66656
0.904 5.66266
0.905 5.65879
0.906 5.65494
0.907 5.65112
0.908 5.64732
0.909 5.64355
0.91 5.63981
0.911 5.63609
0.912 5.6324
0.913 5.62873
0.914 5.62509
0.915 5.62148
0.916 5.6179
0.917 5.61434
0.918 5.61081
0.919 5.60731
0.92 5.60383
0.921 5.60038
0.922 5.59696
0.923 5.59357
0.924 5.5902
0.925 5.58687
0.926 5.58356
0.927 5.58027
0.928 5.57702
0.929 5.57379
0.93 5.57059
0.931 5.56742
0.932 5.56428
0.933 5.56116
0.934 5.55807
0.935 5.55501
0.936 5.55197
0.937 5.54896
0.938 5.54598
0.939 5.54303
0.94 5.5401
0.941 5.5372
0.942 5.53432
0.943 5.53147
0.944 5.52865
0.945 5.52585
0.946 5.52308
0.947 5.52034
0.948 5.51762
0.949 5.51493
0.95 5.51226
0.951 5.50962
0.952 5.507
0.953 5.50441
0.954 5.50184
0.955 5.49929
0.956 5.49677
0.957 5.49428
0.958 5.49181
0.959 5.48936
0.96 5.48693
0.961 5.48453
0.962 5.48215
0.963 5.4798
0.964 5.47747
0.965 5.47516
0.966 5.47287
0.967 5.4706
0.968 5.46836
0.969 5.46614
0.97 5.46394
0.971 5.46176
0.972 5.4596
0.973 5.45746
0.974 5.45535
0.975 5.45325
0.976 5.45118
0.977 5.44912
0.978 5.44709
0.979 5.44507
0.98 5.44307
0.981 5.4411
0.982 5.43914
0.983 5.4372
0.984 5.43528
0.985 5.43338
0.986 5.43149
0.987 5.42963
0.988 5.42778
0.989 5.42595
0.99 5.42414
0.991 5.42234
0.992 5.42056
0.993 5.4188
0.994 5.41705
0.995 5.41533
0.996 5.41361
0.997 5.41192
0.998 5.41024
0.999 5.40857
1 5.40693
1.001 5
