0 0
0.001 0.774498
0.002 0.778225
0.003 0.781971
0.004 0.785734
0.005 0.789514
0.006 0.793313
0.007 0.79713
0.008 0.800964
0.009 0.804817
0.01 0.808687
0.011 0.812576
0.012 0.816482
0.013 0.820407
0.014 0.82435
0.015 0.828312
0.016 0.832292
0.017 0.83629
0.018 0.840306
0.019 0.844341
0.02 0.848394
0.021 0.852466
0.022 0.856556
0.023 0.860665
0.024 0.864792
0.025 0.868938
0.026 0.873103
0.027 0.877286
0.028 0.881488
0.029 0.885708
0.03 0.889947
0.031 0.894205
0.032 0.898481
0.033 0.902776
0.034 0.90709
0.035 0.911423
0.036 0.915774
0.037 0.920144
0.038 0.924532
0.039 0.928939
0.04 0.933365
0.041 0.93781
0.042 0.942273
0.043 0.946754
0.044 0.951255
0.045 0.955774
0.046 0.960311
0.047 0.964867
0.048 0.969442
0.049 0.974035
0.05 0.978646
0.051 0.983276
0.052 0.987924
0.053 0.992591
0.054 0.997276
0.055 1.00198
0.056 1.0067
0.057 1.01144
0.058 1.0162
0.059 1.02097
0.06 1.02577
0.061 1.03058
0.062 1.03541
0.063 1.04025
0.064 1.04512
0.065 1.05
0.066 1.0549
0.067 1.05982
0.068 1.06475
0.069 1.0697
0.07 1.07467
0.071 1.07966
0.072 1.08466
0.073 1.08968
0.074 1.09472
0.075 1.09978
0.076 1.10485
0.077 1.10993
0.078 1.11504
0.079 1.12016
0.08 1.12529
0.081 1.13045
0.082 1.13562
0.083 1.1408
0.084 1.146
0.085 1.15122
0.086 1.15645
0.087 1.16169
0.088 1.16696
0.089 1.17223
0.09 1.17753
0.091 1.18283
0.092 1.18815
0.093 1.19349
0.094 1.19884
0.095 1.2042
0.096 1.20958
0.097 1.21498
0.098 1.22038
0.099 1.2258
0.1 1.23124
0.101 1.23668
0.102 1.24214
0.103 1.24762
0.104 1.2531
0.105 1.2586
0.106 1.26411
0.107 1.26963
0.108 1.27517
0.109 1.28072
0.11 1.28627
0.111 1.29184
0.112 1.29743
0.113 1.30302
0.114 1.30862
0.115 1.31424
0.116 1.31986
0.117 1.3255
0.118 1.33114
0.119 1.3368
0.12 1.34246
0.121 1.34814
0.122 1.35382
0.123 1.35951
0.124 1.36522
0.125 1.37093
0.126 1.37665
0.127 1.38238
0.128 1.38811
0.129 1.39385
0.13 1.39961
0.131 1.40537
0.132 1.41113
0.133 1.4169
0.134 1.42268
0.135 1.42847
0.136 1.43426
0.137 1.44006
0.138 1.44587
0.139 1.45168
0.14 1.4575
0.141 1.46332
0.142 1.46915
0.143 1.47498
0.144 1.48081
0.145 1.48665
0.146 1.4925
0.147 1.49835
0.148 1.5042
0.149 1.51006
0.15 1.51592
0.151 1.52178
0.152 1.52765
0.153 1.53351
0.154 1.53938
0.155 1.54526
0.156 1.55113
0.157 1.55701
0.158 1.56289
0.159 1.56877
0.16 1.57465
0.161 1.58053
0.162 1.58641
0.163 1.5923
0.164 1.59818
0.165 1.60406
0.166 1.60995
0.167 1.61583
0.168 1.62171
0.169 1.62759
0.17 1.63347
0.171 1.63935
0.172 1.64523
0.173 1.65111
0.174 1.65699
0.175 1.66286
0.176 1.66873
0.177 1.6746
0.178 1.68047
0.179 1.68633
0.18 1.69219
0.181 1.69805
0.182 1.70391
0.183 1.70976
0.184 1.71561
0.185 1.72146
0.186 1.7273
0.187 1.73314
0.188 1.73897
0.189 1.7448
0.19 1.75062
0.191 1.75644
0.192 1.76226
0.193 1.76807
0.194 1.77388
0.195 1.77968
0.196 1.78547
0.197 1.79126
0.198 1.79705
0.199 1.80283
0.2 1.8086
0.201 1.81437
0.202 1.82013
0.203 1.82589
0.204 1.83164
0.205 1.83738
0.206 1.84311
0.207 1.84884
0.208 1.85457
0.209 1.86028
0.21 1.86599
0.211 1.8717
0.212 1.87739
0.213 1.88308
0.214 1.88876
0.215 1.89444
0.216 1.90011
0.217 1.90577
0.218 1.91142
0.219 1.91706
0.22 1.9227
0.221 1.92833
0.222 1.93395
0.223 1.93957
0.224 1.94518
0.225 1.95078
0.226 1.95637
0.227 1.96195
0.228 1.96753
0.229 1.9731
0.23 1.97866
0.231 1.98421
0.232 1.98976
0.233 1.99529
0.234 2.00082
0.235 2.00634
0.236 2.01186
0.237 2.01736
0.238 2.02286
0.239 2.02835
0.24 2.03383
0.241 2.03931
0.242 2.04478
0.243 2.05024
0.244 2.05569
0.245 2.06113
0.246 2.06657
0.247 2.072
0.248 2.07742
0.249 2.08283
0.25 2.08824
0.251 2.09364
0.252 2.09903
0.253 2.10442
0.254 2.1098
0.255 2.11517
0.256 2.12053
0.257 2.12589
0.258 2.13124
0.259 2.13659
0.26 2.14192
0.261 2.14725
0.262 2.15258
0.263 2.1579
0.264 2.16321
0.265 2.16852
0.266 2.17382
0.267 2.17911
0.268 2.1844
0.269 2.18968
0.27 2.19496
0.271 2.20023
0.272 2.2055
0.273 2.21076
0.274 2.21602
0.275 2.22127
0.276 2.22652
0.277 2.23176
0.278 2.237
0.279 2.24224
0.28 2.24747
0.281 2.25269
0.282 2.25792
0.283 2.26314
0.284 2.26835
0.285 2.27356
0.286 2.27877
0.287 2.28398
0.288 2.28918
0.289 2.29438
0.29 2.29958
0.291 2.30477
0.292 2.30997
0.293 2.31516
0.294 2.32035
0.295 2.32554
0.296 2.33072
0.297 2.33591
0.298 2.34109
0.299 2.34627
0.3 2.35146
0.301 2.35664
0.302 2.36182
0.303 2.367
0.304 2.37218
0.305 2.37736
0.306 2.38254
0.307 2.38772
0.308 2.3929
0.309 2.39808
0.31 2.40327
0.311 2.40845
0.312 2.41364
0.313 2.41882
0.314 2.42401
0.315 2.4292
0.316 2.43439
0.317 2.43959
0.318 2.44478
0.319 2.44998
0.32 2.45518
0.321 2.46039
0.322 2.4656
0.323 2.47081
0.324 2.47602
0.325 2.48124
0.326 2.48646
0.327 2.49168
0.328 2.49691
0.329 2.50214
0.33 2.50738
0.331 2.51262
0.332 2.51787
0.333 2.52312
0.334 2.52837
0.335 2.53364
0.336 2.5389
0.337 2.54417
0.338 2.54945
0.339 2.55473
0.34 2.56002
0.341 2.56531
0.342 2.57061
0.343 2.57592
0.344 2.58123
0.345 2.58655
0.346 2.59187
0.347 2.5972
0.348 2.60254
0.349 2.60789
0.35 2.61324
0.351 2.6186
0.352 2.62397
0.353 2.62934
0.354 2.63472
0.355 2.64011
0.356 2.64551
0.357 2.65091
0.358 2.65632
0.359 2.66174
0.36 2.66717
0.361 2.67261
0.362 2.67805
0.363 2.68351
0.364 2.68897
0.365 2.69444
0.366 2.69992
0.367 2.7054
0.368 2.7109
0.369 2.7164
0.37 2.72192
0.371 2.72744
0.372 2.73297
0.373 2.73851
0.374 2.74406
0.375 2.74962
0.376 2.75519
0.377 2.76077
0.378 2.76636
0.379 2.77195
0.38 2.77756
0.381 2.78317
0.382 2.7888
0.383 2.79444
0.384 2.80008
0.385 2.80573
0.386 2.8114
0.387 2.81707
0.388 2.82276
0.389 2.82845
0.39 2.83416
0.391 2.83987
0.392 2.84559
0.393 2.85133
0.394 2.85707
0.395 2.86283
0.396 2.86859
0.397 2.87437
0.398 2.88015
0.399 2.88595
0.4 2.89175
0.401 2.89757
0.402 2.90339
0.403 2.90923
0.404 2.91507
0.405 2.92093
0.406 2.9268
0.407 2.93267
0.408 2.93856
0.409 2.94446
0.41 2.95037
0.411 2.95629
0.412 2.96222
0.413 2.96815
0.414 2.9741
0.415 2.98006
0.416 2.98604
0.417 2.99202
0.418 2.99801
0.419 3.00401
0.42 3.01002
0.421 3.01604
0.422 3.02208
0.423 3.02812
0.424 3.03417
0.425 3.04024
0.426 3.04631
0.427 3.0524
0.428 3.05849
0.429 3.0646
0.43 3.07071
0.431 3.07684
0.432 3.08297
0.433 3.08912
0.434 3.09528
0.435 3.10145
0.436 3.10762
0.437 3.11381
0.438 3.12001
0.439 3.12622
0.44 3.13244
0.441 3.13867
0.442 3.14491
0.443 3.15116
0.444 3.15742
0.445 3.16369
0.446 3.16997
0.447 3.17626
0.448 3.18256
0.449 3.18888
0.45 3.1952
0.451 3.20153
0.452 3.20787
0.453 3.21423
0.454 3.22059
0.455 3.22696
0.456 3.23335
0.457 3.23974
0.458 3.24615
0.459 3.25256
0.46 3.25899
0.461 3.26542
0.462 3.27187
0.463 3.27832
0.464 3.28479
0.465 3.29127
0.466 3.29775
0.467 3.30425
0.468 3.31076
0.469 3.31727
0.47 3.3238
0.471 3.33034
0.472 3.33689
0.473 3.34344
0.474 3.35001
0.475 3.35659
0.476 3.36318
0.477 3.36978
0.478 3.37639
0.479 3.38301
0.48 3.38964
0.481 3.39628
0.482 3.40293
0.483 3.4096
0.484 3.41627
0.485 3.42295
0.486 3.42964
0.487 3.43635
0.488 3.44306
0.489 3.44978
0.49 3.45652
0.491 3.46326
0.492 3.47002
0.493 3.47678
0.494 3.48356
0.495 3.49035
0.496 3.49714
0.497 3.50395
0.498 3.51077
0.499 3.5176
0.5 3.52444
0.501 3.53129
0.502 3.53815
0.503 3.54502
0.504 3.5519
0.505 3.55879
0.506 3.5657
0.507 3.57261
0.508 3.57954
0.509 3.58647
0.51 3.59342
0.511 3.60037
0.512 3.60734
0.513 3.61432
0.514 3.62131
0.515 3.62831
0.516 3.63532
0.517 3.64234
0.518 3.64937
0.519 3.65642
0.52 3.66347
0.521 3.67054
0.522 3.67761
0.523 3.6847
0.524 3.6918
0.525 3.69891
0.526 3.70603
0.527 3.71316
0.528 3.7203
0.529 3.72745
0.53 3.73462
0.531 3.74179
0.532 3.74898
0.533 3.75618
0.534 3.76339
0.535 3.77061
0.536 3.77784
0.537 3.78508
0.538 3.79233
0.539 3.7996
0.54 3.80687
0.541 3.81416
0.542 3.82145
0.543 3.82876
0.544 3.83608
0.545 3.84341
0.546 3.85075
0.547 3.85811
0.548 3.86547
0.549 3.87285
0.55 3.88023
0.551 3.88763
0.552 3.89504
0.553 3.90246
0.554 3.90989
0.555 3.91733
0.556 3.92479
0.557 3.93225
0.558 3.93973
0.559 3.94721
0.56 3.95471
0.561 3.96222
0.562 3.96974
0.563 3.97727
0.564 3.98481
0.565 3.99236
0.566 3.99992
0.567 4.00749
0.568 4.01508
0.569 4.02267
0.57 4.03028
0.571 4.03789
0.572 4.04552
0.573 4.05316
0.574 4.0608
0.575 4.06846
0.576 4.07613
0.577 4.08381
0.578 4.0915
0.579 4.09919
0.58 4.1069
0.581 4.11462
0.582 4.12235
0.583 4.13009
0.584 4.13784
0.585 4.1456
0.586 4.15336
0.587 4.16114
0.588 4.16893
0.589 4.17672
0.59 4.18453
0.591 4.19234
0.592 4.20017
0.593 4.208
0.594 4.21584
0.595 4.22369
0.596 4.23155
0.597 4.23941
0.598 4.24729
0.599 4.25517
0.6 4.26306
0.601 4.27096
0.602 4.27887
0.603 4.28678
0.604 4.2947
0.605 4.30263
0.606 4.31057
0.607 4.31851
0.608 4.32646
0.609 4.33442
0.61 4.34238
0.611 4.35035
0.612 4.35832
0.613 4.36631
0.614 4.37429
0.615 4.38228
0.616 4.39028
0.617 4.39828
0.618 4.40629
0.619 4.4143
0.62 4.42232
0.621 4.43034
0.622 4.43836
0.623 4.44639
0.624 4.45442
0.625 4.46246
0.626 4.47049
0.627 4.47853
0.628 4.48658
0.629 4.49462
0.63 4.50267
0.631 4.51072
0.632 4.51876
0.633 4.52682
0.634 4.53487
0.635 4.54292
0.636 4.55097
0.637 4.55902
0.638 4.56707
0.639 4.57512
0.64 4.58317
0.641 4.59122
0.642 4.59926
0.643 4.6073
0.644 4.61534
0.645 4.62338
0.646 4.63142
0.647 4.63945
0.648 4.64747
0.649 4.6555
0.65 4.66351
0.651 4.67153
0.652 4.67953
0.653 4.68753
0.654 4.69553
0.655 4.70352
0.656 4.7115
0.657 4.71947
0.658 4.72743
0.659 4.73539
0.66 4.74334
0.661 4.75128
0.662 4.75921
0.663 4.76712
0.664 4.77503
0.665 4.78293
0.666 4.79081
0.667 4.79869
0.668 4.80655
0.669 4.81439
0.67 4.82223
0.671 4.83005
0.672 4.83786
0.673 4.84565
0.674 4.85342
0.675 4.86118
0.676 4.86892
0.677 4.87665
0.678 4.88436
0.679 4.89205
0.68 4.89972
0.681 4.90737
0.682 4.91501
0.683 4.92262
0.684 4.93021
0.685 4.93779
0.686 4.94534
0.687 4.95286
0.688 4.96037
0.689 4.96785
0.69 4.97531
0.691 4.98274
0.692 4.99015
0.693 4.99753
0.694 5.00488
0.695 5.01221
0.696 5.01951
0.697 5.02679
0.698 5.03403
0.699 5.04125
0.7 5.04844
0.701 5.05559
0.702 5.06272
0.703 5.06981
0.704 5.07687
0.705 5.0839
0.706 5.0909
0.707 5.09786
0.708 5.10478
0.709 5.11168
0.71 5.11853
0.711 5.12535
0.712 5.13214
0.713 5.13888
0.714 5.14559
0.715 5.15226
0.716 5.15889
0.717 5.16548
0.718 5.17203
0.719 5.17853
0.72 5.185
0.721 5.19143
0.722 5.19781
0.723 5.20414
0.724 5.21044
0.725 5.21669
0.726 5.22289
0.727 5.22905
0.728 5.23516
0.729 5.24122
0.73 5.24724
0.731 5.25321
0.732 5.25913
0.733 5.265
0.734 5.27082
0.735 5.27659
0.736 5.28231
0.737 5.28797
0.738 5.29359
0.739 5.29915
0.74 5.30466
0.741 5.31011
0.742 5.31551
0.743 5.32086
0.744 5.32615
0.745 5.33138
0.746 5.33656
0.747 5.34168
0.748 5.34674
0.749 5.35174
0.75 5.35669
0.751 5.36157
0.752 5.3664
0.753 5.37117
0.754 5.37587
0.755 5.38052
0.756 5.3851
0.757 5.38962
0.758 5.39408
0.759 5.39848
0.76 5.40281
0.761 5.40708
0.762 5.41128
0.763 5.41542
0.764 5.4195
0.765 5.42351
0.766 5.42745
0.767 5.43133
0.768 5.43514
0.769 5.43889
0.77 5.44257
0.771 5.44618
0.772 5.44972
0.773 5.45319
0.774 5.4566
0.775 5.45994
0.776 5.46321
0.777 5.46641
0.778 5.46954
0.779 5.4726
0.78 5.47559
0.781 5.47851
0.782 5.48137
0.783 5.48415
0.784 5.48686
0.785 5.4895
0.786 5.49207
0.787 5.49457
0.788 5.497
0.789 5.49936
0.79 5.50164
0.791 5.50386
0.792 5.506
0.793 5.50808
0.794 5.51008
0.795 5.51201
0.796 5.51387
0.797 5.51566
0.798 5.51738
0.799 5.51903
0.8 5.52061
0.801 5.52212
0.802 5.52356
0.803 5.52492
0.804 5.52622
0.805 5.52745
0.806 5.52861
0.807 5.5297
0.808 5.53072
0.809 5.53167
0.81 5.53255
0.811 5.53337
0.812 5.53412
0.813 5.5348
0.814 5.53541
0.815 5.53596
0.816 5.53644
0.817 5.53685
0.818 5.5372
0.819 5.53749
0.82 5.53771
0.821 5.53786
0.822 5.53795
0.823 5.53798
0.824 5.53795
0.825 5.53786
0.826 5.5377
0.827 5.53749
0.828 5.53721
0.829 5.53688
0.83 5.53648
0.831 5.53603
0.832 5.53552
0.833 5.53496
0.834 5.53434
0.835 5.53366
0.836 5.53293
0.837 5.53215
0.838 5.53131
0.839 5.53042
0.84 5.52948
0.841 5.52849
0.842 5.52745
0.843 5.52636
0.844 5.52522
0.845 5.52403
0.846 5.5228
0.847 5.52152
0.848 5.5202
0.849 5.51883
0.85 5.51742
0.851 5.51597
0.852 5.51448
0.853 5.51295
0.854 5.51137
0.855 5.50976
0.856 5.50811
0.857 5.50642
0.858 5.5047
0.859 5.50295
0.86 5.50115
0.861 5.49933
0.862 5.49747
0.863 5.49558
0.864 5.49366
0.865 5.49172
0.866 5.48974
0.867 5.48773
0.868 5.4857
0.869 5.48364
0.87 5.48156
0.871 5.47945
0.872 5.47732
0.873 5.47516
0.874 5.47299
0.875 5.47079
0.876 5.46857
0.877 5.46634
0.878 5.46408
0.879 5.46181
0.88 5.45952
0.881 5.45722
0.882 5.4549
0.883 5.45256
0.884 5.45022
0.885 5.44786
0.886 5.44548
0.887 5.4431
0.888 5.4407
0.889 5.4383
0.89 5.43589
0.891 5.43347
0.892 5.43104
0.893 5.4286
0.894 5.42616
0.895 5.42371
0.896 5.42125
0.897 5.4188
0.898 5.41633
0.899 5.41387
0.9 5.4114
0.901 5.40893
0.902 5.40646
0.903 5.40399
0.904 5.40152
0.905 5.39904
0.906 5.39657
0.907 5.3941
0.908 5.39163
0.909 5.38916
0.91 5.3867
0.911 5.38424
0.912 5.38178
0.913 5.37933
0.914 5.37688
0.915 5.37444
0.916 5.372
0.917 5.36956
0.918 5.36713
0.919 5.36471
0.92 5.3623
0.921 5.35989
0.922 5.35749
0.923 5.3551
0.924 5.35271
0.925 5.35034
0.926 5.34797
0.927 5.34561
0.928 5.34326
0.929 5.34091
0.93 5.33858
0.931 5.33626
0.932 5.33395
0.933 5.33165
0.934 5.32935
0.935 5.32707
0.936 5.3248
0.937 5.32254
0.938 5.32029
0.939 5.31805
0.94 5.31583
0.941 5.31361
0.942 5.31141
0.943 5.30922
0.944 5.30704
0.945 5.30487
0.946 5.30272
0.947 5.30057
0.948 5.29844
0.949 5.29632
0.95 5.29421
0.951 5.29212
0.952 5.29004
0.953 5.28797
0.954 5.28591
0.955 5.28387
0.956 5.28183
0.957 5.27982
0.958 5.27781
0.959 5.27582
0.96 5.27384
0.961 5.27187
0.962 5.26991
0.963 5.26797
0.964 5.26604
0.965 5.26412
0.966 5.26222
0.967 5.26033
0.968 5.25845
0.969 5.25658
0.97 5.25473
0.971 5.25289
0.972 5.25106
0.973 5.24924
0.974 5.24744
0.975 5.24565
0.976 5.24387
0.977 5.24211
0.978 5.24035
0.979 5.23861
0.98 5.23688
0.981 5.23517
0.982 5.23346
0.983 5.23177
0.984 5.23009
0.985 5.22842
0.986 5.22677
0.987 5.22512
0.988 5.22349
0.989 5.22187
0.99 5.22026
0.991 5.21866
0.992 5.21708
0.993 5.2155
0.994 5.21394
0.995 5.21239
0.996 5.21084
0.997 5.20931
0.998 5.2078
0.999 5.20629
1 5.20479
1.001 0
