0 -10
0.001 -5.80089
0.002 -5.79288
0.003 -5.78488
0.004 -5.77687
0.005 -5.76886
0.006 -5.76086
0.007 -5.75285
0.008 -5.74484
0.009 -5.73683
0.01 -5.72883
0.011 -5.72082
0.012 -5.71281
0.013 -5.7048
0.014 -5.6968
0.015 -5.68879
0.016 -5.68079
0.017 -5.67279
0.018 -5.66479
0.019 -5.65679
0.02 -5.64879
0.021 -5.64079
0.022 -5.6328
0.023 -5.62481
0.024 -5.61682
0.025 -5.60883
0.026 -5.60084
0.027 -5.59286
0.028 -5.58488
0.029 -5.57691
0.03 -5.56893
0.031 -5.56096
0.032 -5.553
0.033 -5.54503
0.034 -5.53707
0.035 -5.52912
0.036 -5.52117
0.037 -5.51322
0.038 -5.50528
0.039 -5.49734
0.04 -5.48941
0.041 -5.48148
0.042 -5.47356
0.043 -5.46564
0.044 -5.45773
0.045 -5.44982
0.046 -5.44192
0.047 -5.43402
0.048 -5.42613
0.049 -5.41825
0.05 -5.41037
0.051 -5.4025
0.052 -5.39463
0.053 -5.38677
0.054 -5.37892
0.055 -5.37108
0.056 -5.36324
0.057 -5.35541
0.058 -5.34758
0.059 -5.33977
0.06 -5.33196
0.061 -5.32416
0.062 -5.31637
0.063 -5.30858
0.064 -5.3008
0.065 -5.29304
0.066 -5.28528
0.067 -5.27752
0.068 -5.26978
0.069 -5.26205
0.07 -5.25432
0.071 -5.24661
0.072 -5.2389
0.073 -5.2312
0.074 -5.22351
0.075 -5.21583
0.076 -5.20816
0.077 -5.2005
0.078 -5.19285
0.079 -5.18521
0.08 -5.17758
0.081 -5.16996
0.082 -5.16235
0.083 -5.15475
0.084 -5.14716
0.085 -5.13959
0.086 -5.13202
0.087 -5.12446
0.088 -5.11691
0.089 -5.10938
0.09 -5.10185
0.091 -5.09434
0.092 -5.08684
0.093 -5.07935
0.094 -5.07187
0.095 -5.0644
0.096 -5.05694
0.097 -5.0495
0.098 -5.04206
0.099 -5.03464
0.1 -5.02723
0.101 -5.01983
0.102 -5.01245
0.103 -5.00507
0.104 -4.99771
0.105 -4.99036
0.106 -4.98302
0.107 -4.9757
0.108 -4.96838
0.109 -4.96108
0.11 -4.95379
0.111 -4.94652
0.112 -4.93925
0.113 -4.932
0.114 -4.92476
0.115 -4.91754
0.116 -4.91032
0.117 -4.90312
0.118 -4.89593
0.119 -4.88875
0.12 -4.88159
0.121 -4.87444
0.122 -4.8673
0.123 -4.86018
0.124 -4.85306
0.125 -4.84596
0.126 -4.83888
0.127 -4.8318
0.128 -4.82474
0.129 -4.81769
0.13 -4.81066
0.131 -4.80363
0.132 -4.79662
0.133 -4.78963
0.134 -4.78264
0.135 -4.77567
0.136 -4.76871
0.137 -4.76177
0.138 -4.75483
0.139 -4.74791
0.14 -4.741
0.141 -4.73411
0.142 -4.72723
0.143 -4.72036
0.144 -4.7135
0.145 -4.70665
0.146 -4.69982
0.147 -4.693
0.148 -4.6862
0.149 -4.6794
0.15 -4.67262
0.151 -4.66585
0.152 -4.65909
0.153 -4.65235
0.154 -4.64561
0.155 -4.63889
0.156 -4.63218
0.157 -4.62549
0.158 -4.6188
0.159 -4.61213
0.16 -4.60547
0.161 -4.59882
0.162 -4.59218
0.163 -4.58555
0.164 -4.57894
0.165 -4.57234
0.166 -4.56575
0.167 -4.55917
0.168 -4.5526
0.169 -4.54604
0.17 -4.5395
0.171 -4.53296
0.172 -4.52644
0.173 -4.51993
0.174 -4.51342
0.175 -4.50693
0.176 -4.50045
0.177 -4.49398
0.178 -4.48752
0.179 -4.48108
0.18 -4.47464
0.181 -4.46821
0.182 -4.46179
0.183 -4.45538
0.184 -4.44898
0.185 -4.4426
0.186 -4.43622
0.187 -4.42985
0.188 -4.42349
0.189 -4.41714
0.19 -4.4108
0.191 -4.40446
0.192 -4.39814
0.193 -4.39183
0.194 -4.38552
0.195 -4.37923
0.196 -4.37294
0.197 -4.36666
0.198 -4.36039
0.199 -4.35412
0.2 -4.34787
0.201 -4.34162
0.202 -4.33538
0.203 -4.32915
0.204 -4.32293
0.205 -4.31671
0.206 -4.3105
0.207 -4.3043
0.208 -4.29811
0.209 -4.29192
0.21 -4.28574
0.211 -4.27956
0.212 -4.2734
0.213 -4.26724
0.214 -4.26108
0.215 -4.25493
0.216 -4.24879
0.217 -4.24265
0.218 -4.23652
0.219 -4.23039
0.22 -4.22427
0.221 -4.21816
0.222 -4.21204
0.223 -4.20594
0.224 -4.19984
0.225 -4.19374
0.226 -4.18765
0.227 -4.18156
0.228 -4.17548
0.229 -4.1694
0.23 -4.16332
0.231 -4.15725
0.232 -4.15118
0.233 -4.14512
0.234 -4.13906
0.235 -4.133
0.236 -4.12694
0.237 -4.12089
0.238 -4.11484
0.239 -4.10879
0.24 -4.10275
0.241 -4.0967
0.242 -4.09066
0.243 -4.08462
0.244 -4.07858
0.245 -4.07255
0.246 -4.06651
0.247 -4.06048
0.248 -4.05444
0.249 -4.04841
0.25 -4.04238
0.251 -4.03635
0.252 -4.03032
0.253 -4.02428
0.254 -4.01825
0.255 -4.01222
0.256 -4.00619
0.257 -4.00016
0.258 -3.99412
0.259 -3.98809
0.26 -3.98205
0.261 -3.97602
0.262 -3.96998
0.263 -3.96394
0.264 -3.9579
0.265 -3.95186
0.266 -3.94581
0.267 -3.93976
0.268 -3.93371
0.269 -3.92766
0.27 -3.9216
0.271 -3.91555
0.272 -3.90948
0.273 -3.90342
0.274 -3.89735
0.275 -3.89128
0.276 -3.8852
0.277 -3.87912
0.278 -3.87304
0.279 -3.86695
0.28 -3.86086
0.281 -3.85476
0.282 -3.84866
0.283 -3.84255
0.284 -3.83643
0.285 -3.83032
0.286 -3.82419
0.287 -3.81806
0.288 -3.81193
0.289 -3.80578
0.29 -3.79964
0.291 -3.79348
0.292 -3.78732
0.293 -3.78115
0.294 -3.77498
0.295 -3.76879
0.296 -3.7626
0.297 -3.75641
0.298 -3.7502
0.299 -3.74399
0.3 -3.73777
0.301 -3.73154
0.302 -3.7253
0.303 -3.71905
0.304 -3.7128
0.305 -3.70654
0.306 -3.70026
0.307 -3.69398
0.308 -3.68769
0.309 -3.68139
0.31 -3.67508
0.311 -3.66876
0.312 -3.66243
0.313 -3.65609
0.314 -3.64974
0.315 -3.64338
0.316 -3.637
0.317 -3.63062
0.318 -3.62423
0.319 -3.61782
0.32 -3.61141
0.321 -3.60498
0.322 -3.59854
0.323 -3.59209
0.324 -3.58563
0.325 -3.57915
0.326 -3.57267
0.327 -3.56617
0.328 -3.55965
0.329 -3.55313
0.33 -3.54659
0.331 -3.54004
0.332 -3.53348
0.333 -3.5269
0.334 -3.52031
0.335 -3.51371
0.336 -3.50709
0.337 -3.50046
0.338 -3.49382
0.339 -3.48716
0.34 -3.48049
0.341 -3.4738
0.342 -3.4671
0.343 -3.46039
0.344 -3.45366
0.345 -3.44691
0.346 -3.44015
0.347 -3.43338
0.348 -3.42659
0.349 -3.41979
0.35 -3.41297
0.351 -3.40613
0.352 -3.39928
0.353 -3.39242
0.354 -3.38554
0.355 -3.37864
0.356 -3.37173
0.357 -3.3648
0.358 -3.35785
0.359 -3.35089
0.36 -3.34392
0.361 -3.33693
0.362 -3.32992
0.363 -3.32289
0.364 -3.31585
0.365 -3.30879
0.366 -3.30172
0.367 -3.29463
0.368 -3.28752
0.369 -3.2804
0.37 -3.27326
0.371 -3.2661
0.372 -3.25893
0.373 -3.25174
0.374 -3.24453
0.375 -3.23731
0.376 -3.23007
0.377 -3.22281
0.378 -3.21554
0.379 -3.20825
0.38 -3.20094
0.381 -3.19362
0.382 -3.18628
0.383 -3.17892
0.384 -3.17155
0.385 -3.16416
0.386 -3.15675
0.387 -3.14933
0.388 -3.14189
0.389 -3.13443
0.39 -3.12696
0.391 -3.11947
0.392 -3.11197
0.393 -3.10445
0.394 -3.09691
0.395 -3.08936
0.396 -3.08179
0.397 -3.0742
0.398 -3.0666
0.399 -3.05898
0.4 -3.05135
0.401 -3.04371
0.402 -3.03604
0.403 -3.02836
0.404 -3.02067
0.405 -3.01296
0.406 -3.00524
0.407 -2.99751
0.408 -2.98975
0.409 -2.98199
0.41 -2.97421
0.411 -2.96642
0.412 -2.95861
0.413 -2.95079
0.414 -2.94295
0.415 -2.93511
0.416 -2.92725
0.417 -2.91938
0.418 -2.91149
0.419 -2.90359
0.42 -2.89568
0.421 -2.88776
0.422 -2.87983
0.423 -2.87189
0.424 -2.86393
0.425 -2.85597
0.426 -2.84799
0.427 -2.84001
0.428 -2.83201
0.429 -2.82401
0.43 -2.81599
0.431 -2.80797
0.432 -2.79994
0.433 -2.7919
0.434 -2.78385
0.435 -2.7758
0.436 -2.76774
0.437 -2.75967
0.438 -2.75159
0.439 -2.74351
0.44 -2.73542
0.441 -2.72733
0.442 -2.71923
0.443 -2.71113
0.444 -2.70303
0.445 -2.69492
0.446 -2.6868
0.447 -2.67869
0.448 -2.67057
0.449 -2.66245
0.45 -2.65432
0.451 -2.6462
0.452 -2.63807
0.453 -2.62995
0.454 -2.62182
0.455 -2.6137
0.456 -2.60557
0.457 -2.59745
0.458 -2.58933
0.459 -2.58121
0.46 -2.5731
0.461 -2.56499
0.462 -2.55688
0.463 -2.54878
0.464 -2.54068
0.465 -2.53258
0.466 -2.5245
0.467 -2.51642
0.468 -2.50834
0.469 -2.50028
0.47 -2.49222
0.471 -2.48417
0.472 -2.47613
0.473 -2.46809
0.474 -2.46007
0.475 -2.45206
0.476 -2.44406
0.477 -2.43607
0.478 -2.4281
0.479 -2.42013
0.48 -2.41218
0.481 -2.40425
0.482 -2.39632
0.483 -2.38842
0.484 -2.38052
0.485 -2.37265
0.486 -2.36479
0.487 -2.35695
0.488 -2.34912
0.489 -2.34131
0.49 -2.33353
0.491 -2.32576
0.492 -2.31801
0.493 -2.31028
0.494 -2.30257
0.495 -2.29488
0.496 -2.28722
0.497 -2.27958
0.498 -2.27196
0.499 -2.26436
0.5 -2.25679
0.501 -2.24924
0.502 -2.24172
0.503 -2.23422
0.504 -2.22675
0.505 -2.2193
0.506 -2.21189
0.507 -2.2045
0.508 -2.19713
0.509 -2.1898
0.51 -2.1825
0.511 -2.17522
0.512 -2.16798
0.513 -2.16076
0.514 -2.15358
0.515 -2.14643
0.516 -2.13931
0.517 -2.13222
0.518 -2.12516
0.519 -2.11814
0.52 -2.11115
0.521 -2.1042
0.522 -2.09728
0.523 -2.0904
0.524 -2.08355
0.525 -2.07673
0.526 -2.06996
0.527 -2.06322
0.528 -2.05651
0.529 -2.04985
0.53 -2.04322
0.531 -2.03663
0.532 -2.03008
0.533 -2.02356
0.534 -2.01709
0.535 -2.01065
0.536 -2.00426
0.537 -1.99791
0.538 -1.99159
0.539 -1.98532
0.54 -1.97909
0.541 -1.9729
0.542 -1.96675
0.543 -1.96064
0.544 -1.95458
0.545 -1.94856
0.546 -1.94258
0.547 -1.93664
0.548 -1.93075
0.549 -1.9249
0.55 -1.9191
0.551 -1.91334
0.552 -1.90762
0.553 -1.90195
0.554 -1.89632
0.555 -1.89074
0.556 -1.8852
0.557 -1.87971
0.558 -1.87426
0.559 -1.86886
0.56 -1.8635
0.561 -1.8582
0.562 -1.85293
0.563 -1.84771
0.564 -1.84254
0.565 -1.83742
0.566 -1.83234
0.567 -1.82731
0.568 -1.82233
0.569 -1.81739
0.57 -1.8125
0.571 -1.80766
0.572 -1.80286
0.573 -1.79811
0.574 -1.79341
0.575 -1.78876
0.576 -1.78415
0.577 -1.77959
0.578 -1.77508
0.579 -1.77062
0.58 -1.7662
0.581 -1.76184
0.582 -1.75751
0.583 -1.75324
0.584 -1.74902
0.585 -1.74484
0.586 -1.74071
0.587 -1.73663
0.588 -1.73259
0.589 -1.72861
0.59 -1.72467
0.591 -1.72078
0.592 -1.71693
0.593 -1.71314
0.594 -1.70939
0.595 -1.70569
0.596 -1.70204
0.597 -1.69843
0.598 -1.69487
0.599 -1.69136
0.6 -1.6879
0.601 -1.68448
0.602 -1.68111
0.603 -1.67779
0.604 -1.67451
0.605 -1.67128
0.606 -1.6681
0.607 -1.66497
0.608 -1.66188
0.609 -1.65883
0.61 -1.65584
0.611 -1.65289
0.612 -1.64999
0.613 -1.64713
0.614 -1.64432
0.615 -1.64155
0.616 -1.63884
0.617 -1.63616
0.618 -1.63354
0.619 -1.63095
0.62 -1.62842
0.621 -1.62592
0.622 -1.62348
0.623 -1.62108
0.624 -1.61872
0.625 -1.61641
0.626 -1.61414
0.627 -1.61192
0.628 -1.60974
0.629 -1.60761
0.63 -1.60552
0.631 -1.60347
0.632 -1.60147
0.633 -1.59951
0.634 -1.5976
0.635 -1.59573
0.636 -1.5939
0.637 -1.59211
0.638 -1.59037
0.639 -1.58867
0.64 -1.58702
0.641 -1.5854
0.642 -1.58383
0.643 -1.5823
0.644 -1.58082
0.645 -1.57937
0.646 -1.57797
0.647 -1.57661
0.648 -1.57529
0.649 -1.57402
0.65 -1.57278
0.651 -1.57158
0.652 -1.57043
0.653 -1.56932
0.654 -1.56825
0.655 -1.56721
0.656 -1.56622
0.657 -1.56527
0.658 -1.56436
0.659 -1.56349
0.66 -1.56266
0.661 -1.56187
0.662 -1.56112
0.663 -1.56041
0.664 -1.55974
0.665 -1.55911
0.666 -1.55852
0.667 -1.55796
0.668 -1.55745
0.669 -1.55697
0.67 -1.55653
0.671 -1.55613
0.672 -1.55577
0.673 -1.55545
0.674 -1.55517
0.675 -1.55492
0.676 -1.55471
0.677 -1.55454
0.678 -1.55441
0.679 -1.55431
0.68 -1.55425
0.681 -1.55423
0.682 -1.55425
0.683 -1.5543
0.684 -1.5544
0.685 -1.55452
0.686 -1.55469
0.687 -1.55489
0.688 -1.55512
0.689 -1.5554
0.69 -1.55571
0.691 -1.55605
0.692 -1.55644
0.693 -1.55685
0.694 -1.55731
0.695 -1.5578
0.696 -1.55832
0.697 -1.55888
0.698 -1.55948
0.699 -1.56011
0.7 -1.56078
0.701 -1.56148
0.702 -1.56222
0.703 -1.56299
0.704 -1.5638
0.705 -1.56464
0.706 -1.56551
0.707 -1.56643
0.708 -1.56737
0.709 -1.56835
0.71 -1.56936
0.711 -1.57041
0.712 -1.57149
0.713 -1.57261
0.714 -1.57376
0.715 -1.57495
0.716 -1.57616
0.717 -1.57742
0.718 -1.5787
0.719 -1.58002
0.72 -1.58137
0.721 -1.58276
0.722 -1.58418
0.723 -1.58563
0.724 -1.58711
0.725 -1.58863
0.726 -1.59018
0.727 -1.59177
0.728 -1.59338
0.729 -1.59503
0.73 -1.59672
0.731 -1.59843
0.732 -1.60018
0.733 -1.60196
0.734 -1.60377
0.735 -1.60561
0.736 -1.60749
0.737 -1.6094
0.738 -1.61134
0.739 -1.61331
0.74 -1.61532
0.741 -1.61735
0.742 -1.61942
0.743 -1.62152
0.744 -1.62366
0.745 -1.62582
0.746 -1.62801
0.747 -1.63024
0.748 -1.6325
0.749 -1.63479
0.75 -1.63711
0.751 -1.63946
0.752 -1.64184
0.753 -1.64425
0.754 -1.6467
0.755 -1.64917
0.756 -1.65168
0.757 -1.65421
0.758 -1.65678
0.759 -1.65938
0.76 -1.662
0.761 -1.66466
0.762 -1.66735
0.763 -1.67007
0.764 -1.67282
0.765 -1.6756
0.766 -1.67841
0.767 -1.68125
0.768 -1.68411
0.769 -1.68701
0.77 -1.68994
0.771 -1.6929
0.772 -1.69589
0.773 -1.6989
0.774 -1.70195
0.775 -1.70502
0.776 -1.70813
0.777 -1.71126
0.778 -1.71443
0.779 -1.71762
0.78 -1.72084
0.781 -1.72409
0.782 -1.72737
0.783 -1.73067
0.784 -1.73401
0.785 -1.73737
0.786 -1.74076
0.787 -1.74418
0.788 -1.74763
0.789 -1.75111
0.79 -1.75461
0.791 -1.75815
0.792 -1.76171
0.793 -1.76529
0.794 -1.76891
0.795 -1.77255
0.796 -1.77622
0.797 -1.77992
0.798 -1.78364
0.799 -1.7874
0.8 -1.79117
0.801 -1.79498
0.802 -1.79881
0.803 -1.80267
0.804 -1.80656
0.805 -1.81047
0.806 -1.81441
0.807 -1.81837
0.808 -1.82236
0.809 -1.82638
0.81 -1.83042
0.811 -1.83449
0.812 -1.83858
0.813 -1.8427
0.814 -1.84684
0.815 -1.85101
0.816 -1.85521
0.817 -1.85943
0.818 -1.86367
0.819 -1.86794
0.82 -1.87223
0.821 -1.87655
0.822 -1.8809
0.823 -1.88526
0.824 -1.88965
0.825 -1.89407
0.826 -1.89851
0.827 -1.90297
0.828 -1.90746
0.829 -1.91197
0.83 -1.9165
0.831 -1.92106
0.832 -1.92563
0.833 -1.93024
0.834 -1.93486
0.835 -1.93951
0.836 -1.94418
0.837 -1.94887
0.838 -1.95358
0.839 -1.95832
0.84 -1.96308
0.841 -1.96786
0.842 -1.97266
0.843 -1.97748
0.844 -1.98232
0.845 -1.98719
0.846 -1.99207
0.847 -1.99698
0.848 -2.00191
0.849 -2.00685
0.85 -2.01182
0.851 -2.01681
0.852 -2.02181
0.853 -2.02684
0.854 -2.03189
0.855 -2.03696
0.856 -2.04204
0.857 -2.04715
0.858 -2.05227
0.859 -2.05741
0.86 -2.06257
0.861 -2.06775
0.862 -2.07295
0.863 -2.07817
0.864 -2.0834
0.865 -2.08865
0.866 -2.09392
0.867 -2.09921
0.868 -2.10451
0.869 -2.10983
0.87 -2.11517
0.871 -2.12052
0.872 -2.12589
0.873 -2.13128
0.874 -2.13669
0.875 -2.14211
0.876 -2.14754
0.877 -2.15299
0.878 -2.15846
0.879 -2.16394
0.88 -2.16944
0.881 -2.17495
0.882 -2.18048
0.883 -2.18602
0.884 -2.19157
0.885 -2.19714
0.886 -2.20273
0.887 -2.20832
0.888 -2.21394
0.889 -2.21956
0.89 -2.2252
0.891 -2.23085
0.892 -2.23651
0.893 -2.24219
0.894 -2.24788
0.895 -2.25358
0.896 -2.2593
0.897 -2.26502
0.898 -2.27076
0.899 -2.27651
0.9 -2.28227
0.901 -2.28805
0.902 -2.29383
0.903 -2.29962
0.904 -2.30543
0.905 -2.31125
0.906 -2.31707
0.907 -2.32291
0.908 -2.32876
0.909 -2.33461
0.91 -2.34048
0.911 -2.34635
0.912 -2.35224
0.913 -2.35813
0.914 -2.36404
0.915 -2.36995
0.916 -2.37587
0.917 -2.3818
0.918 -2.38774
0.919 -2.39368
0.92 -2.39963
0.921 -2.4056
0.922 -2.41156
0.923 -2.41754
0.924 -2.42352
0.925 -2.42951
0.926 -2.43551
0.927 -2.44151
0.928 -2.44752
0.929 -2.45354
0.93 -2.45956
0.931 -2.46559
0.932 -2.47163
0.933 -2.47767
0.934 -2.48371
0.935 -2.48976
0.936 -2.49582
0.937 -2.50188
0.938 -2.50795
0.939 -2.51402
0.94 -2.52009
0.941 -2.52617
0.942 -2.53226
0.943 -2.53835
0.944 -2.54444
0.945 -2.55053
0.946 -2.55663
0.947 -2.56273
0.948 -2.56884
0.949 -2.57495
0.95 -2.58106
0.951 -2.58718
0.952 -2.59329
0.953 -2.59941
0.954 -2.60553
0.955 -2.61166
0.956 -2.61778
0.957 -2.62391
0.958 -2.63004
0.959 -2.63617
0.96 -2.6423
0.961 -2.64844
0.962 -2.65457
0.963 -2.66071
0.964 -2.66685
0.965 -2.67298
0.966 -2.67912
0.967 -2.68526
0.968 -2.6914
0.969 -2.69754
0.97 -2.70368
0.971 -2.70982
0.972 -2.71596
0.973 -2.72209
0.974 -2.72823
0.975 -2.73437
0.976 -2.74051
0.977 -2.74664
0.978 -2.75278
0.979 -2.75891
0.98 -2.76504
0.981 -2.77117
0.982 -2.7773
0.983 -2.78343
0.984 -2.78956
0.985 -2.79568
0.986 -2.8018
0.987 -2.80792
0.988 -2.81404
0.989 -2.82016
0.99 -2.82627
0.991 -2.83238
0.992 -2.83849
0.993 -2.8446
0.994 -2.8507
0.995 -2.8568
0.996 -2.86289
0.997 -2.86899
0.998 -2.87508
0.999 -2.88116
1 -2.88724
1.001 -10
