0 -10
0.001 -6.40107
0.002 -6.38449
0.003 -6.36793
0.004 -6.35139
0.005 -6.33488
0.006 -6.31839
0.007 -6.30192
0.008 -6.28548
0.009 -6.26906
0.01 -6.25267
0.011 -6.23631
0.012 -6.21998
0.013 -6.20368
0.014 -6.1874
0.015 -6.17116
0.016 -6.15495
0.017 -6.13877
0.018 -6.12263
0.019 -6.10652
0.02 -6.09044
0.021 -6.0744
0.022 -6.0584
0.023 -6.04243
0.024 -6.02651
0.025 -6.01062
0.026 -5.99477
0.027 -5.97896
0.028 -5.96319
0.029 -5.94747
0.03 -5.93178
0.031 -5.91614
0.032 -5.90054
0.033 -5.88499
0.034 -5.86948
0.035 -5.85401
0.036 -5.83859
0.037 -5.82322
0.038 -5.80789
0.039 -5.79262
0.04 -5.77738
0.041 -5.7622
0.042 -5.74707
0.043 -5.73199
0.044 -5.71695
0.045 -5.70197
0.046 -5.68703
0.047 -5.67215
0.048 -5.65732
0.049 -5.64254
0.05 -5.62782
0.051 -5.61314
0.052 -5.59852
0.053 -5.58395
0.054 -5.56944
0.055 -5.55498
0.056 -5.54057
0.057 -5.52622
0.058 -5.51192
0.059 -5.49767
0.06 -5.48348
0.061 -5.46935
0.062 -5.45527
0.063 -5.44125
0.064 -5.42728
0.065 -5.41337
0.066 -5.39951
0.067 -5.38571
0.068 -5.37197
0.069 -5.35828
0.07 -5.34465
0.071 -5.33107
0.072 -5.31755
0.073 -5.30409
0.074 -5.29068
0.075 -5.27733
0.076 -5.26404
0.077 -5.2508
0.078 -5.23762
0.079 -5.22449
0.08 -5.21142
0.081 -5.19841
0.082 -5.18546
0.083 -5.17256
0.084 -5.15971
0.085 -5.14692
0.086 -5.13419
0.087 -5.12152
0.088 -5.10889
0.089 -5.09633
0.09 -5.08382
0.091 -5.07137
0.092 -5.05897
0.093 -5.04662
0.094 -5.03433
0.095 -5.0221
0.096 -5.00992
0.097 -4.9978
0.098 -4.98573
0.099 -4.97371
0.1 -4.96175
0.101 -4.94984
0.102 -4.93798
0.103 -4.92618
0.104 -4.91443
0.105 -4.90274
0.106 -4.8911
0.107 -4.87951
0.108 -4.86797
0.109 -4.85649
0.11 -4.84505
0.111 -4.83367
0.112 -4.82235
0.113 -4.81107
0.114 -4.79984
0.115 -4.78867
0.116 -4.77754
0.117 -4.76647
0.118 -4.75545
0.119 -4.74448
0.12 -4.73355
0.121 -4.72268
0.122 -4.71186
0.123 -4.70108
0.124 -4.69036
0.125 -4.67968
0.126 -4.66905
0.127 -4.65847
0.128 -4.64794
0.129 -4.63746
0.13 -4.62703
0.131 -4.61664
0.132 -4.6063
0.133 -4.596
0.134 -4.58576
0.135 -4.57556
0.136 -4.5654
0.137 -4.55529
0.138 -4.54523
0.139 -4.53522
0.14 -4.52525
0.141 -4.51532
0.142 -4.50544
0.143 -4.4956
0.144 -4.48581
0.145 -4.47606
0.146 -4.46636
0.147 -4.4567
0.148 -4.44708
0.149 -4.43751
0.15 -4.42798
0.151 -4.41849
0.152 -4.40904
0.153 -4.39964
0.154 -4.39028
0.155 -4.38096
0.156 -4.37168
0.157 -4.36244
0.158 -4.35325
0.159 -4.34409
0.16 -4.33498
0.161 -4.3259
0.162 -4.31687
0.163 -4.30787
0.164 -4.29892
0.165 -4.29
0.166 -4.28112
0.167 -4.27228
0.168 -4.26348
0.169 -4.25472
0.17 -4.246
0.171 -4.23731
0.172 -4.22866
0.173 -4.22005
0.174 -4.21147
0.175 -4.20294
0.176 -4.19443
0.177 -4.18597
0.178 -4.17754
0.179 -4.16914
0.18 -4.16079
0.181 -4.15246
0.182 -4.14417
0.183 -4.13592
0.184 -4.1277
0.185 -4.11951
0.186 -4.11136
0.187 -4.10324
0.188 -4.09516
0.189 -4.0871
0.19 -4.07909
0.191 -4.0711
0.192 -4.06314
0.193 -4.05522
0.194 -4.04733
0.195 -4.03947
0.196 -4.03164
0.197 -4.02385
0.198 -4.01608
0.199 -4.00835
0.2 -4.00064
0.201 -3.99297
0.202 -3.98532
0.203 -3.9777
0.204 -3.97012
0.205 -3.96256
0.206 -3.95503
0.207 -3.94753
0.208 -3.94006
0.209 -3.93261
0.21 -3.9252
0.211 -3.91781
0.212 -3.91045
0.213 -3.90311
0.214 -3.89581
0.215 -3.88853
0.216 -3.88127
0.217 -3.87404
0.218 -3.86684
0.219 -3.85967
0.22 -3.85252
0.221 -3.84539
0.222 -3.83829
0.223 -3.83121
0.224 -3.82416
0.225 -3.81714
0.226 -3.81013
0.227 -3.80315
0.228 -3.7962
0.229 -3.78927
0.23 -3.78236
0.231 -3.77547
0.232 -3.76861
0.233 -3.76177
0.234 -3.75495
0.235 -3.74816
0.236 -3.74139
0.237 -3.73463
0.238 -3.72791
0.239 -3.7212
0.24 -3.71451
0.241 -3.70785
0.242 -3.7012
0.243 -3.69458
0.244 -3.68797
0.245 -3.68139
0.246 -3.67483
0.247 -3.66828
0.248 -3.66176
0.249 -3.65526
0.25 -3.64877
0.251 -3.64231
0.252 -3.63586
0.253 -3.62944
0.254 -3.62303
0.255 -3.61664
0.256 -3.61027
0.257 -3.60391
0.258 -3.59758
0.259 -3.59126
0.26 -3.58496
0.261 -3.57868
0.262 -3.57242
0.263 -3.56617
0.264 -3.55994
0.265 -3.55373
0.266 -3.54754
0.267 -3.54136
0.268 -3.5352
0.269 -3.52905
0.27 -3.52292
0.271 -3.51681
0.272 -3.51071
0.273 -3.50463
0.274 -3.49857
0.275 -3.49252
0.276 -3.48649
0.277 -3.48047
0.278 -3.47446
0.279 -3.46848
0.28 -3.4625
0.281 -3.45655
0.282 -3.4506
0.283 -3.44468
0.284 -3.43876
0.285 -3.43286
0.286 -3.42698
0.287 -3.42111
0.288 -3.41525
0.289 -3.40941
0.29 -3.40358
0.291 -3.39777
0.292 -3.39197
0.293 -3.38618
0.294 -3.3804
0.295 -3.37464
0.296 -3.3689
0.297 -3.36316
0.298 -3.35744
0.299 -3.35173
0.3 -3.34604
0.301 -3.34036
0.302 -3.33469
0.303 -3.32903
0.304 -3.32339
0.305 -3.31775
0.306 -3.31214
0.307 -3.30653
0.308 -3.30093
0.309 -3.29535
0.31 -3.28978
0.311 -3.28422
0.312 -3.27867
0.313 -3.27313
0.314 -3.26761
0.315 -3.2621
0.316 -3.2566
0.317 -3.2511
0.318 -3.24563
0.319 -3.24016
0.32 -3.2347
0.321 -3.22926
0.322 -3.22382
0.323 -3.2184
0.324 -3.21298
0.325 -3.20758
0.326 -3.20219
0.327 -3.19681
0.328 -3.19143
0.329 -3.18607
0.33 -3.18072
0.331 -3.17538
0.332 -3.17005
0.333 -3.16473
0.334 -3.15942
0.335 -3.15412
0.336 -3.14883
0.337 -3.14355
0.338 -3.13827
0.339 -3.13301
0.34 -3.12776
0.341 -3.12252
0.342 -3.11728
0.343 -3.11206
0.344 -3.10684
0.345 -3.10163
0.346 -3.09643
0.347 -3.09124
0.348 -3.08606
0.349 -3.08089
0.35 -3.07573
0.351 -3.07057
0.352 -3.06543
0.353 -3.06029
0.354 -3.05516
0.355 -3.05004
0.356 -3.04493
0.357 -3.03982
0.358 -3.03472
0.359 -3.02963
0.36 -3.02455
0.361 -3.01948
0.362 -3.01441
0.363 -3.00935
0.364 -3.0043
0.365 -2.99926
0.366 -2.99422
0.367 -2.98919
0.368 -2.98417
0.369 -2.97915
0.37 -2.97415
0.371 -2.96915
0.372 -2.96415
0.373 -2.95916
0.374 -2.95418
0.375 -2.94921
0.376 -2.94424
0.377 -2.93928
0.378 -2.93432
0.379 -2.92937
0.38 -2.92443
0.381 -2.91949
0.382 -2.91456
0.383 -2.90964
0.384 -2.90472
0.385 -2.8998
0.386 -2.89489
0.387 -2.88999
0.388 -2.88509
0.389 -2.8802
0.39 -2.87532
0.391 -2.87043
0.392 -2.86556
0.393 -2.86069
0.394 -2.85582
0.395 -2.85096
0.396 -2.8461
0.397 -2.84125
0.398 -2.8364
0.399 -2.83156
0.4 -2.82672
0.401 -2.82188
0.402 -2.81705
0.403 -2.81222
0.404 -2.8074
0.405 -2.80258
0.406 -2.79777
0.407 -2.79296
0.408 -2.78815
0.409 -2.78334
0.41 -2.77854
0.411 -2.77374
0.412 -2.76895
0.413 -2.76416
0.414 -2.75937
0.415 -2.75458
0.416 -2.7498
0.417 -2.74502
0.418 -2.74024
0.419 -2.73547
0.42 -2.7307
0.421 -2.72592
0.422 -2.72116
0.423 -2.71639
0.424 -2.71163
0.425 -2.70687
0.426 -2.70211
0.427 -2.69735
0.428 -2.69259
0.429 -2.68783
0.43 -2.68308
0.431 -2.67833
0.432 -2.67358
0.433 -2.66883
0.434 -2.66408
0.435 -2.65933
0.436 -2.65458
0.437 -2.64984
0.438 -2.64509
0.439 -2.64034
0.44 -2.6356
0.441 -2.63085
0.442 -2.62611
0.443 -2.62137
0.444 -2.61662
0.445 -2.61188
0.446 -2.60713
0.447 -2.60239
0.448 -2.59764
0.449 -2.59289
0.45 -2.58815
0.451 -2.5834
0.452 -2.57865
0.453 -2.5739
0.454 -2.56915
0.455 -2.5644
0.456 -2.55965
0.457 -2.55489
0.458 -2.55014
0.459 -2.54538
0.46 -2.54062
0.461 -2.53586
0.462 -2.5311
0.463 -2.52633
0.464 -2.52156
0.465 -2.5168
0.466 -2.51202
0.467 -2.50725
0.468 -2.50247
0.469 -2.49769
0.47 -2.49291
0.471 -2.48813
0.472 -2.48334
0.473 -2.47855
0.474 -2.47375
0.475 -2.46895
0.476 -2.46415
0.477 -2.45935
0.478 -2.45454
0.479 -2.44973
0.48 -2.44491
0.481 -2.44009
0.482 -2.43526
0.483 -2.43044
0.484 -2.4256
0.485 -2.42076
0.486 -2.41592
0.487 -2.41108
0.488 -2.40622
0.489 -2.40137
0.49 -2.39651
0.491 -2.39164
0.492 -2.38677
0.493 -2.38189
0.494 -2.37701
0.495 -2.37212
0.496 -2.36722
0.497 -2.36232
0.498 -2.35742
0.499 -2.35251
0.5 -2.34759
0.501 -2.34266
0.502 -2.33773
0.503 -2.33279
0.504 -2.32785
0.505 -2.3229
0.506 -2.31794
0.507 -2.31298
0.508 -2.30801
0.509 -2.30303
0.51 -2.29804
0.511 -2.29305
0.512 -2.28805
0.513 -2.28304
0.514 -2.27802
0.515 -2.273
0.516 -2.26797
0.517 -2.26293
0.518 -2.25788
0.519 -2.25282
0.52 -2.24776
0.521 -2.24268
0.522 -2.2376
0.523 -2.23251
0.524 -2.22741
0.525 -2.2223
0.526 -2.21718
0.527 -2.21206
0.528 -2.20692
0.529 -2.20177
0.53 -2.19662
0.531 -2.19145
0.532 -2.18628
0.533 -2.18109
0.534 -2.1759
0.535 -2.17069
0.536 -2.16548
0.537 -2.16025
0.538 -2.15502
0.539 -2.14977
0.54 -2.14452
0.541 -2.13925
0.542 -2.13397
0.543 -2.12868
0.544 -2.12338
0.545 -2.11807
0.546 -2.11275
0.547 -2.10741
0.548 -2.10207
0.549 -2.09671
0.55 -2.09134
0.551 -2.08596
0.552 -2.08057
0.553 -2.07517
0.554 -2.06975
0.555 -2.06432
0.556 -2.05888
0.557 -2.05343
0.558 -2.04796
0.559 -2.04248
0.56 -2.03699
0.561 -2.03149
0.562 -2.02597
0.563 -2.02045
0.564 -2.0149
0.565 -2.00935
0.566 -2.00378
0.567 -1.9982
0.568 -1.9926
0.569 -1.98699
0.57 -1.98137
0.571 -1.97574
0.572 -1.97009
0.573 -1.96442
0.574 -1.95875
0.575 -1.95305
0.576 -1.94735
0.577 -1.94163
0.578 -1.9359
0.579 -1.93015
0.58 -1.92439
0.581 -1.91861
0.582 -1.91282
0.583 -1.90701
0.584 -1.90119
0.585 -1.89536
0.586 -1.8895
0.587 -1.88364
0.588 -1.87776
0.589 -1.87187
0.59 -1.86596
0.591 -1.86003
0.592 -1.85409
0.593 -1.84813
0.594 -1.84216
0.595 -1.83618
0.596 -1.83018
0.597 -1.82416
0.598 -1.81813
0.599 -1.81208
0.6 -1.80602
0.601 -1.79994
0.602 -1.79384
0.603 -1.78773
0.604 -1.78161
0.605 -1.77547
0.606 -1.76931
0.607 -1.76313
0.608 -1.75695
0.609 -1.75074
0.61 -1.74452
0.611 -1.73828
0.612 -1.73203
0.613 -1.72576
0.614 -1.71948
0.615 -1.71318
0.616 -1.70686
0.617 -1.70053
0.618 -1.69419
0.619 -1.68782
0.62 -1.68144
0.621 -1.67505
0.622 -1.66864
0.623 -1.66221
0.624 -1.65577
0.625 -1.64931
0.626 -1.64284
0.627 -1.63635
0.628 -1.62984
0.629 -1.62332
0.63 -1.61679
0.631 -1.61023
0.632 -1.60367
0.633 -1.59708
0.634 -1.59049
0.635 -1.58387
0.636 -1.57725
0.637 -1.5706
0.638 -1.56394
0.639 -1.55727
0.64 -1.55058
0.641 -1.54388
0.642 -1.53716
0.643 -1.53043
0.644 -1.52368
0.645 -1.51692
0.646 -1.51015
0.647 -1.50336
0.648 -1.49656
0.649 -1.48974
0.65 -1.48291
0.651 -1.47606
0.652 -1.46921
0.653 -1.46234
0.654 -1.45545
0.655 -1.44856
0.656 -1.44165
0.657 -1.43472
0.658 -1.42779
0.659 -1.42084
0.66 -1.41389
0.661 -1.40691
0.662 -1.39993
0.663 -1.39294
0.664 -1.38593
0.665 -1.37892
0.666 -1.37189
0.667 -1.36486
0.668 -1.35781
0.669 -1.35075
0.67 -1.34369
0.671 -1.33661
0.672 -1.32952
0.673 -1.32243
0.674 -1.31533
0.675 -1.30822
0.676 -1.3011
0.677 -1.29397
0.678 -1.28684
0.679 -1.27969
0.68 -1.27255
0.681 -1.26539
0.682 -1.25823
0.683 -1.25106
0.684 -1.24389
0.685 -1.23672
0.686 -1.22953
0.687 -1.22235
0.688 -1.21516
0.689 -1.20796
0.69 -1.20077
0.691 -1.19357
0.692 -1.18637
0.693 -1.17916
0.694 -1.17196
0.695 -1.16475
0.696 -1.15755
0.697 -1.15034
0.698 -1.14313
0.699 -1.13593
0.7 -1.12873
0.701 -1.12152
0.702 -1.11432
0.703 -1.10713
0.704 -1.09993
0.705 -1.09274
0.706 -1.08556
0.707 -1.07838
0.708 -1.0712
0.709 -1.06403
0.71 -1.05687
0.711 -1.04971
0.712 -1.04256
0.713 -1.03542
0.714 -1.02829
0.715 -1.02117
0.716 -1.01406
0.717 -1.00696
0.718 -0.99987
0.719 -0.992792
0.72 -0.985727
0.721 -0.978674
0.722 -0.971636
0.723 -0.964612
0.724 -0.957603
0.725 -0.95061
0.726 -0.943633
0.727 -0.936674
0.728 -0.929732
0.729 -0.922809
0.73 -0.915905
0.731 -0.90902
0.732 -0.902157
0.733 -0.895315
0.734 -0.888495
0.735 -0.881697
0.736 -0.874923
0.737 -0.868174
0.738 -0.861449
0.739 -0.854751
0.74 -0.848078
0.741 -0.841433
0.742 -0.834817
0.743 -0.828229
0.744 -0.82167
0.745 -0.815142
0.746 -0.808645
0.747 -0.802181
0.748 -0.795749
0.749 -0.78935
0.75 -0.782986
0.751 -0.776657
0.752 -0.770364
0.753 -0.764108
0.754 -0.75789
0.755 -0.75171
0.756 -0.745569
0.757 -0.739468
0.758 -0.733408
0.759 -0.72739
0.76 -0.721414
0.761 -0.715482
0.762 -0.709594
0.763 -0.703751
0.764 -0.697954
0.765 -0.692204
0.766 -0.686501
0.767 -0.680846
0.768 -0.675241
0.769 -0.669686
0.77 -0.664181
0.771 -0.658728
0.772 -0.653328
0.773 -0.647981
0.774 -0.642688
0.775 -0.63745
0.776 -0.632268
0.777 -0.627142
0.778 -0.622074
0.779 -0.617064
0.78 -0.612113
0.781 -0.607222
0.782 -0.602392
0.783 -0.597623
0.784 -0.592916
0.785 -0.588272
0.786 -0.583692
0.787 -0.579177
0.788 -0.574726
0.789 -0.570342
0.79 -0.566025
0.791 -0.561775
0.792 -0.557594
0.793 -0.553482
0.794 -0.549439
0.795 -0.545467
0.796 -0.541567
0.797 -0.537738
0.798 -0.533982
0.799 -0.5303
0.8 -0.526691
0.801 -0.523157
0.802 -0.519699
0.803 -0.516316
0.804 -0.51301
0.805 -0.509782
0.806 -0.506632
0.807 -0.50356
0.808 -0.500567
0.809 -0.497654
0.81 -0.494822
0.811 -0.49207
0.812 -0.4894
0.813 -0.486813
0.814 -0.484307
0.815 -0.481885
0.816 -0.479547
0.817 -0.477293
0.818 -0.475124
0.819 -0.473039
0.82 -0.471041
0.821 -0.469128
0.822 -0.467303
0.823 -0.465564
0.824 -0.463912
0.825 -0.462349
0.826 -0.460874
0.827 -0.459487
0.828 -0.458189
0.829 -0.456981
0.83 -0.455862
0.831 -0.454834
0.832 -0.453896
0.833 -0.453048
0.834 -0.452291
0.835 -0.451626
0.836 -0.451052
0.837 -0.450569
0.838 -0.450179
0.839 -0.449881
0.84 -0.449675
0.841 -0.449562
0.842 -0.449541
0.843 -0.449613
0.844 -0.449778
0.845 -0.450036
0.846 -0.450388
0.847 -0.450833
0.848 -0.451371
0.849 -0.452003
0.85 -0.452728
0.851 -0.453547
0.852 -0.454459
0.853 -0.455465
0.854 -0.456565
0.855 -0.457758
0.856 -0.459045
0.857 -0.460425
0.858 -0.461898
0.859 -0.463465
0.86 -0.465125
0.861 -0.466878
0.862 -0.468725
0.863 -0.470664
0.864 -0.472695
0.865 -0.47482
0.866 -0.477036
0.867 -0.479345
0.868 -0.481745
0.869 -0.484238
0.87 -0.486821
0.871 -0.489496
0.872 -0.492262
0.873 -0.495118
0.874 -0.498065
0.875 -0.501102
0.876 -0.504228
0.877 -0.507444
0.878 -0.510749
0.879 -0.514142
0.88 -0.517624
0.881 -0.521194
0.882 -0.524851
0.883 -0.528595
0.884 -0.532425
0.885 -0.536342
0.886 -0.540345
0.887 -0.544433
0.888 -0.548605
0.889 -0.552862
0.89 -0.557203
0.891 -0.561627
0.892 -0.566133
0.893 -0.570722
0.894 -0.575393
0.895 -0.580144
0.896 -0.584976
0.897 -0.589889
0.898 -0.59488
0.899 -0.59995
0.9 -0.605099
0.901 -0.610324
0.902 -0.615627
0.903 -0.621006
0.904 -0.626461
0.905 -0.631991
0.906 -0.637595
0.907 -0.643272
0.908 -0.649023
0.909 -0.654846
0.91 -0.66074
0.911 -0.666705
0.912 -0.672741
0.913 -0.678846
0.914 -0.685019
0.915 -0.691261
0.916 -0.697569
0.917 -0.703944
0.918 -0.710385
0.919 -0.716891
0.92 -0.723461
0.921 -0.730095
0.922 -0.736791
0.923 -0.743549
0.924 -0.750368
0.925 -0.757248
0.926 -0.764187
0.927 -0.771184
0.928 -0.77824
0.929 -0.785353
0.93 -0.792522
0.931 -0.799746
0.932 -0.807026
0.933 -0.814359
0.934 -0.821745
0.935 -0.829183
0.936 -0.836673
0.937 -0.844213
0.938 -0.851803
0.939 -0.859442
0.94 -0.867129
0.941 -0.874863
0.942 -0.882644
0.943 -0.89047
0.944 -0.898341
0.945 -0.906256
0.946 -0.914213
0.947 -0.922214
0.948 -0.930255
0.949 -0.938337
0.95 -0.946459
0.951 -0.95462
0.952 -0.962818
0.953 -0.971054
0.954 -0.979327
0.955 -0.987635
0.956 -0.995977
0.957 -1.00435
0.958 -1.01276
0.959 -1.02121
0.96 -1.02968
0.961 -1.03818
0.962 -1.04672
0.963 -1.05528
0.964 -1.06387
0.965 -1.07249
0.966 -1.08114
0.967 -1.08981
0.968 -1.0985
0.969 -1.10723
0.97 -1.11597
0.971 -1.12474
0.972 -1.13353
0.973 -1.14234
0.974 -1.15117
0.975 -1.16002
0.976 -1.16889
0.977 -1.17777
0.978 -1.18668
0.979 -1.1956
0.98 -1.20454
0.981 -1.21349
0.982 -1.22246
0.983 -1.23144
0.984 -1.24043
0.985 -1.24944
0.986 -1.25846
0.987 -1.26749
0.988 -1.27653
0.989 -1.28557
0.99 -1.29463
0.991 -1.3037
0.992 -1.31277
0.993 -1.32185
0.994 -1.33094
0.995 -1.34004
0.996 -1.34913
0.997 -1.35824
0.998 -1.36734
0.999 -1.37645
1 -1.38557
1.001 -10
