0 5
0.001 3.30693
0.002 3.30878
0.003 3.31063
0.004 3.31248
0.005 3.31432
0.006 3.31616
0.007 3.31799
0.008 3.31982
0.009 3.32164
0.01 3.32346
0.011 3.32528
0.012 3.32709
0.013 3.32889
0.014 3.33069
0.015 3.33248
0.016 3.33427
0.017 3.33606
0.018 3.33784
0.019 3.33961
0.02 3.34138
0.021 3.34315
0.022 3.34491
0.023 3.34666
0.024 3.34842
0.025 3.35016
0.026 3.3519
0.027 3.35364
0.028 3.35537
0.029 3.35709
0.03 3.35881
0.031 3.36053
0.032 3.36224
0.033 3.36395
0.034 3.36565
0.035 3.36734
0.036 3.36903
0.037 3.37072
0.038 3.3724
0.039 3.37408
0.04 3.37575
0.041 3.37741
0.042 3.37907
0.043 3.38073
0.044 3.38238
0.045 3.38402
0.046 3.38566
0.047 3.3873
0.048 3.38893
0.049 3.39055
0.05 3.39217
0.051 3.39379
0.052 3.3954
0.053 3.397
0.054 3.3986
0.055 3.40019
0.056 3.40178
0.057 3.40337
0.058 3.40494
0.059 3.40652
0.06 3.40809
0.061 3.40965
0.062 3.41121
0.063 3.41276
0.064 3.41431
0.065 3.41585
0.066 3.41739
0.067 3.41892
0.068 3.42045
0.069 3.42197
0.07 3.42349
0.071 3.425
0.072 3.42651
0.073 3.42801
0.074 3.42951
0.075 3.431
0.076 3.43248
0.077 3.43397
0.078 3.43544
0.079 3.43691
0.08 3.43838
0.081 3.43984
0.082 3.4413
0.083 3.44275
0.084 3.44419
0.085 3.44563
0.086 3.44707
0.087 3.4485
0.088 3.44993
0.089 3.45135
0.09 3.45276
0.091 3.45417
0.092 3.45558
0.093 3.45698
0.094 3.45837
0.095 3.45976
0.096 3.46115
0.097 3.46253
0.098 3.46391
0.099 3.46528
0.1 3.46664
0.101 3.468
0.102 3.46936
0.103 3.47071
0.104 3.47206
0.105 3.4734
0.106 3.47473
0.107 3.47607
0.108 3.47739
0.109 3.47871
0.11 3.48003
0.111 3.48134
0.112 3.48265
0.113 3.48395
0.114 3.48525
0.115 3.48654
0.116 3.48783
0.117 3.48912
0.118 3.4904
0.119 3.49167
0.12 3.49294
0.121 3.49421
0.122 3.49547
0.123 3.49672
0.124 3.49797
0.125 3.49922
0.126 3.50046
0.127 3.5017
0.128 3.50293
0.129 3.50416
0.13 3.50539
0.131 3.50661
0.132 3.50782
0.133 3.50903
0.134 3.51024
0.135 3.51144
0.136 3.51264
0.137 3.51383
0.138 3.51502
0.139 3.51621
0.14 3.51739
0.141 3.51856
0.142 3.51973
0.143 3.5209
0.144 3.52207
0.145 3.52323
0.146 3.52438
0.147 3.52553
0.148 3.52668
0.149 3.52782
0.15 3.52896
0.151 3.5301
0.152 3.53123
0.153 3.53236
0.154 3.53348
0.155 3.5346
0.156 3.53571
0.157 3.53683
0.158 3.53793
0.159 3.53904
0.16 3.54014
0.161 3.54123
0.162 3.54233
0.163 3.54342
0.164 3.5445
0.165 3.54558
0.166 3.54666
0.167 3.54774
0.168 3.54881
0.169 3.54987
0.17 3.55094
0.171 3.552
0.172 3.55306
0.173 3.55411
0.174 3.55516
0.175 3.55621
0.176 3.55725
0.177 3.55829
0.178 3.55933
0.179 3.56036
0.18 3.56139
0.181 3.56242
0.182 3.56344
0.183 3.56446
0.184 3.56548
0.185 3.56649
0.186 3.5675
0.187 3.56851
0.188 3.56952
0.189 3.57052
0.19 3.57152
0.191 3.57251
0.192 3.57351
0.193 3.5745
0.194 3.57549
0.195 3.57647
0.196 3.57745
0.197 3.57843
0.198 3.57941
0.199 3.58038
0.2 3.58135
0.201 3.58232
0.202 3.58329
0.203 3.58425
0.204 3.58521
0.205 3.58617
0.206 3.58713
0.207 3.58808
0.208 3.58903
0.209 3.58998
0.21 3.59093
0.211 3.59187
0.212 3.59281
0.213 3.59375
0.214 3.59469
0.215 3.59562
0.216 3.59655
0.217 3.59748
0.218 3.59841
0.219 3.59934
0.22 3.60026
0.221 3.60118
0.222 3.6021
0.223 3.60302
0.224 3.60394
0.225 3.60485
0.226 3.60576
0.227 3.60667
0.228 3.60758
0.229 3.60849
0.23 3.60939
0.231 3.6103
0.232 3.6112
0.233 3.6121
0.234 3.613
0.235 3.61389
0.236 3.61479
0.237 3.61568
0.238 3.61657
0.239 3.61746
0.24 3.61835
0.241 3.61924
0.242 3.62012
0.243 3.62101
0.244 3.62189
0.245 3.62277
0.246 3.62365
0.247 3.62453
0.248 3.6254
0.249 3.62628
0.25 3.62716
0.251 3.62803
0.252 3.6289
0.253 3.62977
0.254 3.63064
0.255 3.63151
0.256 3.63238
0.257 3.63325
0.258 3.63411
0.259 3.63498
0.26 3.63584
0.261 3.6367
0.262 3.63757
0.263 3.63843
0.264 3.63929
0.265 3.64015
0.266 3.64101
0.267 3.64186
0.268 3.64272
0.269 3.64358
0.27 3.64443
0.271 3.64529
0.272 3.64614
0.273 3.647
0.274 3.64785
0.275 3.6487
0.276 3.64955
0.277 3.65041
0.278 3.65126
0.279 3.65211
0.28 3.65296
0.281 3.65381
0.282 3.65466
0.283 3.65551
0.284 3.65635
0.285 3.6572
0.286 3.65805
0.287 3.6589
0.288 3.65975
0.289 3.66059
0.29 3.66144
0.291 3.66229
0.292 3.66313
0.293 3.66398
0.294 3.66482
0.295 3.66567
0.296 3.66652
0.297 3.66736
0.298 3.66821
0.299 3.66905
0.3 3.6699
0.301 3.67075
0.302 3.67159
0.303 3.67244
0.304 3.67328
0.305 3.67413
0.306 3.67498
0.307 3.67582
0.308 3.67667
0.309 3.67752
0.31 3.67836
0.311 3.67921
0.312 3.68006
0.313 3.6809
0.314 3.68175
0.315 3.6826
0.316 3.68345
0.317 3.6843
0.318 3.68514
0.319 3.68599
0.32 3.68684
0.321 3.68769
0.322 3.68854
0.323 3.68939
0.324 3.69025
0.325 3.6911
0.326 3.69195
0.327 3.6928
0.328 3.69365
0.329 3.69451
0.33 3.69536
0.331 3.69622
0.332 3.69707
0.333 3.69793
0.334 3.69878
0.335 3.69964
0.336 3.7005
0.337 3.70135
0.338 3.70221
0.339 3.70307
0.34 3.70393
0.341 3.70479
0.342 3.70565
0.343 3.70651
0.344 3.70737
0.345 3.70824
0.346 3.7091
0.347 3.70996
0.348 3.71083
0.349 3.71169
0.35 3.71256
0.351 3.71343
0.352 3.71429
0.353 3.71516
0.354 3.71603
0.355 3.7169
0.356 3.71777
0.357 3.71864
0.358 3.71951
0.359 3.72038
0.36 3.72126
0.361 3.72213
0.362 3.72301
0.363 3.72388
0.364 3.72476
0.365 3.72563
0.366 3.72651
0.367 3.72739
0.368 3.72827
0.369 3.72914
0.37 3.73002
0.371 3.7309
0.372 3.73179
0.373 3.73267
0.374 3.73355
0.375 3.73443
0.376 3.73532
0.377 3.7362
0.378 3.73709
0.379 3.73797
0.38 3.73886
0.381 3.73974
0.382 3.74063
0.383 3.74152
0.384 3.74241
0.385 3.7433
0.386 3.74419
0.387 3.74508
0.388 3.74597
0.389 3.74686
0.39 3.74775
0.391 3.74864
0.392 3.74953
0.393 3.75043
0.394 3.75132
0.395 3.75221
0.396 3.75311
0.397 3.754
0.398 3.7549
0.399 3.75579
0.4 3.75669
0.401 3.75758
0.402 3.75848
0.403 3.75937
0.404 3.76027
0.405 3.76116
0.406 3.76206
0.407 3.76296
0.408 3.76385
0.409 3.76475
0.41 3.76565
0.411 3.76654
0.412 3.76744
0.413 3.76833
0.414 3.76923
0.415 3.77012
0.416 3.77102
0.417 3.77192
0.418 3.77281
0.419 3.7737
0.42 3.7746
0.421 3.77549
0.422 3.77639
0.423 3.77728
0.424 3.77817
0.425 3.77906
0.426 3.77995
0.427 3.78084
0.428 3.78173
0.429 3.78262
0.43 3.78351
0.431 3.7844
0.432 3.78528
0.433 3.78617
0.434 3.78706
0.435 3.78794
0.436 3.78882
0.437 3.7897
0.438 3.79058
0.439 3.79146
0.44 3.79234
0.441 3.79322
0.442 3.79409
0.443 3.79497
0.444 3.79584
0.445 3.79671
0.446 3.79758
0.447 3.79844
0.448 3.79931
0.449 3.80017
0.45 3.80104
0.451 3.8019
0.452 3.80276
0.453 3.80361
0.454 3.80447
0.455 3.80532
0.456 3.80617
0.457 3.80702
0.458 3.80786
0.459 3.80871
0.46 3.80955
0.461 3.81039
0.462 3.81122
0.463 3.81206
0.464 3.81289
0.465 3.81372
0.466 3.81454
0.467 3.81536
0.468 3.81618
0.469 3.817
0.47 3.81781
0.471 3.81863
0.472 3.81943
0.473 3.82024
0.474 3.82104
0.475 3.82184
0.476 3.82263
0.477 3.82342
0.478 3.82421
0.479 3.82499
0.48 3.82577
0.481 3.82655
0.482 3.82732
0.483 3.82809
0.484 3.82886
0.485 3.82962
0.486 3.83038
0.487 3.83113
0.488 3.83188
0.489 3.83262
0.49 3.83336
0.491 3.8341
0.492 3.83483
0.493 3.83556
0.494 3.83628
0.495 3.837
0.496 3.83771
0.497 3.83842
0.498 3.83913
0.499 3.83983
0.5 3.84052
0.501 3.84121
0.502 3.8419
0.503 3.84258
0.504 3.84325
0.505 3.84392
0.506 3.84458
0.507 3.84524
0.508 3.8459
0.509 3.84654
0.51 3.84719
0.511 3.84782
0.512 3.84846
0.513 3.84908
0.514 3.8497
0.515 3.85032
0.516 3.85093
0.517 3.85153
0.518 3.85213
0.519 3.85272
0.52 3.8533
0.521 3.85388
0.522 3.85445
0.523 3.85502
0.524 3.85558
0.525 3.85614
0.526 3.85669
0.527 3.85723
0.528 3.85776
0.529 3.85829
0.53 3.85882
0.531 3.85933
0.532 3.85984
0.533 3.86035
0.534 3.86084
0.535 3.86133
0.536 3.86182
0.537 3.86229
0.538 3.86276
0.539 3.86323
0.54 3.86368
0.541 3.86413
0.542 3.86457
0.543 3.86501
0.544 3.86544
0.545 3.86586
0.546 3.86627
0.547 3.86668
0.548 3.86708
0.549 3.86747
0.55 3.86786
0.551 3.86824
0.552 3.86861
0.553 3.86897
0.554 3.86933
0.555 3.86968
0.556 3.87002
0.557 3.87036
0.558 3.87069
0.559 3.87101
0.56 3.87132
0.561 3.87162
0.562 3.87192
0.563 3.87221
0.564 3.87249
0.565 3.87277
0.566 3.87304
0.567 3.87329
0.568 3.87355
0.569 3.87379
0.57 3.87403
0.571 3.87426
0.572 3.87448
0.573 3.87469
0.574 3.8749
0.575 3.8751
0.576 3.87529
0.577 3.87547
0.578 3.87564
0.579 3.87581
0.58 3.87597
0.581 3.87612
0.582 3.87626
0.583 3.8764
0.584 3.87653
0.585 3.87665
0.586 3.87676
0.587 3.87686
0.588 3.87696
0.589 3.87704
0.59 3.87712
0.591 3.8772
0.592 3.87726
0.593 3.87732
0.594 3.87736
0.595 3.87741
0.596 3.87744
0.597 3.87746
0.598 3.87748
0.599 3.87749
0.6 3.87749
0.601 3.87748
0.602 3.87746
0.603 3.87744
0.604 3.87741
0.605 3.87737
0.606 3.87732
0.607 3.87726
0.608 3.8772
0.609 3.87713
0.61 3.87705
0.611 3.87696
0.612 3.87687
0.613 3.87676
0.614 3.87665
0.615 3.87653
0.616 3.8764
0.617 3.87627
0.618 3.87612
0.619 3.87597
0.62 3.87581
0.621 3.87565
0.622 3.87547
0.623 3.87529
0.624 3.8751
0.625 3.8749
0.626 3.87469
0.627 3.87448
0.628 3.87425
0.629 3.87402
0.63 3.87379
0.631 3.87354
0.632 3.87329
0.633 3.87302
0.634 3.87275
0.635 3.87248
0.636 3.87219
0.637 3.8719
0.638 3.8716
0.639 3.87129
0.64 3.87098
0.641 3.87065
0.642 3.87032
0.643 3.86998
0.644 3.86964
0.645 3.86928
0.646 3.86892
0.647 3.86855
0.648 3.86818
0.649 3.86779
0.65 3.8674
0.651 3.867
0.652 3.8666
0.653 3.86618
0.654 3.86576
0.655 3.86534
0.656 3.8649
0.657 3.86446
0.658 3.86401
0.659 3.86355
0.66 3.86309
0.661 3.86262
0.662 3.86214
0.663 3.86165
0.664 3.86116
0.665 3.86066
0.666 3.86015
0.667 3.85964
0.668 3.85912
0.669 3.85859
0.67 3.85806
0.671 3.85752
0.672 3.85697
0.673 3.85642
0.674 3.85586
0.675 3.85529
0.676 3.85472
0.677 3.85414
0.678 3.85355
0.679 3.85296
0.68 3.85236
0.681 3.85175
0.682 3.85114
0.683 3.85052
0.684 3.84989
0.685 3.84926
0.686 3.84863
0.687 3.84798
0.688 3.84733
0.689 3.84668
0.69 3.84602
0.691 3.84535
0.692 3.84468
0.693 3.844
0.694 3.84331
0.695 3.84262
0.696 3.84193
0.697 3.84123
0.698 3.84052
0.699 3.83981
0.7 3.83909
0.701 3.83837
0.702 3.83764
0.703 3.83691
0.704 3.83617
0.705 3.83542
0.706 3.83467
0.707 3.83392
0.708 3.83316
0.709 3.8324
0.71 3.83163
0.711 3.83086
0.712 3.83008
0.713 3.8293
0.714 3.82851
0.715 3.82772
0.716 3.82692
0.717 3.82612
0.718 3.82532
0.719 3.82451
0.72 3.82369
0.721 3.82288
0.722 3.82205
0.723 3.82123
0.724 3.8204
0.725 3.81957
0.726 3.81873
0.727 3.81789
0.728 3.81704
0.729 3.8162
0.73 3.81534
0.731 3.81449
0.732 3.81363
0.733 3.81277
0.734 3.81191
0.735 3.81104
0.736 3.81017
0.737 3.80929
0.738 3.80841
0.739 3.80753
0.74 3.80665
0.741 3.80577
0.742 3.80488
0.743 3.80399
0.744 3.80309
0.745 3.8022
0.746 3.8013
0.747 3.8004
0.748 3.7995
0.749 3.79859
0.75 3.79768
0.751 3.79677
0.752 3.79586
0.753 3.79495
0.754 3.79403
0.755 3.79312
0.756 3.7922
0.757 3.79128
0.758 3.79036
0.759 3.78943
0.76 3.78851
0.761 3.78758
0.762 3.78666
0.763 3.78573
0.764 3.7848
0.765 3.78387
0.766 3.78294
0.767 3.78201
0.768 3.78107
0.769 3.78014
0.77 3.7792
0.771 3.77827
0.772 3.77733
0.773 3.7764
0.774 3.77546
0.775 3.77452
0.776 3.77359
0.777 3.77265
0.778 3.77171
0.779 3.77077
0.78 3.76984
0.781 3.7689
0.782 3.76796
0.783 3.76703
0.784 3.76609
0.785 3.76515
0.786 3.76422
0.787 3.76328
0.788 3.76235
0.789 3.76141
0.79 3.76048
0.791 3.75954
0.792 3.75861
0.793 3.75768
0.794 3.75675
0.795 3.75582
0.796 3.75489
0.797 3.75397
0.798 3.75304
0.799 3.75211
0.8 3.75119
0.801 3.75027
0.802 3.74935
0.803 3.74843
0.804 3.74751
0.805 3.74659
0.806 3.74568
0.807 3.74477
0.808 3.74386
0.809 3.74295
0.81 3.74204
0.811 3.74113
0.812 3.74023
0.813 3.73933
0.814 3.73843
0.815 3.73753
0.816 3.73664
0.817 3.73574
0.818 3.73485
0.819 3.73396
0.82 3.73308
0.821 3.73219
0.822 3.73131
0.823 3.73043
0.824 3.72956
0.825 3.72868
0.826 3.72781
0.827 3.72695
0.828 3.72608
0.829 3.72522
0.83 3.72436
0.831 3.7235
0.832 3.72265
0.833 3.72179
0.834 3.72095
0.835 3.7201
0.836 3.71926
0.837 3.71842
0.838 3.71758
0.839 3.71675
0.84 3.71592
0.841 3.71509
0.842 3.71427
0.843 3.71345
0.844 3.71263
0.845 3.71182
0.846 3.71101
0.847 3.7102
0.848 3.7094
0.849 3.7086
0.85 3.7078
0.851 3.70701
0.852 3.70622
0.853 3.70543
0.854 3.70465
0.855 3.70387
0.856 3.70309
0.857 3.70232
0.858 3.70155
0.859 3.70079
0.86 3.70003
0.861 3.69927
0.862 3.69852
0.863 3.69777
0.864 3.69702
0.865 3.69628
0.866 3.69554
0.867 3.6948
0.868 3.69407
0.869 3.69334
0.87 3.69262
0.871 3.6919
0.872 3.69118
0.873 3.69047
0.874 3.68976
0.875 3.68906
0.876 3.68836
0.877 3.68766
0.878 3.68697
0.879 3.68628
0.88 3.68559
0.881 3.68491
0.882 3.68423
0.883 3.68356
0.884 3.68289
0.885 3.68222
0.886 3.68156
0.887 3.6809
0.888 3.68025
0.889 3.6796
0.89 3.67895
0.891 3.67831
0.892 3.67767
0.893 3.67703
0.894 3.6764
0.895 3.67578
0.896 3.67515
0.897 3.67453
0.898 3.67392
0.899 3.6733
0.9 3.67269
0.901 3.67209
0.902 3.67149
0.903 3.67089
0.904 3.6703
0.905 3.66971
0.906 3.66912
0.907 3.66854
0.908 3.66796
0.909 3.66739
0.91 3.66682
0.911 3.66625
0.912 3.66569
0.913 3.66513
0.914 3.66457
0.915 3.66402
0.916 3.66347
0.917 3.66292
0.918 3.66238
0.919 3.66184
0.92 3.66131
0.921 3.66078
0.922 3.66025
0.923 3.65973
0.924 3.6592
0.925 3.65869
0.926 3.65817
0.927 3.65766
0.928 3.65716
0.929 3.65665
0.93 3.65615
0.931 3.65566
0.932 3.65516
0.933 3.65467
0.934 3.65419
0.935 3.6537
0.936 3.65322
0.937 3.65274
0.938 3.65227
0.939 3.6518
0.94 3.65133
0.941 3.65087
0.942 3.65041
0.943 3.64995
0.944 3.64949
0.945 3.64904
0.946 3.64859
0.947 3.64815
0.948 3.6477
0.949 3.64726
0.95 3.64683
0.951 3.64639
0.952 3.64596
0.953 3.64553
0.954 3.64511
0.955 3.64469
0.956 3.64427
0.957 3.64385
0.958 3.64343
0.959 3.64302
0.96 3.64261
0.961 3.64221
0.962 3.6418
0.963 3.6414
0.964 3.64101
0.965 3.64061
0.966 3.64022
0.967 3.63983
0.968 3.63944
0.969 3.63905
0.97 3.63867
0.971 3.63829
0.972 3.63791
0.973 3.63754
0.974 3.63716
0.975 3.63679
0.976 3.63642
0.977 3.63606
0.978 3.63569
0.979 3.63533
0.98 3.63497
0.981 3.63462
0.982 3.63426
0.983 3.63391
0.984 3.63356
0.985 3.63321
0.986 3.63286
0.987 3.63252
0.988 3.63218
0.989 3.63184
0.99 3.6315
0.991 3.63116
0.992 3.63083
0.993 3.6305
0.994 3.63017
0.995 3.62984
0.996 3.62951
0.997 3.62919
0.998 3.62887
0.999 3.62854
1 3.62823
1.001 5
