0 0
0.001 0.903835
0.002 0.907201
0.003 0.910578
0.004 0.913965
0.005 0.917363
0.006 0.920773
0.007 0.924192
0.008 0.927622
0.009 0.931063
0.01 0.934514
0.011 0.937976
0.012 0.941448
0.013 0.94493
0.014 0.948423
0.015 0.951925
0.016 0.955438
0.017 0.958961
0.018 0.962494
0.019 0.966036
0.02 0.969588
0.021 0.973151
0.022 0.976722
0.023 0.980304
0.024 0.983894
0.025 0.987495
0.026 0.991104
0.027 0.994723
0.028 0.998351
0.029 1.00199
0.03 1.00563
0.031 1.00929
0.032 1.01295
0.033 1.01663
0.034 1.02031
0.035 1.024
0.036 1.02769
0.037 1.0314
0.038 1.03512
0.039 1.03884
0.04 1.04257
0.041 1.04631
0.042 1.05006
0.043 1.05381
0.044 1.05757
0.045 1.06135
0.046 1.06512
0.047 1.06891
0.048 1.0727
0.049 1.0765
0.05 1.08031
0.051 1.08412
0.052 1.08794
0.053 1.09177
0.054 1.0956
0.055 1.09944
0.056 1.10329
0.057 1.10714
0.058 1.111
0.059 1.11487
0.06 1.11874
0.061 1.12262
0.062 1.1265
0.063 1.13039
0.064 1.13429
0.065 1.13819
0.066 1.1421
0.067 1.14601
0.068 1.14992
0.069 1.15385
0.07 1.15777
0.071 1.1617
0.072 1.16564
0.073 1.16958
0.074 1.17353
0.075 1.17748
0.076 1.18143
0.077 1.18539
0.078 1.18935
0.079 1.19332
0.08 1.19729
0.081 1.20126
0.082 1.20524
0.083 1.20922
0.084 1.2132
0.085 1.21719
0.086 1.22118
0.087 1.22518
0.088 1.22918
0.089 1.23318
0.09 1.23718
0.091 1.24119
0.092 1.24519
0.093 1.24921
0.094 1.25322
0.095 1.25724
0.096 1.26125
0.097 1.26527
0.098 1.2693
0.099 1.27332
0.1 1.27735
0.101 1.28138
0.102 1.28541
0.103 1.28944
0.104 1.29347
0.105 1.2975
0.106 1.30154
0.107 1.30558
0.108 1.30961
0.109 1.31365
0.11 1.31769
0.111 1.32173
0.112 1.32578
0.113 1.32982
0.114 1.33386
0.115 1.33791
0.116 1.34195
0.117 1.346
0.118 1.35004
0.119 1.35409
0.12 1.35813
0.121 1.36218
0.122 1.36622
0.123 1.37027
0.124 1.37432
0.125 1.37836
0.126 1.38241
0.127 1.38645
0.128 1.3905
0.129 1.39454
0.13 1.39859
0.131 1.40263
0.132 1.40667
0.133 1.41072
0.134 1.41476
0.135 1.4188
0.136 1.42284
0.137 1.42688
0.138 1.43092
0.139 1.43496
0.14 1.439
0.141 1.44303
0.142 1.44707
0.143 1.4511
0.144 1.45514
0.145 1.45917
0.146 1.4632
0.147 1.46723
0.148 1.47126
0.149 1.47529
0.15 1.47932
0.151 1.48334
0.152 1.48737
0.153 1.49139
0.154 1.49541
0.155 1.49943
0.156 1.50345
0.157 1.50747
0.158 1.51149
0.159 1.5155
0.16 1.51951
0.161 1.52353
0.162 1.52754
0.163 1.53155
0.164 1.53556
0.165 1.53956
0.166 1.54357
0.167 1.54757
0.168 1.55158
0.169 1.55558
0.17 1.55958
0.171 1.56358
0.172 1.56757
0.173 1.57157
0.174 1.57557
0.175 1.57956
0.176 1.58355
0.177 1.58754
0.178 1.59153
0.179 1.59552
0.18 1.59951
0.181 1.6035
0.182 1.60748
0.183 1.61146
0.184 1.61545
0.185 1.61943
0.186 1.62341
0.187 1.62739
0.188 1.63137
0.189 1.63535
0.19 1.63932
0.191 1.6433
0.192 1.64728
0.193 1.65125
0.194 1.65522
0.195 1.6592
0.196 1.66317
0.197 1.66714
0.198 1.67112
0.199 1.67509
0.2 1.67906
0.201 1.68303
0.202 1.687
0.203 1.69097
0.204 1.69494
0.205 1.69891
0.206 1.70288
0.207 1.70685
0.208 1.71082
0.209 1.71478
0.21 1.71875
0.211 1.72272
0.212 1.7267
0.213 1.73067
0.214 1.73464
0.215 1.73861
0.216 1.74258
0.217 1.74655
0.218 1.75053
0.219 1.7545
0.22 1.75848
0.221 1.76246
0.222 1.76643
0.223 1.77041
0.224 1.77439
0.225 1.77837
0.226 1.78236
0.227 1.78634
0.228 1.79033
0.229 1.79431
0.23 1.7983
0.231 1.80229
0.232 1.80629
0.233 1.81028
0.234 1.81428
0.235 1.81828
0.236 1.82228
0.237 1.82628
0.238 1.83029
0.239 1.8343
0.24 1.83831
0.241 1.84233
0.242 1.84634
0.243 1.85037
0.244 1.85439
0.245 1.85842
0.246 1.86245
0.247 1.86648
0.248 1.87052
0.249 1.87456
0.25 1.8786
0.251 1.88265
0.252 1.88671
0.253 1.89076
0.254 1.89482
0.255 1.89889
0.256 1.90296
0.257 1.90703
0.258 1.91111
0.259 1.9152
0.26 1.91929
0.261 1.92338
0.262 1.92748
0.263 1.93158
0.264 1.93569
0.265 1.93981
0.266 1.94393
0.267 1.94806
0.268 1.95219
0.269 1.95633
0.27 1.96047
0.271 1.96463
0.272 1.96878
0.273 1.97295
0.274 1.97712
0.275 1.9813
0.276 1.98548
0.277 1.98967
0.278 1.99387
0.279 1.99808
0.28 2.00229
0.281 2.00652
0.282 2.01075
0.283 2.01498
0.284 2.01923
0.285 2.02348
0.286 2.02774
0.287 2.03201
0.288 2.03629
0.289 2.04058
0.29 2.04488
0.291 2.04918
0.292 2.0535
0.293 2.05782
0.294 2.06216
0.295 2.0665
0.296 2.07085
0.297 2.07522
0.298 2.07959
0.299 2.08397
0.3 2.08837
0.301 2.09277
0.302 2.09719
0.303 2.10161
0.304 2.10605
0.305 2.1105
0.306 2.11496
0.307 2.11943
0.308 2.12391
0.309 2.1284
0.31 2.13291
0.311 2.13743
0.312 2.14196
0.313 2.1465
0.314 2.15105
0.315 2.15562
0.316 2.1602
0.317 2.16479
0.318 2.1694
0.319 2.17402
0.32 2.17865
0.321 2.1833
0.322 2.18796
0.323 2.19263
0.324 2.19732
0.325 2.20202
0.326 2.20674
0.327 2.21147
0.328 2.21621
0.329 2.22098
0.33 2.22575
0.331 2.23054
0.332 2.23535
0.333 2.24017
0.334 2.24501
0.335 2.24986
0.336 2.25473
0.337 2.25961
0.338 2.26451
0.339 2.26943
0.34 2.27437
0.341 2.27932
0.342 2.28428
0.343 2.28927
0.344 2.29427
0.345 2.29929
0.346 2.30433
0.347 2.30938
0.348 2.31445
0.349 2.31954
0.35 2.32465
0.351 2.32978
0.352 2.33492
0.353 2.34008
0.354 2.34527
0.355 2.35047
0.356 2.35569
0.357 2.36092
0.358 2.36618
0.359 2.37146
0.36 2.37676
0.361 2.38207
0.362 2.38741
0.363 2.39277
0.364 2.39814
0.365 2.40354
0.366 2.40896
0.367 2.4144
0.368 2.41986
0.369 2.42533
0.37 2.43084
0.371 2.43636
0.372 2.4419
0.373 2.44746
0.374 2.45305
0.375 2.45866
0.376 2.46429
0.377 2.46994
0.378 2.47561
0.379 2.4813
0.38 2.48702
0.381 2.49276
0.382 2.49852
0.383 2.50431
0.384 2.51011
0.385 2.51594
0.386 2.5218
0.387 2.52767
0.388 2.53357
0.389 2.53949
0.39 2.54544
0.391 2.5514
0.392 2.5574
0.393 2.56341
0.394 2.56945
0.395 2.57551
0.396 2.5816
0.397 2.58771
0.398 2.59385
0.399 2.6
0.4 2.60619
0.401 2.61239
0.402 2.61862
0.403 2.62488
0.404 2.63116
0.405 2.63746
0.406 2.64379
0.407 2.65014
0.408 2.65652
0.409 2.66292
0.41 2.66935
0.411 2.6758
0.412 2.68228
0.413 2.68878
0.414 2.6953
0.415 2.70185
0.416 2.70843
0.417 2.71503
0.418 2.72165
0.419 2.7283
0.42 2.73497
0.421 2.74167
0.422 2.7484
0.423 2.75515
0.424 2.76192
0.425 2.76872
0.426 2.77554
0.427 2.78239
0.428 2.78926
0.429 2.79616
0.43 2.80308
0.431 2.81003
0.432 2.817
0.433 2.82399
0.434 2.83101
0.435 2.83806
0.436 2.84513
0.437 2.85222
0.438 2.85934
0.439 2.86648
0.44 2.87364
0.441 2.88083
0.442 2.88805
0.443 2.89528
0.444 2.90255
0.445 2.90983
0.446 2.91714
0.447 2.92447
0.448 2.93182
0.449 2.9392
0.45 2.9466
0.451 2.95403
0.452 2.96147
0.453 2.96894
0.454 2.97643
0.455 2.98395
0.456 2.99148
0.457 2.99904
0.458 3.00662
0.459 3.01423
0.46 3.02185
0.461 3.02949
0.462 3.03716
0.463 3.04485
0.464 3.05256
0.465 3.06029
0.466 3.06804
0.467 3.07581
0.468 3.0836
0.469 3.09141
0.47 3.09924
0.471 3.10709
0.472 3.11495
0.473 3.12284
0.474 3.13075
0.475 3.13867
0.476 3.14662
0.477 3.15458
0.478 3.16256
0.479 3.17056
0.48 3.17857
0.481 3.18661
0.482 3.19466
0.483 3.20272
0.484 3.21081
0.485 3.21891
0.486 3.22702
0.487 3.23516
0.488 3.2433
0.489 3.25146
0.49 3.25964
0.491 3.26783
0.492 3.27604
0.493 3.28426
0.494 3.2925
0.495 3.30075
0.496 3.30901
0.497 3.31728
0.498 3.32557
0.499 3.33387
0.5 3.34218
0.501 3.35051
0.502 3.35885
0.503 3.36719
0.504 3.37555
0.505 3.38392
0.506 3.3923
0.507 3.40069
0.508 3.4091
0.509 3.41751
0.51 3.42593
0.511 3.43436
0.512 3.44279
0.513 3.45124
0.514 3.45969
0.515 3.46816
0.516 3.47663
0.517 3.4851
0.518 3.49359
0.519 3.50208
0.52 3.51058
0.521 3.51908
0.522 3.52759
0.523 3.53611
0.524 3.54463
0.525 3.55316
0.526 3.56169
0.527 3.57022
0.528 3.57876
0.529 3.5873
0.53 3.59585
0.531 3.6044
0.532 3.61295
0.533 3.62151
0.534 3.63007
0.535 3.63863
0.536 3.64719
0.537 3.65576
0.538 3.66432
0.539 3.67289
0.54 3.68146
0.541 3.69002
0.542 3.69859
0.543 3.70716
0.544 3.71573
0.545 3.72429
0.546 3.73286
0.547 3.74143
0.548 3.74999
0.549 3.75855
0.55 3.76712
0.551 3.77568
0.552 3.78423
0.553 3.79279
0.554 3.80134
0.555 3.80989
0.556 3.81843
0.557 3.82697
0.558 3.83551
0.559 3.84405
0.56 3.85258
0.561 3.8611
0.562 3.86963
0.563 3.87814
0.564 3.88666
0.565 3.89516
0.566 3.90366
0.567 3.91216
0.568 3.92065
0.569 3.92913
0.57 3.93761
0.571 3.94608
0.572 3.95455
0.573 3.96301
0.574 3.97146
0.575 3.97991
0.576 3.98834
0.577 3.99677
0.578 4.0052
0.579 4.01361
0.58 4.02202
0.581 4.03042
0.582 4.03881
0.583 4.04719
0.584 4.05556
0.585 4.06393
0.586 4.07229
0.587 4.08063
0.588 4.08897
0.589 4.0973
0.59 4.10562
0.591 4.11393
0.592 4.12224
0.593 4.13053
0.594 4.13881
0.595 4.14708
0.596 4.15534
0.597 4.1636
0.598 4.17184
0.599 4.18007
0.6 4.18829
0.601 4.1965
0.602 4.2047
0.603 4.21289
0.604 4.22107
0.605 4.22923
0.606 4.23739
0.607 4.24554
0.608 4.25367
0.609 4.26179
0.61 4.26991
0.611 4.27801
0.612 4.28609
0.613 4.29417
0.614 4.30224
0.615 4.31029
0.616 4.31833
0.617 4.32637
0.618 4.33438
0.619 4.34239
0.62 4.35039
0.621 4.35837
0.622 4.36634
0.623 4.3743
0.624 4.38225
0.625 4.39018
0.626 4.39811
0.627 4.40602
0.628 4.41392
0.629 4.4218
0.63 4.42968
0.631 4.43754
0.632 4.44539
0.633 4.45322
0.634 4.46105
0.635 4.46886
0.636 4.47666
0.637 4.48444
0.638 4.49222
0.639 4.49998
0.64 4.50773
0.641 4.51546
0.642 4.52319
0.643 4.5309
0.644 4.53859
0.645 4.54628
0.646 4.55395
0.647 4.56161
0.648 4.56926
0.649 4.57689
0.65 4.58451
0.651 4.59212
0.652 4.59971
0.653 4.6073
0.654 4.61487
0.655 4.62242
0.656 4.62997
0.657 4.6375
0.658 4.64501
0.659 4.65252
0.66 4.66001
0.661 4.66749
0.662 4.67495
0.663 4.68241
0.664 4.68984
0.665 4.69727
0.666 4.70468
0.667 4.71208
0.668 4.71947
0.669 4.72684
0.67 4.7342
0.671 4.74155
0.672 4.74888
0.673 4.7562
0.674 4.76351
0.675 4.77081
0.676 4.77809
0.677 4.78535
0.678 4.79261
0.679 4.79985
0.68 4.80707
0.681 4.81429
0.682 4.82149
0.683 4.82867
0.684 4.83585
0.685 4.84301
0.686 4.85015
0.687 4.85728
0.688 4.8644
0.689 4.87151
0.69 4.8786
0.691 4.88567
0.692 4.89274
0.693 4.89979
0.694 4.90682
0.695 4.91384
0.696 4.92085
0.697 4.92784
0.698 4.93482
0.699 4.94179
0.7 4.94874
0.701 4.95568
0.702 4.9626
0.703 4.96951
0.704 4.9764
0.705 4.98328
0.706 4.99015
0.707 4.997
0.708 5.00383
0.709 5.01065
0.71 5.01746
0.711 5.02425
0.712 5.03103
0.713 5.03779
0.714 5.04454
0.715 5.05127
0.716 5.05799
0.717 5.06469
0.718 5.07138
0.719 5.07805
0.72 5.0847
0.721 5.09134
0.722 5.09797
0.723 5.10458
0.724 5.11117
0.725 5.11775
0.726 5.12431
0.727 5.13086
0.728 5.13739
0.729 5.1439
0.73 5.1504
0.731 5.15688
0.732 5.16335
0.733 5.1698
0.734 5.17623
0.735 5.18265
0.736 5.18905
0.737 5.19543
0.738 5.2018
0.739 5.20815
0.74 5.21448
0.741 5.2208
0.742 5.22709
0.743 5.23337
0.744 5.23964
0.745 5.24588
0.746 5.25211
0.747 5.25832
0.748 5.26452
0.749 5.27069
0.75 5.27685
0.751 5.28299
0.752 5.28911
0.753 5.29521
0.754 5.3013
0.755 5.30736
0.756 5.31341
0.757 5.31944
0.758 5.32545
0.759 5.33144
0.76 5.33742
0.761 5.34337
0.762 5.3493
0.763 5.35522
0.764 5.36111
0.765 5.36699
0.766 5.37285
0.767 5.37869
0.768 5.3845
0.769 5.3903
0.77 5.39608
0.771 5.40184
0.772 5.40757
0.773 5.41329
0.774 5.41899
0.775 5.42466
0.776 5.43032
0.777 5.43596
0.778 5.44157
0.779 5.44716
0.78 5.45274
0.781 5.45829
0.782 5.46382
0.783 5.46933
0.784 5.47482
0.785 5.48028
0.786 5.48573
0.787 5.49115
0.788 5.49655
0.789 5.50193
0.79 5.50729
0.791 5.51263
0.792 5.51794
0.793 5.52323
0.794 5.5285
0.795 5.53375
0.796 5.53897
0.797 5.54418
0.798 5.54936
0.799 5.55451
0.8 5.55965
0.801 5.56476
0.802 5.56985
0.803 5.57491
0.804 5.57995
0.805 5.58497
0.806 5.58997
0.807 5.59494
0.808 5.59989
0.809 5.60482
0.81 5.60972
0.811 5.6146
0.812 5.61945
0.813 5.62428
0.814 5.62909
0.815 5.63387
0.816 5.63863
0.817 5.64337
0.818 5.64808
0.819 5.65276
0.82 5.65743
0.821 5.66207
0.822 5.66668
0.823 5.67127
0.824 5.67584
0.825 5.68038
0.826 5.68489
0.827 5.68939
0.828 5.69385
0.829 5.6983
0.83 5.70272
0.831 5.70711
0.832 5.71148
0.833 5.71582
0.834 5.72014
0.835 5.72443
0.836 5.7287
0.837 5.73295
0.838 5.73717
0.839 5.74136
0.84 5.74553
0.841 5.74968
0.842 5.7538
0.843 5.75789
0.844 5.76196
0.845 5.766
0.846 5.77002
0.847 5.77402
0.848 5.77799
0.849 5.78193
0.85 5.78585
0.851 5.78974
0.852 5.79361
0.853 5.79745
0.854 5.80127
0.855 5.80506
0.856 5.80883
0.857 5.81257
0.858 5.81629
0.859 5.81998
0.86 5.82365
0.861 5.82729
0.862 5.83091
0.863 5.8345
0.864 5.83807
0.865 5.84161
0.866 5.84512
0.867 5.84862
0.868 5.85208
0.869 5.85552
0.87 5.85894
0.871 5.86233
0.872 5.8657
0.873 5.86904
0.874 5.87236
0.875 5.87565
0.876 5.87892
0.877 5.88216
0.878 5.88538
0.879 5.88857
0.88 5.89174
0.881 5.89488
0.882 5.898
0.883 5.90109
0.884 5.90416
0.885 5.90721
0.886 5.91023
0.887 5.91323
0.888 5.9162
0.889 5.91915
0.89 5.92208
0.891 5.92498
0.892 5.92785
0.893 5.9307
0.894 5.93353
0.895 5.93634
0.896 5.93912
0.897 5.94188
0.898 5.94461
0.899 5.94732
0.9 5.95
0.901 5.95267
0.902 5.95531
0.903 5.95792
0.904 5.96052
0.905 5.96308
0.906 5.96563
0.907 5.96815
0.908 5.97065
0.909 5.97313
0.91 5.97559
0.911 5.97802
0.912 5.98043
0.913 5.98281
0.914 5.98518
0.915 5.98752
0.916 5.98984
0.917 5.99213
0.918 5.99441
0.919 5.99666
0.92 5.99889
0.921 6.0011
0.922 6.00329
0.923 6.00545
0.924 6.00759
0.925 6.00971
0.926 6.01181
0.927 6.01389
0.928 6.01595
0.929 6.01799
0.93 6.02
0.931 6.02199
0.932 6.02397
0.933 6.02592
0.934 6.02785
0.935 6.02976
0.936 6.03165
0.937 6.03352
0.938 6.03537
0.939 6.03719
0.94 6.039
0.941 6.04079
0.942 6.04256
0.943 6.04431
0.944 6.04603
0.945 6.04774
0.946 6.04943
0.947 6.0511
0.948 6.05275
0.949 6.05438
0.95 6.05599
0.951 6.05758
0.952 6.05916
0.953 6.06071
0.954 6.06224
0.955 6.06376
0.956 6.06526
0.957 6.06674
0.958 6.0682
0.959 6.06964
0.96 6.07106
0.961 6.07247
0.962 6.07386
0.963 6.07523
0.964 6.07658
0.965 6.07791
0.966 6.07923
0.967 6.08053
0.968 6.08181
0.969 6.08307
0.97 6.08432
0.971 6.08555
0.972 6.08676
0.973 6.08796
0.974 6.08914
0.975 6.0903
0.976 6.09145
0.977 6.09257
0.978 6.09369
0.979 6.09478
0.98 6.09586
0.981 6.09693
0.982 6.09797
0.983 6.09901
0.984 6.10002
0.985 6.10102
0.986 6.10201
0.987 6.10298
0.988 6.10393
0.989 6.10487
0.99 6.10579
0.991 6.1067
0.992 6.10759
0.993 6.10847
0.994 6.10933
0.995 6.11018
0.996 6.11101
0.997 6.11183
0.998 6.11264
0.999 6.11343
1 6.11421
1.001 0
