0 0
0.001 0.358337
0.002 0.365559
0.003 0.372792
0.004 0.380035
0.005 0.387288
0.006 0.394551
0.007 0.401822
0.008 0.4091
0.009 0.416387
0.01 0.42368
0.011 0.43098
0.012 0.438285
0.013 0.445595
0.014 0.45291
0.015 0.460229
0.016 0.467551
0.017 0.474876
0.018 0.482202
0.019 0.489531
0.02 0.49686
0.021 0.504189
0.022 0.511518
0.023 0.518845
0.024 0.526171
0.025 0.533495
0.026 0.540816
0.027 0.548133
0.028 0.555446
0.029 0.562755
0.03 0.570058
0.031 0.577355
0.032 0.584645
0.033 0.591928
0.034 0.599203
0.035 0.606469
0.036 0.613727
0.037 0.620975
0.038 0.628212
0.039 0.635439
0.04 0.642654
0.041 0.649857
0.042 0.657047
0.043 0.664225
0.044 0.671388
0.045 0.678537
0.046 0.685672
0.047 0.692791
0.048 0.699894
0.049 0.70698
0.05 0.71405
0.051 0.721102
0.052 0.728137
0.053 0.735152
0.054 0.742149
0.055 0.749127
0.056 0.756085
0.057 0.763022
0.058 0.769939
0.059 0.776835
0.06 0.783709
0.061 0.790562
0.062 0.797392
0.063 0.804199
0.064 0.810984
0.065 0.817745
0.066 0.824482
0.067 0.831196
0.068 0.837885
0.069 0.844549
0.07 0.851189
0.071 0.857803
0.072 0.864392
0.073 0.870955
0.074 0.877492
0.075 0.884004
0.076 0.890488
0.077 0.896947
0.078 0.903379
0.079 0.909783
0.08 0.916161
0.081 0.922512
0.082 0.928835
0.083 0.935131
0.084 0.9414
0.085 0.947641
0.086 0.953854
0.087 0.960039
0.088 0.966197
0.089 0.972327
0.09 0.978429
0.091 0.984503
0.092 0.99055
0.093 0.996568
0.094 1.00256
0.095 1.00852
0.096 1.01446
0.097 1.02036
0.098 1.02624
0.099 1.0321
0.1 1.03792
0.101 1.04372
0.102 1.04949
0.103 1.05523
0.104 1.06094
0.105 1.06663
0.106 1.07229
0.107 1.07793
0.108 1.08354
0.109 1.08912
0.11 1.09467
0.111 1.1002
0.112 1.1057
0.113 1.11118
0.114 1.11663
0.115 1.12206
0.116 1.12746
0.117 1.13284
0.118 1.13819
0.119 1.14351
0.12 1.14882
0.121 1.15409
0.122 1.15935
0.123 1.16458
0.124 1.16978
0.125 1.17497
0.126 1.18013
0.127 1.18526
0.128 1.19038
0.129 1.19547
0.13 1.20054
0.131 1.20559
0.132 1.21061
0.133 1.21562
0.134 1.2206
0.135 1.22556
0.136 1.23051
0.137 1.23543
0.138 1.24033
0.139 1.24521
0.14 1.25007
0.141 1.25491
0.142 1.25974
0.143 1.26454
0.144 1.26932
0.145 1.27409
0.146 1.27884
0.147 1.28357
0.148 1.28828
0.149 1.29298
0.15 1.29766
0.151 1.30232
0.152 1.30696
0.153 1.31159
0.154 1.3162
0.155 1.3208
0.156 1.32538
0.157 1.32994
0.158 1.33449
0.159 1.33902
0.16 1.34354
0.161 1.34805
0.162 1.35253
0.163 1.35701
0.164 1.36147
0.165 1.36592
0.166 1.37035
0.167 1.37477
0.168 1.37918
0.169 1.38358
0.17 1.38796
0.171 1.39233
0.172 1.39668
0.173 1.40103
0.174 1.40536
0.175 1.40968
0.176 1.41399
0.177 1.41829
0.178 1.42258
0.179 1.42685
0.18 1.43112
0.181 1.43537
0.182 1.43962
0.183 1.44385
0.184 1.44808
0.185 1.45229
0.186 1.4565
0.187 1.46069
0.188 1.46488
0.189 1.46906
0.19 1.47322
0.191 1.47738
0.192 1.48153
0.193 1.48568
0.194 1.48981
0.195 1.49393
0.196 1.49805
0.197 1.50216
0.198 1.50626
0.199 1.51036
0.2 1.51445
0.201 1.51853
0.202 1.5226
0.203 1.52667
0.204 1.53073
0.205 1.53478
0.206 1.53883
0.207 1.54287
0.208 1.5469
0.209 1.55093
0.21 1.55495
0.211 1.55897
0.212 1.56298
0.213 1.56698
0.214 1.57098
0.215 1.57497
0.216 1.57896
0.217 1.58295
0.218 1.58693
0.219 1.5909
0.22 1.59487
0.221 1.59884
0.222 1.6028
0.223 1.60676
0.224 1.61071
0.225 1.61466
0.226 1.6186
0.227 1.62254
0.228 1.62648
0.229 1.63042
0.23 1.63435
0.231 1.63828
0.232 1.6422
0.233 1.64612
0.234 1.65004
0.235 1.65395
0.236 1.65787
0.237 1.66178
0.238 1.66568
0.239 1.66959
0.24 1.67349
0.241 1.67739
0.242 1.68129
0.243 1.68519
0.244 1.68908
0.245 1.69298
0.246 1.69687
0.247 1.70076
0.248 1.70464
0.249 1.70853
0.25 1.71242
0.251 1.7163
0.252 1.72018
0.253 1.72406
0.254 1.72794
0.255 1.73182
0.256 1.7357
0.257 1.73958
0.258 1.74346
0.259 1.74734
0.26 1.75121
0.261 1.75509
0.262 1.75897
0.263 1.76284
0.264 1.76672
0.265 1.7706
0.266 1.77447
0.267 1.77835
0.268 1.78223
0.269 1.7861
0.27 1.78998
0.271 1.79386
0.272 1.79774
0.273 1.80162
0.274 1.8055
0.275 1.80938
0.276 1.81326
0.277 1.81714
0.278 1.82102
0.279 1.82491
0.28 1.82879
0.281 1.83268
0.282 1.83657
0.283 1.84046
0.284 1.84435
0.285 1.84824
0.286 1.85214
0.287 1.85603
0.288 1.85993
0.289 1.86383
0.29 1.86773
0.291 1.87164
0.292 1.87554
0.293 1.87945
0.294 1.88336
0.295 1.88727
0.296 1.89118
0.297 1.8951
0.298 1.89902
0.299 1.90294
0.3 1.90686
0.301 1.91079
0.302 1.91472
0.303 1.91865
0.304 1.92258
0.305 1.92652
0.306 1.93046
0.307 1.9344
0.308 1.93834
0.309 1.94229
0.31 1.94624
0.311 1.9502
0.312 1.95415
0.313 1.95812
0.314 1.96208
0.315 1.96605
0.316 1.97002
0.317 1.97399
0.318 1.97797
0.319 1.98195
0.32 1.98593
0.321 1.98992
0.322 1.99391
0.323 1.99791
0.324 2.00191
0.325 2.00591
0.326 2.00992
0.327 2.01393
0.328 2.01795
0.329 2.02197
0.33 2.02599
0.331 2.03002
0.332 2.03405
0.333 2.03808
0.334 2.04212
0.335 2.04617
0.336 2.05021
0.337 2.05427
0.338 2.05833
0.339 2.06239
0.34 2.06645
0.341 2.07052
0.342 2.0746
0.343 2.07868
0.344 2.08276
0.345 2.08685
0.346 2.09095
0.347 2.09505
0.348 2.09915
0.349 2.10326
0.35 2.10738
0.351 2.1115
0.352 2.11562
0.353 2.11975
0.354 2.12388
0.355 2.12802
0.356 2.13217
0.357 2.13632
0.358 2.14048
0.359 2.14464
0.36 2.14881
0.361 2.15298
0.362 2.15716
0.363 2.16134
0.364 2.16553
0.365 2.16972
0.366 2.17392
0.367 2.17813
0.368 2.18234
0.369 2.18656
0.37 2.19079
0.371 2.19502
0.372 2.19925
0.373 2.2035
0.374 2.20774
0.375 2.212
0.376 2.21626
0.377 2.22053
0.378 2.2248
0.379 2.22908
0.38 2.23337
0.381 2.23766
0.382 2.24196
0.383 2.24627
0.384 2.25058
0.385 2.2549
0.386 2.25923
0.387 2.26357
0.388 2.26791
0.389 2.27225
0.39 2.27661
0.391 2.28097
0.392 2.28534
0.393 2.28972
0.394 2.2941
0.395 2.29849
0.396 2.30289
0.397 2.3073
0.398 2.31171
0.399 2.31613
0.4 2.32056
0.401 2.325
0.402 2.32945
0.403 2.3339
0.404 2.33836
0.405 2.34283
0.406 2.34731
0.407 2.35179
0.408 2.35629
0.409 2.36079
0.41 2.3653
0.411 2.36982
0.412 2.37434
0.413 2.37888
0.414 2.38343
0.415 2.38798
0.416 2.39254
0.417 2.39711
0.418 2.40169
0.419 2.40628
0.42 2.41088
0.421 2.41549
0.422 2.42011
0.423 2.42474
0.424 2.42937
0.425 2.43402
0.426 2.43868
0.427 2.44334
0.428 2.44802
0.429 2.45271
0.43 2.4574
0.431 2.46211
0.432 2.46683
0.433 2.47155
0.434 2.47629
0.435 2.48104
0.436 2.4858
0.437 2.49057
0.438 2.49535
0.439 2.50014
0.44 2.50495
0.441 2.50976
0.442 2.51459
0.443 2.51942
0.444 2.52427
0.445 2.52913
0.446 2.53401
0.447 2.53889
0.448 2.54379
0.449 2.5487
0.45 2.55362
0.451 2.55855
0.452 2.5635
0.453 2.56845
0.454 2.57343
0.455 2.57841
0.456 2.58341
0.457 2.58842
0.458 2.59344
0.459 2.59848
0.46 2.60353
0.461 2.60859
0.462 2.61367
0.463 2.61876
0.464 2.62387
0.465 2.62899
0.466 2.63413
0.467 2.63928
0.468 2.64444
0.469 2.64962
0.47 2.65481
0.471 2.66002
0.472 2.66524
0.473 2.67048
0.474 2.67574
0.475 2.68101
0.476 2.6863
0.477 2.6916
0.478 2.69692
0.479 2.70225
0.48 2.70761
0.481 2.71297
0.482 2.71836
0.483 2.72376
0.484 2.72918
0.485 2.73462
0.486 2.74007
0.487 2.74554
0.488 2.75103
0.489 2.75654
0.49 2.76207
0.491 2.76761
0.492 2.77318
0.493 2.77876
0.494 2.78436
0.495 2.78998
0.496 2.79562
0.497 2.80128
0.498 2.80696
0.499 2.81266
0.5 2.81837
0.501 2.82411
0.502 2.82987
0.503 2.83565
0.504 2.84146
0.505 2.84728
0.506 2.85312
0.507 2.85899
0.508 2.86487
0.509 2.87078
0.51 2.87671
0.511 2.88267
0.512 2.88864
0.513 2.89464
0.514 2.90067
0.515 2.90671
0.516 2.91278
0.517 2.91887
0.518 2.92499
0.519 2.93113
0.52 2.9373
0.521 2.94349
0.522 2.9497
0.523 2.95594
0.524 2.96221
0.525 2.9685
0.526 2.97482
0.527 2.98116
0.528 2.98753
0.529 2.99393
0.53 3.00035
0.531 3.0068
0.532 3.01328
0.533 3.01979
0.534 3.02632
0.535 3.03288
0.536 3.03948
0.537 3.04609
0.538 3.05274
0.539 3.05942
0.54 3.06613
0.541 3.07287
0.542 3.07963
0.543 3.08643
0.544 3.09326
0.545 3.10012
0.546 3.10701
0.547 3.11393
0.548 3.12089
0.549 3.12788
0.55 3.13489
0.551 3.14195
0.552 3.14903
0.553 3.15615
0.554 3.1633
0.555 3.17049
0.556 3.17771
0.557 3.18496
0.558 3.19226
0.559 3.19958
0.56 3.20694
0.561 3.21434
0.562 3.22177
0.563 3.22924
0.564 3.23675
0.565 3.24429
0.566 3.25187
0.567 3.25949
0.568 3.26715
0.569 3.27485
0.57 3.28258
0.571 3.29035
0.572 3.29817
0.573 3.30602
0.574 3.31392
0.575 3.32185
0.576 3.32982
0.577 3.33784
0.578 3.3459
0.579 3.354
0.58 3.36214
0.581 3.37033
0.582 3.37856
0.583 3.38683
0.584 3.39514
0.585 3.4035
0.586 3.41191
0.587 3.42036
0.588 3.42885
0.589 3.43739
0.59 3.44598
0.591 3.45461
0.592 3.46329
0.593 3.47202
0.594 3.48079
0.595 3.48961
0.596 3.49848
0.597 3.5074
0.598 3.51637
0.599 3.52538
0.6 3.53445
0.601 3.54357
0.602 3.55273
0.603 3.56195
0.604 3.57122
0.605 3.58054
0.606 3.58992
0.607 3.59934
0.608 3.60882
0.609 3.61835
0.61 3.62794
0.611 3.63758
0.612 3.64727
0.613 3.65702
0.614 3.66682
0.615 3.67668
0.616 3.68659
0.617 3.69656
0.618 3.70659
0.619 3.71667
0.62 3.72681
0.621 3.73701
0.622 3.74727
0.623 3.75759
0.624 3.76796
0.625 3.77839
0.626 3.78889
0.627 3.79944
0.628 3.81005
0.629 3.82072
0.63 3.83146
0.631 3.84225
0.632 3.85311
0.633 3.86403
0.634 3.87501
0.635 3.88606
0.636 3.89716
0.637 3.90833
0.638 3.91957
0.639 3.93086
0.64 3.94223
0.641 3.95365
0.642 3.96514
0.643 3.9767
0.644 3.98832
0.645 4.00001
0.646 4.01176
0.647 4.02358
0.648 4.03547
0.649 4.04742
0.65 4.05944
0.651 4.07153
0.652 4.08368
0.653 4.09591
0.654 4.1082
0.655 4.12055
0.656 4.13298
0.657 4.14548
0.658 4.15804
0.659 4.17067
0.66 4.18338
0.661 4.19615
0.662 4.20899
0.663 4.2219
0.664 4.23488
0.665 4.24793
0.666 4.26105
0.667 4.27424
0.668 4.2875
0.669 4.30083
0.67 4.31423
0.671 4.3277
0.672 4.34124
0.673 4.35485
0.674 4.36854
0.675 4.38229
0.676 4.39611
0.677 4.41
0.678 4.42396
0.679 4.438
0.68 4.4521
0.681 4.46627
0.682 4.48052
0.683 4.49483
0.684 4.50921
0.685 4.52366
0.686 4.53818
0.687 4.55277
0.688 4.56743
0.689 4.58216
0.69 4.59695
0.691 4.61182
0.692 4.62675
0.693 4.64175
0.694 4.65681
0.695 4.67195
0.696 4.68714
0.697 4.70241
0.698 4.71774
0.699 4.73314
0.7 4.7486
0.701 4.76412
0.702 4.77971
0.703 4.79537
0.704 4.81108
0.705 4.82686
0.706 4.8427
0.707 4.8586
0.708 4.87456
0.709 4.89058
0.71 4.90666
0.711 4.92279
0.712 4.93899
0.713 4.95524
0.714 4.97155
0.715 4.98792
0.716 5.00433
0.717 5.02081
0.718 5.03733
0.719 5.05391
0.72 5.07054
0.721 5.08722
0.722 5.10394
0.723 5.12072
0.724 5.13754
0.725 5.15441
0.726 5.17133
0.727 5.18829
0.728 5.20529
0.729 5.22234
0.73 5.23942
0.731 5.25655
0.732 5.27371
0.733 5.29091
0.734 5.30815
0.735 5.32542
0.736 5.34272
0.737 5.36006
0.738 5.37743
0.739 5.39483
0.74 5.41225
0.741 5.42971
0.742 5.44718
0.743 5.46469
0.744 5.48221
0.745 5.49976
0.746 5.51732
0.747 5.5349
0.748 5.5525
0.749 5.57012
0.75 5.58775
0.751 5.60539
0.752 5.62304
0.753 5.6407
0.754 5.65837
0.755 5.67604
0.756 5.69371
0.757 5.71139
0.758 5.72907
0.759 5.74675
0.76 5.76442
0.761 5.78209
0.762 5.79975
0.763 5.81741
0.764 5.83505
0.765 5.85268
0.766 5.8703
0.767 5.88791
0.768 5.90549
0.769 5.92306
0.77 5.94061
0.771 5.95813
0.772 5.97563
0.773 5.99311
0.774 6.01056
0.775 6.02797
0.776 6.04536
0.777 6.06271
0.778 6.08002
0.779 6.0973
0.78 6.11454
0.781 6.13174
0.782 6.1489
0.783 6.16601
0.784 6.18307
0.785 6.20009
0.786 6.21706
0.787 6.23397
0.788 6.25083
0.789 6.26764
0.79 6.28439
0.791 6.30107
0.792 6.3177
0.793 6.33427
0.794 6.35077
0.795 6.3672
0.796 6.38357
0.797 6.39987
0.798 6.41609
0.799 6.43225
0.8 6.44832
0.801 6.46432
0.802 6.48025
0.803 6.49609
0.804 6.51185
0.805 6.52753
0.806 6.54313
0.807 6.55863
0.808 6.57405
0.809 6.58938
0.81 6.60463
0.811 6.61977
0.812 6.63483
0.813 6.64979
0.814 6.66465
0.815 6.67941
0.816 6.69408
0.817 6.70864
0.818 6.72311
0.819 6.73747
0.82 6.75172
0.821 6.76587
0.822 6.77991
0.823 6.79385
0.824 6.80767
0.825 6.82139
0.826 6.83499
0.827 6.84849
0.828 6.86186
0.829 6.87513
0.83 6.88828
0.831 6.90131
0.832 6.91422
0.833 6.92702
0.834 6.9397
0.835 6.95226
0.836 6.9647
0.837 6.97702
0.838 6.98922
0.839 7.00129
0.84 7.01324
0.841 7.02507
0.842 7.03678
0.843 7.04836
0.844 7.05981
0.845 7.07114
0.846 7.08235
0.847 7.09343
0.848 7.10438
0.849 7.11521
0.85 7.12591
0.851 7.13648
0.852 7.14693
0.853 7.15725
0.854 7.16744
0.855 7.17751
0.856 7.18744
0.857 7.19726
0.858 7.20694
0.859 7.2165
0.86 7.22592
0.861 7.23523
0.862 7.2444
0.863 7.25345
0.864 7.26238
0.865 7.27118
0.866 7.27985
0.867 7.28839
0.868 7.29682
0.869 7.30512
0.87 7.31329
0.871 7.32134
0.872 7.32927
0.873 7.33707
0.874 7.34476
0.875 7.35232
0.876 7.35976
0.877 7.36709
0.878 7.37429
0.879 7.38137
0.88 7.38834
0.881 7.39519
0.882 7.40192
0.883 7.40854
0.884 7.41504
0.885 7.42143
0.886 7.4277
0.887 7.43386
0.888 7.43991
0.889 7.44585
0.89 7.45168
0.891 7.45741
0.892 7.46302
0.893 7.46853
0.894 7.47393
0.895 7.47922
0.896 7.48441
0.897 7.4895
0.898 7.49449
0.899 7.49938
0.9 7.50416
0.901 7.50885
0.902 7.51344
0.903 7.51793
0.904 7.52233
0.905 7.52663
0.906 7.53083
0.907 7.53495
0.908 7.53897
0.909 7.54291
0.91 7.54675
0.911 7.55051
0.912 7.55418
0.913 7.55776
0.914 7.56126
0.915 7.56467
0.916 7.568
0.917 7.57125
0.918 7.57442
0.919 7.57751
0.92 7.58052
0.921 7.58345
0.922 7.58631
0.923 7.58909
0.924 7.5918
0.925 7.59443
0.926 7.59699
0.927 7.59948
0.928 7.60191
0.929 7.60426
0.93 7.60654
0.931 7.60876
0.932 7.61091
0.933 7.613
0.934 7.61503
0.935 7.61699
0.936 7.61889
0.937 7.62073
0.938 7.6225
0.939 7.62423
0.94 7.62589
0.941 7.62749
0.942 7.62904
0.943 7.63054
0.944 7.63198
0.945 7.63337
0.946 7.6347
0.947 7.63599
0.948 7.63722
0.949 7.63841
0.95 7.63954
0.951 7.64063
0.952 7.64167
0.953 7.64267
0.954 7.64362
0.955 7.64453
0.956 7.64539
0.957 7.64621
0.958 7.64699
0.959 7.64772
0.96 7.64842
0.961 7.64908
0.962 7.64969
0.963 7.65027
0.964 7.65081
0.965 7.65132
0.966 7.65179
0.967 7.65222
0.968 7.65262
0.969 7.65299
0.97 7.65332
0.971 7.65362
0.972 7.65389
0.973 7.65413
0.974 7.65433
0.975 7.65451
0.976 7.65465
0.977 7.65477
0.978 7.65486
0.979 7.65492
0.98 7.65496
0.981 7.65497
0.982 7.65495
0.983 7.65491
0.984 7.65484
0.985 7.65475
0.986 7.65463
0.987 7.65449
0.988 7.65433
0.989 7.65414
0.99 7.65394
0.991 7.65371
0.992 7.65346
0.993 7.65319
0.994 7.6529
0.995 7.65259
0.996 7.65227
0.997 7.65192
0.998 7.65156
0.999 7.65117
1 7.65077
1.001 0
