0 -10
0.001 -6.36877
0.002 -6.35196
0.003 -6.33512
0.004 -6.31826
0.005 -6.30137
0.006 -6.28446
0.007 -6.26753
0.008 -6.25058
0.009 -6.23361
0.01 -6.21662
0.011 -6.19962
0.012 -6.1826
0.013 -6.16556
0.014 -6.14851
0.015 -6.13145
0.016 -6.11438
0.017 -6.09729
0.018 -6.0802
0.019 -6.0631
0.02 -6.046
0.021 -6.02889
0.022 -6.01178
0.023 -5.99466
0.024 -5.97755
0.025 -5.96043
0.026 -5.94332
0.027 -5.92621
0.028 -5.9091
0.029 -5.892
0.03 -5.87491
0.031 -5.85782
0.032 -5.84074
0.033 -5.82368
0.034 -5.80662
0.035 -5.78958
0.036 -5.77256
0.037 -5.75555
0.038 -5.73856
0.039 -5.72158
0.04 -5.70463
0.041 -5.6877
0.042 -5.67078
0.043 -5.6539
0.044 -5.63703
0.045 -5.6202
0.046 -5.60339
0.047 -5.58661
0.048 -5.56986
0.049 -5.55314
0.05 -5.53645
0.051 -5.51979
0.052 -5.50317
0.053 -5.48658
0.054 -5.47003
0.055 -5.45352
0.056 -5.43704
0.057 -5.42061
0.058 -5.40422
0.059 -5.38786
0.06 -5.37155
0.061 -5.35529
0.062 -5.33907
0.063 -5.32289
0.064 -5.30676
0.065 -5.29068
0.066 -5.27464
0.067 -5.25866
0.068 -5.24272
0.069 -5.22683
0.07 -5.211
0.071 -5.19522
0.072 -5.17949
0.073 -5.16381
0.074 -5.14819
0.075 -5.13263
0.076 -5.11712
0.077 -5.10166
0.078 -5.08626
0.079 -5.07092
0.08 -5.05564
0.081 -5.04041
0.082 -5.02525
0.083 -5.01014
0.084 -4.99509
0.085 -4.98011
0.086 -4.96518
0.087 -4.95031
0.088 -4.93551
0.089 -4.92077
0.09 -4.90609
0.091 -4.89147
0.092 -4.87691
0.093 -4.86242
0.094 -4.84799
0.095 -4.83362
0.096 -4.81931
0.097 -4.80507
0.098 -4.79089
0.099 -4.77678
0.1 -4.76273
0.101 -4.74874
0.102 -4.73482
0.103 -4.72096
0.104 -4.70716
0.105 -4.69343
0.106 -4.67976
0.107 -4.66615
0.108 -4.65261
0.109 -4.63913
0.11 -4.62572
0.111 -4.61237
0.112 -4.59908
0.113 -4.58586
0.114 -4.57269
0.115 -4.5596
0.116 -4.54656
0.117 -4.53359
0.118 -4.52067
0.119 -4.50782
0.12 -4.49504
0.121 -4.48231
0.122 -4.46964
0.123 -4.45704
0.124 -4.4445
0.125 -4.43201
0.126 -4.41959
0.127 -4.40723
0.128 -4.39492
0.129 -4.38268
0.13 -4.3705
0.131 -4.35837
0.132 -4.3463
0.133 -4.33429
0.134 -4.32234
0.135 -4.31045
0.136 -4.29861
0.137 -4.28683
0.138 -4.27511
0.139 -4.26344
0.14 -4.25183
0.141 -4.24027
0.142 -4.22877
0.143 -4.21732
0.144 -4.20593
0.145 -4.19459
0.146 -4.1833
0.147 -4.17207
0.148 -4.16089
0.149 -4.14976
0.15 -4.13869
0.151 -4.12767
0.152 -4.11669
0.153 -4.10577
0.154 -4.0949
0.155 -4.08408
0.156 -4.07331
0.157 -4.06259
0.158 -4.05192
0.159 -4.0413
0.16 -4.03072
0.161 -4.0202
0.162 -4.00972
0.163 -3.99928
0.164 -3.9889
0.165 -3.97856
0.166 -3.96827
0.167 -3.95802
0.168 -3.94782
0.169 -3.93767
0.17 -3.92756
0.171 -3.91749
0.172 -3.90747
0.173 -3.89749
0.174 -3.88756
0.175 -3.87767
0.176 -3.86782
0.177 -3.85801
0.178 -3.84825
0.179 -3.83853
0.18 -3.82885
0.181 -3.81921
0.182 -3.80961
0.183 -3.80005
0.184 -3.79053
0.185 -3.78105
0.186 -3.77161
0.187 -3.76221
0.188 -3.75285
0.189 -3.74353
0.19 -3.73425
0.191 -3.725
0.192 -3.71579
0.193 -3.70662
0.194 -3.69749
0.195 -3.68839
0.196 -3.67933
0.197 -3.67031
0.198 -3.66132
0.199 -3.65236
0.2 -3.64345
0.201 -3.63456
0.202 -3.62572
0.203 -3.6169
0.204 -3.60812
0.205 -3.59938
0.206 -3.59067
0.207 -3.58199
0.208 -3.57334
0.209 -3.56473
0.21 -3.55615
0.211 -3.5476
0.212 -3.53909
0.213 -3.5306
0.214 -3.52215
0.215 -3.51373
0.216 -3.50534
0.217 -3.49698
0.218 -3.48865
0.219 -3.48035
0.22 -3.47208
0.221 -3.46384
0.222 -3.45563
0.223 -3.44745
0.224 -3.4393
0.225 -3.43117
0.226 -3.42308
0.227 -3.41501
0.228 -3.40697
0.229 -3.39896
0.23 -3.39098
0.231 -3.38302
0.232 -3.37509
0.233 -3.36719
0.234 -3.35932
0.235 -3.35147
0.236 -3.34364
0.237 -3.33585
0.238 -3.32807
0.239 -3.32033
0.24 -3.31261
0.241 -3.30491
0.242 -3.29724
0.243 -3.28959
0.244 -3.28197
0.245 -3.27437
0.246 -3.2668
0.247 -3.25925
0.248 -3.25172
0.249 -3.24422
0.25 -3.23674
0.251 -3.22928
0.252 -3.22185
0.253 -3.21443
0.254 -3.20704
0.255 -3.19968
0.256 -3.19233
0.257 -3.18501
0.258 -3.17771
0.259 -3.17043
0.26 -3.16317
0.261 -3.15593
0.262 -3.14871
0.263 -3.14151
0.264 -3.13434
0.265 -3.12718
0.266 -3.12005
0.267 -3.11293
0.268 -3.10584
0.269 -3.09876
0.27 -3.0917
0.271 -3.08467
0.272 -3.07765
0.273 -3.07065
0.274 -3.06367
0.275 -3.05671
0.276 -3.04977
0.277 -3.04284
0.278 -3.03594
0.279 -3.02905
0.28 -3.02218
0.281 -3.01533
0.282 -3.00849
0.283 -3.00167
0.284 -2.99487
0.285 -2.98809
0.286 -2.98133
0.287 -2.97458
0.288 -2.96785
0.289 -2.96113
0.29 -2.95443
0.291 -2.94775
0.292 -2.94109
0.293 -2.93444
0.294 -2.92781
0.295 -2.92119
0.296 -2.91459
0.297 -2.908
0.298 -2.90143
0.299 -2.89488
0.3 -2.88834
0.301 -2.88181
0.302 -2.8753
0.303 -2.86881
0.304 -2.86233
0.305 -2.85587
0.306 -2.84942
0.307 -2.84298
0.308 -2.83656
0.309 -2.83016
0.31 -2.82376
0.311 -2.81739
0.312 -2.81102
0.313 -2.80467
0.314 -2.79834
0.315 -2.79201
0.316 -2.7857
0.317 -2.77941
0.318 -2.77313
0.319 -2.76686
0.32 -2.7606
0.321 -2.75436
0.322 -2.74813
0.323 -2.74191
0.324 -2.73571
0.325 -2.72952
0.326 -2.72334
0.327 -2.71718
0.328 -2.71102
0.329 -2.70488
0.33 -2.69876
0.331 -2.69264
0.332 -2.68654
0.333 -2.68044
0.334 -2.67437
0.335 -2.6683
0.336 -2.66224
0.337 -2.6562
0.338 -2.65017
0.339 -2.64414
0.34 -2.63814
0.341 -2.63214
0.342 -2.62615
0.343 -2.62018
0.344 -2.61421
0.345 -2.60826
0.346 -2.60232
0.347 -2.59639
0.348 -2.59047
0.349 -2.58456
0.35 -2.57866
0.351 -2.57277
0.352 -2.56689
0.353 -2.56103
0.354 -2.55517
0.355 -2.54932
0.356 -2.54349
0.357 -2.53766
0.358 -2.53185
0.359 -2.52604
0.36 -2.52025
0.361 -2.51446
0.362 -2.50869
0.363 -2.50292
0.364 -2.49716
0.365 -2.49142
0.366 -2.48568
0.367 -2.47995
0.368 -2.47424
0.369 -2.46853
0.37 -2.46283
0.371 -2.45714
0.372 -2.45146
0.373 -2.44578
0.374 -2.44012
0.375 -2.43447
0.376 -2.42882
0.377 -2.42318
0.378 -2.41756
0.379 -2.41194
0.38 -2.40632
0.381 -2.40072
0.382 -2.39513
0.383 -2.38954
0.384 -2.38396
0.385 -2.37839
0.386 -2.37283
0.387 -2.36728
0.388 -2.36173
0.389 -2.35619
0.39 -2.35066
0.391 -2.34514
0.392 -2.33962
0.393 -2.33411
0.394 -2.32861
0.395 -2.32312
0.396 -2.31763
0.397 -2.31216
0.398 -2.30668
0.399 -2.30122
0.4 -2.29576
0.401 -2.29031
0.402 -2.28487
0.403 -2.27943
0.404 -2.274
0.405 -2.26857
0.406 -2.26315
0.407 -2.25774
0.408 -2.25234
0.409 -2.24694
0.41 -2.24154
0.411 -2.23615
0.412 -2.23077
0.413 -2.2254
0.414 -2.22003
0.415 -2.21466
0.416 -2.2093
0.417 -2.20395
0.418 -2.1986
0.419 -2.19326
0.42 -2.18792
0.421 -2.18259
0.422 -2.17726
0.423 -2.17193
0.424 -2.16662
0.425 -2.1613
0.426 -2.15599
0.427 -2.15069
0.428 -2.14539
0.429 -2.14009
0.43 -2.1348
0.431 -2.12951
0.432 -2.12423
0.433 -2.11895
0.434 -2.11367
0.435 -2.1084
0.436 -2.10313
0.437 -2.09787
0.438 -2.0926
0.439 -2.08735
0.44 -2.08209
0.441 -2.07684
0.442 -2.07159
0.443 -2.06634
0.444 -2.0611
0.445 -2.05586
0.446 -2.05062
0.447 -2.04538
0.448 -2.04015
0.449 -2.03492
0.45 -2.02969
0.451 -2.02446
0.452 -2.01924
0.453 -2.01401
0.454 -2.00879
0.455 -2.00357
0.456 -1.99835
0.457 -1.99313
0.458 -1.98792
0.459 -1.9827
0.46 -1.97749
0.461 -1.97227
0.462 -1.96706
0.463 -1.96185
0.464 -1.95664
0.465 -1.95143
0.466 -1.94622
0.467 -1.941
0.468 -1.93579
0.469 -1.93058
0.47 -1.92537
0.471 -1.92016
0.472 -1.91495
0.473 -1.90974
0.474 -1.90452
0.475 -1.89931
0.476 -1.8941
0.477 -1.88888
0.478 -1.88366
0.479 -1.87845
0.48 -1.87323
0.481 -1.86801
0.482 -1.86278
0.483 -1.85756
0.484 -1.85233
0.485 -1.8471
0.486 -1.84187
0.487 -1.83664
0.488 -1.83141
0.489 -1.82617
0.49 -1.82093
0.491 -1.81568
0.492 -1.81044
0.493 -1.80519
0.494 -1.79993
0.495 -1.79468
0.496 -1.78942
0.497 -1.78415
0.498 -1.77889
0.499 -1.77362
0.5 -1.76834
0.501 -1.76306
0.502 -1.75778
0.503 -1.75249
0.504 -1.7472
0.505 -1.7419
0.506 -1.73659
0.507 -1.73129
0.508 -1.72597
0.509 -1.72066
0.51 -1.71533
0.511 -1.71
0.512 -1.70467
0.513 -1.69933
0.514 -1.69398
0.515 -1.68863
0.516 -1.68327
0.517 -1.6779
0.518 -1.67253
0.519 -1.66715
0.52 -1.66176
0.521 -1.65637
0.522 -1.65097
0.523 -1.64556
0.524 -1.64015
0.525 -1.63472
0.526 -1.62929
0.527 -1.62386
0.528 -1.61841
0.529 -1.61295
0.53 -1.60749
0.531 -1.60202
0.532 -1.59654
0.533 -1.59105
0.534 -1.58555
0.535 -1.58004
0.536 -1.57453
0.537 -1.569
0.538 -1.56346
0.539 -1.55792
0.54 -1.55236
0.541 -1.5468
0.542 -1.54122
0.543 -1.53563
0.544 -1.53004
0.545 -1.52443
0.546 -1.51881
0.547 -1.51318
0.548 -1.50754
0.549 -1.50189
0.55 -1.49623
0.551 -1.49055
0.552 -1.48487
0.553 -1.47917
0.554 -1.47346
0.555 -1.46773
0.556 -1.462
0.557 -1.45625
0.558 -1.45049
0.559 -1.44472
0.56 -1.43893
0.561 -1.43313
0.562 -1.42732
0.563 -1.42149
0.564 -1.41566
0.565 -1.4098
0.566 -1.40394
0.567 -1.39805
0.568 -1.39216
0.569 -1.38625
0.57 -1.38033
0.571 -1.37439
0.572 -1.36843
0.573 -1.36247
0.574 -1.35648
0.575 -1.35048
0.576 -1.34447
0.577 -1.33844
0.578 -1.3324
0.579 -1.32634
0.58 -1.32026
0.581 -1.31417
0.582 -1.30806
0.583 -1.30193
0.584 -1.29579
0.585 -1.28963
0.586 -1.28346
0.587 -1.27727
0.588 -1.27106
0.589 -1.26483
0.59 -1.25859
0.591 -1.25233
0.592 -1.24605
0.593 -1.23976
0.594 -1.23344
0.595 -1.22711
0.596 -1.22076
0.597 -1.2144
0.598 -1.20801
0.599 -1.20161
0.6 -1.19519
0.601 -1.18875
0.602 -1.18229
0.603 -1.17581
0.604 -1.16932
0.605 -1.1628
0.606 -1.15627
0.607 -1.14972
0.608 -1.14315
0.609 -1.13656
0.61 -1.12995
0.611 -1.12332
0.612 -1.11667
0.613 -1.11
0.614 -1.10331
0.615 -1.09661
0.616 -1.08988
0.617 -1.08313
0.618 -1.07637
0.619 -1.06958
0.62 -1.06278
0.621 -1.05595
0.622 -1.04911
0.623 -1.04224
0.624 -1.03536
0.625 -1.02845
0.626 -1.02153
0.627 -1.01459
0.628 -1.00762
0.629 -1.00064
0.63 -0.993637
0.631 -0.986614
0.632 -0.979571
0.633 -0.972509
0.634 -0.965428
0.635 -0.958326
0.636 -0.951206
0.637 -0.944066
0.638 -0.936906
0.639 -0.929728
0.64 -0.92253
0.641 -0.915313
0.642 -0.908077
0.643 -0.900823
0.644 -0.89355
0.645 -0.886258
0.646 -0.878948
0.647 -0.87162
0.648 -0.864273
0.649 -0.856909
0.65 -0.849527
0.651 -0.842128
0.652 -0.834711
0.653 -0.827278
0.654 -0.819827
0.655 -0.81236
0.656 -0.804876
0.657 -0.797377
0.658 -0.789861
0.659 -0.78233
0.66 -0.774784
0.661 -0.767223
0.662 -0.759647
0.663 -0.752057
0.664 -0.744453
0.665 -0.736835
0.666 -0.729204
0.667 -0.721561
0.668 -0.713905
0.669 -0.706237
0.67 -0.698557
0.671 -0.690867
0.672 -0.683165
0.673 -0.675454
0.674 -0.667733
0.675 -0.660002
0.676 -0.652263
0.677 -0.644516
0.678 -0.636761
0.679 -0.628999
0.68 -0.621231
0.681 -0.613457
0.682 -0.605678
0.683 -0.597894
0.684 -0.590106
0.685 -0.582315
0.686 -0.574521
0.687 -0.566726
0.688 -0.558929
0.689 -0.551132
0.69 -0.543335
0.691 -0.535539
0.692 -0.527745
0.693 -0.519954
0.694 -0.512166
0.695 -0.504383
0.696 -0.496605
0.697 -0.488833
0.698 -0.481068
0.699 -0.473311
0.7 -0.465563
0.701 -0.457825
0.702 -0.450098
0.703 -0.442382
0.704 -0.43468
0.705 -0.426991
0.706 -0.419317
0.707 -0.411659
0.708 -0.404018
0.709 -0.396396
0.71 -0.388793
0.711 -0.38121
0.712 -0.373649
0.713 -0.366111
0.714 -0.358597
0.715 -0.351109
0.716 -0.343646
0.717 -0.336212
0.718 -0.328807
0.719 -0.321432
0.72 -0.314088
0.721 -0.306778
0.722 -0.299502
0.723 -0.292262
0.724 -0.285059
0.725 -0.277894
0.726 -0.27077
0.727 -0.263687
0.728 -0.256646
0.729 -0.24965
0.73 -0.242699
0.731 -0.235796
0.732 -0.228941
0.733 -0.222137
0.734 -0.215384
0.735 -0.208685
0.736 -0.20204
0.737 -0.195452
0.738 -0.188922
0.739 -0.182452
0.74 -0.176042
0.741 -0.169696
0.742 -0.163413
0.743 -0.157197
0.744 -0.151048
0.745 -0.144969
0.746 -0.13896
0.747 -0.133024
0.748 -0.127163
0.749 -0.121377
0.75 -0.115668
0.751 -0.110039
0.752 -0.10449
0.753 -0.0990241
0.754 -0.0936422
0.755 -0.088346
0.756 -0.0831373
0.757 -0.0780177
0.758 -0.0729889
0.759 -0.0680526
0.76 -0.0632103
0.761 -0.0584637
0.762 -0.0538145
0.763 -0.0492643
0.764 -0.0448147
0.765 -0.0404673
0.766 -0.0362238
0.767 -0.0320857
0.768 -0.0280546
0.769 -0.0241322
0.77 -0.0203199
0.771 -0.0166193
0.772 -0.0130319
0.773 -0.00955931
0.774 -0.00620298
0.775 -0.00296441
0.776 0.000154951
0.777 0.00315364
0.778 0.00603022
0.779 0.00878329
0.78 0.0114115
0.781 0.0139134
0.782 0.0162876
0.783 0.018533
0.784 0.020648
0.785 0.0226316
0.786 0.0244824
0.787 0.0261992
0.788 0.0277809
0.789 0.0292261
0.79 0.0305339
0.791 0.0317031
0.792 0.0327326
0.793 0.0336214
0.794 0.0343684
0.795 0.0349726
0.796 0.0354332
0.797 0.0357491
0.798 0.0359196
0.799 0.0359436
0.8 0.0358205
0.801 0.0355494
0.802 0.0351296
0.803 0.0345603
0.804 0.0338409
0.805 0.0329708
0.806 0.0319493
0.807 0.0307759
0.808 0.0294501
0.809 0.0279713
0.81 0.0263391
0.811 0.0245531
0.812 0.022613
0.813 0.0205184
0.814 0.0182689
0.815 0.0158645
0.816 0.0133047
0.817 0.0105896
0.818 0.00771891
0.819 0.00469259
0.82 0.00151058
0.821 -0.00182712
0.822 -0.00532047
0.823 -0.0089694
0.824 -0.0127738
0.825 -0.0167335
0.826 -0.0208482
0.827 -0.0251179
0.828 -0.0295421
0.829 -0.0341205
0.83 -0.0388529
0.831 -0.0437387
0.832 -0.0487775
0.833 -0.0539689
0.834 -0.0593123
0.835 -0.0648072
0.836 -0.0704528
0.837 -0.0762487
0.838 -0.0821941
0.839 -0.0882883
0.84 -0.0945305
0.841 -0.10092
0.842 -0.107456
0.843 -0.114137
0.844 -0.120963
0.845 -0.127932
0.846 -0.135044
0.847 -0.142298
0.848 -0.149693
0.849 -0.157226
0.85 -0.164899
0.851 -0.172708
0.852 -0.180653
0.853 -0.188733
0.854 -0.196947
0.855 -0.205293
0.856 -0.21377
0.857 -0.222376
0.858 -0.231111
0.859 -0.239972
0.86 -0.248959
0.861 -0.258069
0.862 -0.267302
0.863 -0.276656
0.864 -0.286129
0.865 -0.29572
0.866 -0.305427
0.867 -0.315249
0.868 -0.325184
0.869 -0.33523
0.87 -0.345385
0.871 -0.355649
0.872 -0.366019
0.873 -0.376493
0.874 -0.38707
0.875 -0.397748
0.876 -0.408525
0.877 -0.4194
0.878 -0.43037
0.879 -0.441435
0.88 -0.452591
0.881 -0.463837
0.882 -0.475172
0.883 -0.486593
0.884 -0.498098
0.885 -0.509687
0.886 -0.521356
0.887 -0.533104
0.888 -0.544929
0.889 -0.556829
0.89 -0.568803
0.891 -0.580848
0.892 -0.592962
0.893 -0.605144
0.894 -0.617391
0.895 -0.629702
0.896 -0.642075
0.897 -0.654508
0.898 -0.666999
0.899 -0.679546
0.9 -0.692147
0.901 -0.704801
0.902 -0.717505
0.903 -0.730258
0.904 -0.743057
0.905 -0.755901
0.906 -0.768789
0.907 -0.781717
0.908 -0.794685
0.909 -0.807691
0.91 -0.820732
0.911 -0.833807
0.912 -0.846915
0.913 -0.860052
0.914 -0.873219
0.915 -0.886412
0.916 -0.899631
0.917 -0.912873
0.918 -0.926136
0.919 -0.93942
0.92 -0.952722
0.921 -0.966042
0.922 -0.979376
0.923 -0.992724
0.924 -1.00608
0.925 -1.01945
0.926 -1.03283
0.927 -1.04622
0.928 -1.05961
0.929 -1.07301
0.93 -1.08641
0.931 -1.09981
0.932 -1.11321
0.933 -1.12661
0.934 -1.14
0.935 -1.15339
0.936 -1.16678
0.937 -1.18016
0.938 -1.19353
0.939 -1.20689
0.94 -1.22024
0.941 -1.23358
0.942 -1.24691
0.943 -1.26022
0.944 -1.27352
0.945 -1.28679
0.946 -1.30006
0.947 -1.3133
0.948 -1.32652
0.949 -1.33972
0.95 -1.3529
0.951 -1.36605
0.952 -1.37919
0.953 -1.39229
0.954 -1.40537
0.955 -1.41842
0.956 -1.43145
0.957 -1.44445
0.958 -1.45741
0.959 -1.47035
0.96 -1.48325
0.961 -1.49613
0.962 -1.50897
0.963 -1.52177
0.964 -1.53454
0.965 -1.54728
0.966 -1.55998
0.967 -1.57264
0.968 -1.58527
0.969 -1.59786
0.97 -1.61041
0.971 -1.62292
0.972 -1.6354
0.973 -1.64783
0.974 -1.66022
0.975 -1.67257
0.976 -1.68488
0.977 -1.69715
0.978 -1.70937
0.979 -1.72155
0.98 -1.73369
0.981 -1.74578
0.982 -1.75783
0.983 -1.76984
0.984 -1.7818
0.985 -1.79371
0.986 -1.80558
0.987 -1.8174
0.988 -1.82918
0.989 -1.84091
0.99 -1.85259
0.991 -1.86423
0.992 -1.87582
0.993 -1.88736
0.994 -1.89885
0.995 -1.9103
0.996 -1.9217
0.997 -1.93305
0.998 -1.94435
0.999 -1.9556
1 -1.96681
1.001 -10
