0 5
0.001 3.39428
0.002 3.39057
0.003 3.38687
0.004 3.38316
0.005 3.37946
0.006 3.37575
0.007 3.37205
0.008 3.36835
0.009 3.36465
0.01 3.36095
0.011 3.35726
0.012 3.35357
0.013 3.34988
0.014 3.3462
0.015 3.34253
0.016 3.33886
0.017 3.33519
0.018 3.33154
0.019 3.32788
0.02 3.32424
0.021 3.3206
0.022 3.31698
0.023 3.31336
0.024 3.30975
0.025 3.30615
0.026 3.30256
0.027 3.29898
0.028 3.29541
0.029 3.29185
0.03 3.28831
0.031 3.28478
0.032 3.28126
0.033 3.27775
0.034 3.27426
0.035 3.27079
0.036 3.26733
0.037 3.26388
0.038 3.26045
0.039 3.25704
0.04 3.25364
0.041 3.25026
0.042 3.2469
0.043 3.24356
0.044 3.24023
0.045 3.23693
0.046 3.23365
0.047 3.23038
0.048 3.22714
0.049 3.22391
0.05 3.22071
0.051 3.21753
0.052 3.21438
0.053 3.21124
0.054 3.20813
0.055 3.20504
0.056 3.20198
0.057 3.19894
0.058 3.19593
0.059 3.19294
0.06 3.18997
0.061 3.18704
0.062 3.18413
0.063 3.18124
0.064 3.17838
0.065 3.17555
0.066 3.17275
0.067 3.16998
0.068 3.16723
0.069 3.16452
0.07 3.16183
0.071 3.15917
0.072 3.15654
0.073 3.15394
0.074 3.15137
0.075 3.14883
0.076 3.14632
0.077 3.14384
0.078 3.1414
0.079 3.13898
0.08 3.1366
0.081 3.13424
0.082 3.13192
0.083 3.12963
0.084 3.12738
0.085 3.12515
0.086 3.12296
0.087 3.1208
0.088 3.11867
0.089 3.11658
0.09 3.11452
0.091 3.11249
0.092 3.11049
0.093 3.10853
0.094 3.1066
0.095 3.10471
0.096 3.10284
0.097 3.10101
0.098 3.09922
0.099 3.09746
0.1 3.09573
0.101 3.09403
0.102 3.09237
0.103 3.09074
0.104 3.08914
0.105 3.08758
0.106 3.08605
0.107 3.08456
0.108 3.08309
0.109 3.08166
0.11 3.08027
0.111 3.0789
0.112 3.07757
0.113 3.07627
0.114 3.075
0.115 3.07377
0.116 3.07257
0.117 3.0714
0.118 3.07026
0.119 3.06915
0.12 3.06808
0.121 3.06704
0.122 3.06603
0.123 3.06505
0.124 3.0641
0.125 3.06318
0.126 3.06229
0.127 3.06143
0.128 3.0606
0.129 3.05981
0.13 3.05904
0.131 3.0583
0.132 3.05759
0.133 3.05691
0.134 3.05626
0.135 3.05564
0.136 3.05504
0.137 3.05447
0.138 3.05394
0.139 3.05342
0.14 3.05294
0.141 3.05248
0.142 3.05205
0.143 3.05165
0.144 3.05127
0.145 3.05092
0.146 3.05059
0.147 3.05029
0.148 3.05002
0.149 3.04976
0.15 3.04954
0.151 3.04934
0.152 3.04916
0.153 3.049
0.154 3.04887
0.155 3.04876
0.156 3.04868
0.157 3.04861
0.158 3.04857
0.159 3.04855
0.16 3.04855
0.161 3.04858
0.162 3.04862
0.163 3.04869
0.164 3.04877
0.165 3.04888
0.166 3.049
0.167 3.04915
0.168 3.04931
0.169 3.04949
0.17 3.0497
0.171 3.04992
0.172 3.05015
0.173 3.05041
0.174 3.05068
0.175 3.05097
0.176 3.05128
0.177 3.0516
0.178 3.05194
0.179 3.0523
0.18 3.05267
0.181 3.05306
0.182 3.05346
0.183 3.05388
0.184 3.05431
0.185 3.05476
0.186 3.05522
0.187 3.0557
0.188 3.05619
0.189 3.05669
0.19 3.0572
0.191 3.05773
0.192 3.05827
0.193 3.05883
0.194 3.05939
0.195 3.05997
0.196 3.06056
0.197 3.06116
0.198 3.06177
0.199 3.06239
0.2 3.06303
0.201 3.06367
0.202 3.06432
0.203 3.06499
0.204 3.06566
0.205 3.06635
0.206 3.06704
0.207 3.06774
0.208 3.06845
0.209 3.06917
0.21 3.0699
0.211 3.07064
0.212 3.07139
0.213 3.07214
0.214 3.0729
0.215 3.07367
0.216 3.07445
0.217 3.07523
0.218 3.07602
0.219 3.07682
0.22 3.07763
0.221 3.07844
0.222 3.07926
0.223 3.08008
0.224 3.08091
0.225 3.08175
0.226 3.08259
0.227 3.08344
0.228 3.08429
0.229 3.08515
0.23 3.08601
0.231 3.08688
0.232 3.08776
0.233 3.08863
0.234 3.08952
0.235 3.09041
0.236 3.0913
0.237 3.09219
0.238 3.09309
0.239 3.094
0.24 3.09491
0.241 3.09582
0.242 3.09674
0.243 3.09765
0.244 3.09858
0.245 3.0995
0.246 3.10043
0.247 3.10136
0.248 3.1023
0.249 3.10324
0.25 3.10418
0.251 3.10512
0.252 3.10607
0.253 3.10701
0.254 3.10797
0.255 3.10892
0.256 3.10987
0.257 3.11083
0.258 3.11179
0.259 3.11275
0.26 3.11371
0.261 3.11468
0.262 3.11564
0.263 3.11661
0.264 3.11758
0.265 3.11855
0.266 3.11952
0.267 3.12049
0.268 3.12147
0.269 3.12244
0.27 3.12342
0.271 3.1244
0.272 3.12537
0.273 3.12635
0.274 3.12733
0.275 3.12831
0.276 3.12929
0.277 3.13027
0.278 3.13126
0.279 3.13224
0.28 3.13322
0.281 3.1342
0.282 3.13518
0.283 3.13617
0.284 3.13715
0.285 3.13813
0.286 3.13912
0.287 3.1401
0.288 3.14108
0.289 3.14207
0.29 3.14305
0.291 3.14403
0.292 3.14501
0.293 3.14599
0.294 3.14697
0.295 3.14795
0.296 3.14893
0.297 3.14991
0.298 3.15089
0.299 3.15187
0.3 3.15285
0.301 3.15382
0.302 3.1548
0.303 3.15577
0.304 3.15675
0.305 3.15772
0.306 3.15869
0.307 3.15967
0.308 3.16064
0.309 3.1616
0.31 3.16257
0.311 3.16354
0.312 3.1645
0.313 3.16547
0.314 3.16643
0.315 3.16739
0.316 3.16835
0.317 3.16931
0.318 3.17027
0.319 3.17122
0.32 3.17218
0.321 3.17313
0.322 3.17408
0.323 3.17503
0.324 3.17598
0.325 3.17693
0.326 3.17787
0.327 3.17882
0.328 3.17976
0.329 3.1807
0.33 3.18163
0.331 3.18257
0.332 3.1835
0.333 3.18444
0.334 3.18537
0.335 3.1863
0.336 3.18722
0.337 3.18815
0.338 3.18907
0.339 3.18999
0.34 3.19091
0.341 3.19182
0.342 3.19274
0.343 3.19365
0.344 3.19456
0.345 3.19547
0.346 3.19637
0.347 3.19728
0.348 3.19818
0.349 3.19908
0.35 3.19997
0.351 3.20087
0.352 3.20176
0.353 3.20265
0.354 3.20353
0.355 3.20442
0.356 3.2053
0.357 3.20618
0.358 3.20706
0.359 3.20793
0.36 3.2088
0.361 3.20967
0.362 3.21054
0.363 3.21141
0.364 3.21227
0.365 3.21313
0.366 3.21398
0.367 3.21484
0.368 3.21569
0.369 3.21654
0.37 3.21739
0.371 3.21823
0.372 3.21907
0.373 3.21991
0.374 3.22074
0.375 3.22158
0.376 3.22241
0.377 3.22323
0.378 3.22406
0.379 3.22488
0.38 3.2257
0.381 3.22652
0.382 3.22733
0.383 3.22814
0.384 3.22895
0.385 3.22975
0.386 3.23056
0.387 3.23136
0.388 3.23215
0.389 3.23295
0.39 3.23374
0.391 3.23452
0.392 3.23531
0.393 3.23609
0.394 3.23687
0.395 3.23765
0.396 3.23842
0.397 3.23919
0.398 3.23996
0.399 3.24072
0.4 3.24148
0.401 3.24224
0.402 3.243
0.403 3.24375
0.404 3.2445
0.405 3.24524
0.406 3.24599
0.407 3.24673
0.408 3.24746
0.409 3.2482
0.41 3.24893
0.411 3.24966
0.412 3.25038
0.413 3.25111
0.414 3.25182
0.415 3.25254
0.416 3.25325
0.417 3.25396
0.418 3.25467
0.419 3.25537
0.42 3.25608
0.421 3.25677
0.422 3.25747
0.423 3.25816
0.424 3.25885
0.425 3.25953
0.426 3.26022
0.427 3.2609
0.428 3.26157
0.429 3.26224
0.43 3.26291
0.431 3.26358
0.432 3.26425
0.433 3.26491
0.434 3.26556
0.435 3.26622
0.436 3.26687
0.437 3.26752
0.438 3.26816
0.439 3.26881
0.44 3.26945
0.441 3.27008
0.442 3.27072
0.443 3.27134
0.444 3.27197
0.445 3.2726
0.446 3.27322
0.447 3.27383
0.448 3.27445
0.449 3.27506
0.45 3.27567
0.451 3.27627
0.452 3.27688
0.453 3.27748
0.454 3.27807
0.455 3.27866
0.456 3.27925
0.457 3.27984
0.458 3.28042
0.459 3.28101
0.46 3.28158
0.461 3.28216
0.462 3.28273
0.463 3.2833
0.464 3.28386
0.465 3.28443
0.466 3.28499
0.467 3.28554
0.468 3.28609
0.469 3.28664
0.47 3.28719
0.471 3.28774
0.472 3.28828
0.473 3.28881
0.474 3.28935
0.475 3.28988
0.476 3.29041
0.477 3.29094
0.478 3.29146
0.479 3.29198
0.48 3.2925
0.481 3.29301
0.482 3.29352
0.483 3.29403
0.484 3.29453
0.485 3.29503
0.486 3.29553
0.487 3.29603
0.488 3.29652
0.489 3.29701
0.49 3.2975
0.491 3.29798
0.492 3.29846
0.493 3.29894
0.494 3.29941
0.495 3.29989
0.496 3.30035
0.497 3.30082
0.498 3.30128
0.499 3.30174
0.5 3.3022
0.501 3.30265
0.502 3.3031
0.503 3.30355
0.504 3.304
0.505 3.30444
0.506 3.30488
0.507 3.30531
0.508 3.30574
0.509 3.30617
0.51 3.3066
0.511 3.30702
0.512 3.30745
0.513 3.30786
0.514 3.30828
0.515 3.30869
0.516 3.3091
0.517 3.30951
0.518 3.30991
0.519 3.31031
0.52 3.31071
0.521 3.3111
0.522 3.31149
0.523 3.31188
0.524 3.31226
0.525 3.31265
0.526 3.31303
0.527 3.3134
0.528 3.31378
0.529 3.31415
0.53 3.31451
0.531 3.31488
0.532 3.31524
0.533 3.3156
0.534 3.31595
0.535 3.3163
0.536 3.31665
0.537 3.317
0.538 3.31734
0.539 3.31768
0.54 3.31802
0.541 3.31836
0.542 3.31869
0.543 3.31902
0.544 3.31934
0.545 3.31966
0.546 3.31998
0.547 3.3203
0.548 3.32061
0.549 3.32092
0.55 3.32123
0.551 3.32153
0.552 3.32184
0.553 3.32213
0.554 3.32243
0.555 3.32272
0.556 3.32301
0.557 3.3233
0.558 3.32358
0.559 3.32386
0.56 3.32413
0.561 3.32441
0.562 3.32468
0.563 3.32495
0.564 3.32521
0.565 3.32547
0.566 3.32573
0.567 3.32598
0.568 3.32623
0.569 3.32648
0.57 3.32673
0.571 3.32697
0.572 3.32721
0.573 3.32744
0.574 3.32768
0.575 3.32791
0.576 3.32813
0.577 3.32835
0.578 3.32857
0.579 3.32879
0.58 3.329
0.581 3.32921
0.582 3.32942
0.583 3.32962
0.584 3.32982
0.585 3.33002
0.586 3.33021
0.587 3.3304
0.588 3.33058
0.589 3.33077
0.59 3.33094
0.591 3.33112
0.592 3.33129
0.593 3.33146
0.594 3.33163
0.595 3.33179
0.596 3.33194
0.597 3.3321
0.598 3.33225
0.599 3.3324
0.6 3.33254
0.601 3.33268
0.602 3.33281
0.603 3.33295
0.604 3.33307
0.605 3.3332
0.606 3.33332
0.607 3.33344
0.608 3.33355
0.609 3.33366
0.61 3.33376
0.611 3.33386
0.612 3.33396
0.613 3.33405
0.614 3.33414
0.615 3.33423
0.616 3.33431
0.617 3.33439
0.618 3.33446
0.619 3.33453
0.62 3.33459
0.621 3.33465
0.622 3.33471
0.623 3.33476
0.624 3.3348
0.625 3.33484
0.626 3.33488
0.627 3.33491
0.628 3.33494
0.629 3.33497
0.63 3.33498
0.631 3.335
0.632 3.33501
0.633 3.33501
0.634 3.33501
0.635 3.335
0.636 3.33499
0.637 3.33498
0.638 3.33495
0.639 3.33493
0.64 3.3349
0.641 3.33486
0.642 3.33482
0.643 3.33477
0.644 3.33471
0.645 3.33465
0.646 3.33459
0.647 3.33452
0.648 3.33444
0.649 3.33436
0.65 3.33427
0.651 3.33417
0.652 3.33407
0.653 3.33397
0.654 3.33385
0.655 3.33373
0.656 3.33361
0.657 3.33347
0.658 3.33333
0.659 3.33318
0.66 3.33303
0.661 3.33287
0.662 3.3327
0.663 3.33253
0.664 3.33234
0.665 3.33215
0.666 3.33196
0.667 3.33175
0.668 3.33154
0.669 3.33132
0.67 3.33109
0.671 3.33085
0.672 3.33061
0.673 3.33035
0.674 3.33009
0.675 3.32982
0.676 3.32954
0.677 3.32925
0.678 3.32896
0.679 3.32865
0.68 3.32833
0.681 3.32801
0.682 3.32767
0.683 3.32733
0.684 3.32698
0.685 3.32661
0.686 3.32624
0.687 3.32585
0.688 3.32546
0.689 3.32505
0.69 3.32464
0.691 3.32421
0.692 3.32377
0.693 3.32332
0.694 3.32286
0.695 3.32239
0.696 3.3219
0.697 3.3214
0.698 3.3209
0.699 3.32037
0.7 3.31984
0.701 3.31929
0.702 3.31874
0.703 3.31816
0.704 3.31758
0.705 3.31698
0.706 3.31637
0.707 3.31574
0.708 3.3151
0.709 3.31445
0.71 3.31378
0.711 3.3131
0.712 3.3124
0.713 3.31169
0.714 3.31096
0.715 3.31022
0.716 3.30946
0.717 3.30868
0.718 3.30789
0.719 3.30709
0.72 3.30627
0.721 3.30543
0.722 3.30457
0.723 3.3037
0.724 3.30281
0.725 3.30191
0.726 3.30098
0.727 3.30004
0.728 3.29908
0.729 3.29811
0.73 3.29711
0.731 3.2961
0.732 3.29507
0.733 3.29402
0.734 3.29295
0.735 3.29186
0.736 3.29076
0.737 3.28963
0.738 3.28848
0.739 3.28732
0.74 3.28614
0.741 3.28493
0.742 3.28371
0.743 3.28246
0.744 3.2812
0.745 3.27991
0.746 3.27861
0.747 3.27728
0.748 3.27593
0.749 3.27457
0.75 3.27318
0.751 3.27177
0.752 3.27034
0.753 3.26889
0.754 3.26741
0.755 3.26592
0.756 3.26441
0.757 3.26287
0.758 3.26131
0.759 3.25973
0.76 3.25813
0.761 3.25651
0.762 3.25487
0.763 3.2532
0.764 3.25152
0.765 3.24981
0.766 3.24808
0.767 3.24633
0.768 3.24456
0.769 3.24277
0.77 3.24096
0.771 3.23913
0.772 3.23727
0.773 3.2354
0.774 3.23351
0.775 3.23159
0.776 3.22965
0.777 3.2277
0.778 3.22572
0.779 3.22373
0.78 3.22171
0.781 3.21968
0.782 3.21763
0.783 3.21556
0.784 3.21347
0.785 3.21136
0.786 3.20923
0.787 3.20709
0.788 3.20493
0.789 3.20275
0.79 3.20056
0.791 3.19834
0.792 3.19612
0.793 3.19387
0.794 3.19161
0.795 3.18934
0.796 3.18705
0.797 3.18475
0.798 3.18243
0.799 3.1801
0.8 3.17776
0.801 3.1754
0.802 3.17304
0.803 3.17066
0.804 3.16827
0.805 3.16586
0.806 3.16345
0.807 3.16103
0.808 3.1586
0.809 3.15616
0.81 3.15371
0.811 3.15126
0.812 3.14879
0.813 3.14632
0.814 3.14385
0.815 3.14136
0.816 3.13888
0.817 3.13638
0.818 3.13389
0.819 3.13139
0.82 3.12889
0.821 3.12638
0.822 3.12388
0.823 3.12137
0.824 3.11886
0.825 3.11635
0.826 3.11384
0.827 3.11133
0.828 3.10883
0.829 3.10632
0.83 3.10382
0.831 3.10132
0.832 3.09883
0.833 3.09633
0.834 3.09385
0.835 3.09137
0.836 3.08889
0.837 3.08642
0.838 3.08396
0.839 3.08151
0.84 3.07906
0.841 3.07662
0.842 3.07419
0.843 3.07177
0.844 3.06936
0.845 3.06696
0.846 3.06457
0.847 3.0622
0.848 3.05983
0.849 3.05748
0.85 3.05513
0.851 3.05281
0.852 3.05049
0.853 3.04819
0.854 3.0459
0.855 3.04363
0.856 3.04137
0.857 3.03913
0.858 3.0369
0.859 3.03469
0.86 3.0325
0.861 3.03032
0.862 3.02816
0.863 3.02602
0.864 3.02389
0.865 3.02179
0.866 3.0197
0.867 3.01763
0.868 3.01557
0.869 3.01354
0.87 3.01152
0.871 3.00953
0.872 3.00755
0.873 3.0056
0.874 3.00366
0.875 3.00174
0.876 2.99984
0.877 2.99797
0.878 2.99611
0.879 2.99427
0.88 2.99246
0.881 2.99066
0.882 2.98889
0.883 2.98714
0.884 2.9854
0.885 2.98369
0.886 2.982
0.887 2.98033
0.888 2.97868
0.889 2.97705
0.89 2.97545
0.891 2.97386
0.892 2.9723
0.893 2.97075
0.894 2.96923
0.895 2.96773
0.896 2.96625
0.897 2.96479
0.898 2.96335
0.899 2.96193
0.9 2.96053
0.901 2.95915
0.902 2.95779
0.903 2.95645
0.904 2.95514
0.905 2.95384
0.906 2.95256
0.907 2.9513
0.908 2.95007
0.909 2.94885
0.91 2.94765
0.911 2.94647
0.912 2.94531
0.913 2.94417
0.914 2.94305
0.915 2.94194
0.916 2.94086
0.917 2.93979
0.918 2.93875
0.919 2.93772
0.92 2.9367
0.921 2.93571
0.922 2.93473
0.923 2.93377
0.924 2.93283
0.925 2.93191
0.926 2.931
0.927 2.93011
0.928 2.92923
0.929 2.92837
0.93 2.92753
0.931 2.9267
0.932 2.92589
0.933 2.9251
0.934 2.92432
0.935 2.92355
0.936 2.9228
0.937 2.92207
0.938 2.92135
0.939 2.92064
0.94 2.91995
0.941 2.91928
0.942 2.91861
0.943 2.91796
0.944 2.91733
0.945 2.91671
0.946 2.9161
0.947 2.9155
0.948 2.91492
0.949 2.91434
0.95 2.91379
0.951 2.91324
0.952 2.91271
0.953 2.91218
0.954 2.91167
0.955 2.91117
0.956 2.91069
0.957 2.91021
0.958 2.90975
0.959 2.90929
0.96 2.90885
0.961 2.90841
0.962 2.90799
0.963 2.90758
0.964 2.90718
0.965 2.90679
0.966 2.9064
0.967 2.90603
0.968 2.90567
0.969 2.90531
0.97 2.90497
0.971 2.90463
0.972 2.90431
0.973 2.90399
0.974 2.90368
0.975 2.90338
0.976 2.90308
0.977 2.9028
0.978 2.90252
0.979 2.90225
0.98 2.90199
0.981 2.90174
0.982 2.90149
0.983 2.90126
0.984 2.90102
0.985 2.9008
0.986 2.90058
0.987 2.90037
0.988 2.90017
0.989 2.89997
0.99 2.89979
0.991 2.8996
0.992 2.89943
0.993 2.89925
0.994 2.89909
0.995 2.89893
0.996 2.89878
0.997 2.89863
0.998 2.89849
0.999 2.89836
1 2.89823
1.001 5
