0 0
0.001 1.01117
0.002 1.0151
0.003 1.01903
0.004 1.02295
0.005 1.02687
0.006 1.03079
0.007 1.03471
0.008 1.03862
0.009 1.04253
0.01 1.04644
0.011 1.05035
0.012 1.05425
0.013 1.05815
0.014 1.06205
0.015 1.06594
0.016 1.06983
0.017 1.07372
0.018 1.0776
0.019 1.08149
0.02 1.08536
0.021 1.08924
0.022 1.09311
0.023 1.09698
0.024 1.10085
0.025 1.10471
0.026 1.10857
0.027 1.11242
0.028 1.11628
0.029 1.12012
0.03 1.12397
0.031 1.12781
0.032 1.13165
0.033 1.13548
0.034 1.13931
0.035 1.14314
0.036 1.14696
0.037 1.15078
0.038 1.1546
0.039 1.15841
0.04 1.16222
0.041 1.16602
0.042 1.16982
0.043 1.17362
0.044 1.17741
0.045 1.1812
0.046 1.18499
0.047 1.18877
0.048 1.19254
0.049 1.19632
0.05 1.20009
0.051 1.20385
0.052 1.20761
0.053 1.21137
0.054 1.21512
0.055 1.21887
0.056 1.22262
0.057 1.22636
0.058 1.23009
0.059 1.23383
0.06 1.23755
0.061 1.24128
0.062 1.245
0.063 1.24872
0.064 1.25243
0.065 1.25614
0.066 1.25984
0.067 1.26354
0.068 1.26724
0.069 1.27093
0.07 1.27462
0.071 1.2783
0.072 1.28198
0.073 1.28566
0.074 1.28933
0.075 1.293
0.076 1.29666
0.077 1.30032
0.078 1.30398
0.079 1.30763
0.08 1.31128
0.081 1.31493
0.082 1.31857
0.083 1.32221
0.084 1.32584
0.085 1.32947
0.086 1.3331
0.087 1.33672
0.088 1.34034
0.089 1.34395
0.09 1.34757
0.091 1.35117
0.092 1.35478
0.093 1.35838
0.094 1.36198
0.095 1.36557
0.096 1.36916
0.097 1.37275
0.098 1.37634
0.099 1.37992
0.1 1.3835
0.101 1.38707
0.102 1.39064
0.103 1.39421
0.104 1.39778
0.105 1.40134
0.106 1.4049
0.107 1.40846
0.108 1.41201
0.109 1.41556
0.11 1.41911
0.111 1.42266
0.112 1.4262
0.113 1.42974
0.114 1.43328
0.115 1.43681
0.116 1.44035
0.117 1.44388
0.118 1.4474
0.119 1.45093
0.12 1.45445
0.121 1.45798
0.122 1.4615
0.123 1.46501
0.124 1.46853
0.125 1.47204
0.126 1.47555
0.127 1.47906
0.128 1.48257
0.129 1.48608
0.13 1.48958
0.131 1.49309
0.132 1.49659
0.133 1.50009
0.134 1.50359
0.135 1.50708
0.136 1.51058
0.137 1.51408
0.138 1.51757
0.139 1.52106
0.14 1.52455
0.141 1.52804
0.142 1.53153
0.143 1.53502
0.144 1.53851
0.145 1.542
0.146 1.54549
0.147 1.54897
0.148 1.55246
0.149 1.55595
0.15 1.55943
0.151 1.56292
0.152 1.5664
0.153 1.56989
0.154 1.57337
0.155 1.57686
0.156 1.58034
0.157 1.58383
0.158 1.58732
0.159 1.5908
0.16 1.59429
0.161 1.59777
0.162 1.60126
0.163 1.60475
0.164 1.60824
0.165 1.61173
0.166 1.61522
0.167 1.61871
0.168 1.6222
0.169 1.6257
0.17 1.62919
0.171 1.63269
0.172 1.63618
0.173 1.63968
0.174 1.64318
0.175 1.64668
0.176 1.65019
0.177 1.65369
0.178 1.6572
0.179 1.6607
0.18 1.66421
0.181 1.66773
0.182 1.67124
0.183 1.67476
0.184 1.67827
0.185 1.6818
0.186 1.68532
0.187 1.68884
0.188 1.69237
0.189 1.6959
0.19 1.69943
0.191 1.70297
0.192 1.70651
0.193 1.71005
0.194 1.71359
0.195 1.71714
0.196 1.72069
0.197 1.72425
0.198 1.7278
0.199 1.73136
0.2 1.73493
0.201 1.73849
0.202 1.74206
0.203 1.74564
0.204 1.74921
0.205 1.7528
0.206 1.75638
0.207 1.75997
0.208 1.76356
0.209 1.76716
0.21 1.77076
0.211 1.77437
0.212 1.77797
0.213 1.78159
0.214 1.78521
0.215 1.78883
0.216 1.79246
0.217 1.79609
0.218 1.79972
0.219 1.80336
0.22 1.80701
0.221 1.81066
0.222 1.81431
0.223 1.81797
0.224 1.82164
0.225 1.82531
0.226 1.82898
0.227 1.83267
0.228 1.83635
0.229 1.84004
0.23 1.84374
0.231 1.84744
0.232 1.85115
0.233 1.85486
0.234 1.85858
0.235 1.8623
0.236 1.86603
0.237 1.86977
0.238 1.87351
0.239 1.87726
0.24 1.88101
0.241 1.88477
0.242 1.88853
0.243 1.89231
0.244 1.89608
0.245 1.89987
0.246 1.90366
0.247 1.90745
0.248 1.91125
0.249 1.91506
0.25 1.91888
0.251 1.9227
0.252 1.92653
0.253 1.93036
0.254 1.9342
0.255 1.93805
0.256 1.94191
0.257 1.94577
0.258 1.94964
0.259 1.95351
0.26 1.95739
0.261 1.96128
0.262 1.96518
0.263 1.96908
0.264 1.97299
0.265 1.97691
0.266 1.98083
0.267 1.98476
0.268 1.9887
0.269 1.99264
0.27 1.9966
0.271 2.00056
0.272 2.00452
0.273 2.0085
0.274 2.01248
0.275 2.01647
0.276 2.02046
0.277 2.02447
0.278 2.02848
0.279 2.03249
0.28 2.03652
0.281 2.04055
0.282 2.04459
0.283 2.04864
0.284 2.0527
0.285 2.05676
0.286 2.06083
0.287 2.06491
0.288 2.06899
0.289 2.07309
0.29 2.07719
0.291 2.0813
0.292 2.08541
0.293 2.08954
0.294 2.09367
0.295 2.09781
0.296 2.10196
0.297 2.10611
0.298 2.11027
0.299 2.11445
0.3 2.11862
0.301 2.12281
0.302 2.127
0.303 2.13121
0.304 2.13541
0.305 2.13963
0.306 2.14386
0.307 2.14809
0.308 2.15233
0.309 2.15658
0.31 2.16084
0.311 2.1651
0.312 2.16937
0.313 2.17365
0.314 2.17794
0.315 2.18224
0.316 2.18654
0.317 2.19085
0.318 2.19517
0.319 2.1995
0.32 2.20384
0.321 2.20818
0.322 2.21253
0.323 2.21689
0.324 2.22126
0.325 2.22564
0.326 2.23002
0.327 2.23441
0.328 2.23881
0.329 2.24322
0.33 2.24763
0.331 2.25206
0.332 2.25649
0.333 2.26093
0.334 2.26538
0.335 2.26983
0.336 2.2743
0.337 2.27877
0.338 2.28325
0.339 2.28773
0.34 2.29223
0.341 2.29673
0.342 2.30125
0.343 2.30577
0.344 2.31029
0.345 2.31483
0.346 2.31938
0.347 2.32393
0.348 2.32849
0.349 2.33306
0.35 2.33763
0.351 2.34222
0.352 2.34681
0.353 2.35142
0.354 2.35603
0.355 2.36064
0.356 2.36527
0.357 2.3699
0.358 2.37455
0.359 2.3792
0.36 2.38386
0.361 2.38853
0.362 2.3932
0.363 2.39789
0.364 2.40258
0.365 2.40728
0.366 2.41199
0.367 2.41671
0.368 2.42144
0.369 2.42618
0.37 2.43092
0.371 2.43567
0.372 2.44044
0.373 2.44521
0.374 2.44999
0.375 2.45477
0.376 2.45957
0.377 2.46438
0.378 2.46919
0.379 2.47401
0.38 2.47885
0.381 2.48369
0.382 2.48854
0.383 2.4934
0.384 2.49827
0.385 2.50314
0.386 2.50803
0.387 2.51293
0.388 2.51783
0.389 2.52275
0.39 2.52767
0.391 2.5326
0.392 2.53755
0.393 2.5425
0.394 2.54746
0.395 2.55243
0.396 2.55741
0.397 2.56241
0.398 2.56741
0.399 2.57242
0.4 2.57744
0.401 2.58247
0.402 2.58751
0.403 2.59256
0.404 2.59762
0.405 2.60269
0.406 2.60778
0.407 2.61287
0.408 2.61797
0.409 2.62309
0.41 2.62821
0.411 2.63335
0.412 2.63849
0.413 2.64365
0.414 2.64882
0.415 2.654
0.416 2.65919
0.417 2.66439
0.418 2.6696
0.419 2.67483
0.42 2.68006
0.421 2.68531
0.422 2.69057
0.423 2.69584
0.424 2.70112
0.425 2.70642
0.426 2.71172
0.427 2.71704
0.428 2.72238
0.429 2.72772
0.43 2.73308
0.431 2.73845
0.432 2.74383
0.433 2.74922
0.434 2.75463
0.435 2.76005
0.436 2.76549
0.437 2.77094
0.438 2.7764
0.439 2.78187
0.44 2.78736
0.441 2.79287
0.442 2.79838
0.443 2.80391
0.444 2.80946
0.445 2.81502
0.446 2.82059
0.447 2.82618
0.448 2.83179
0.449 2.8374
0.45 2.84304
0.451 2.84869
0.452 2.85435
0.453 2.86003
0.454 2.86573
0.455 2.87144
0.456 2.87717
0.457 2.88291
0.458 2.88867
0.459 2.89445
0.46 2.90024
0.461 2.90605
0.462 2.91188
0.463 2.91772
0.464 2.92358
0.465 2.92946
0.466 2.93536
0.467 2.94127
0.468 2.94721
0.469 2.95316
0.47 2.95912
0.471 2.96511
0.472 2.97112
0.473 2.97714
0.474 2.98319
0.475 2.98925
0.476 2.99533
0.477 3.00144
0.478 3.00756
0.479 3.0137
0.48 3.01986
0.481 3.02605
0.482 3.03225
0.483 3.03847
0.484 3.04472
0.485 3.05099
0.486 3.05728
0.487 3.06358
0.488 3.06992
0.489 3.07627
0.49 3.08265
0.491 3.08905
0.492 3.09547
0.493 3.10191
0.494 3.10838
0.495 3.11487
0.496 3.12138
0.497 3.12792
0.498 3.13449
0.499 3.14107
0.5 3.14768
0.501 3.15432
0.502 3.16098
0.503 3.16767
0.504 3.17438
0.505 3.18112
0.506 3.18788
0.507 3.19467
0.508 3.20149
0.509 3.20833
0.51 3.2152
0.511 3.2221
0.512 3.22902
0.513 3.23598
0.514 3.24296
0.515 3.24997
0.516 3.257
0.517 3.26407
0.518 3.27117
0.519 3.27829
0.52 3.28544
0.521 3.29263
0.522 3.29984
0.523 3.30709
0.524 3.31436
0.525 3.32167
0.526 3.32901
0.527 3.33637
0.528 3.34378
0.529 3.35121
0.53 3.35867
0.531 3.36617
0.532 3.3737
0.533 3.38127
0.534 3.38886
0.535 3.39649
0.536 3.40416
0.537 3.41186
0.538 3.41959
0.539 3.42736
0.54 3.43517
0.541 3.443
0.542 3.45088
0.543 3.45879
0.544 3.46674
0.545 3.47472
0.546 3.48275
0.547 3.49081
0.548 3.4989
0.549 3.50704
0.55 3.51521
0.551 3.52342
0.552 3.53167
0.553 3.53996
0.554 3.54829
0.555 3.55666
0.556 3.56507
0.557 3.57352
0.558 3.58201
0.559 3.59054
0.56 3.59911
0.561 3.60772
0.562 3.61638
0.563 3.62508
0.564 3.63382
0.565 3.6426
0.566 3.65142
0.567 3.66029
0.568 3.66921
0.569 3.67817
0.57 3.68717
0.571 3.69621
0.572 3.7053
0.573 3.71444
0.574 3.72362
0.575 3.73285
0.576 3.74213
0.577 3.75145
0.578 3.76082
0.579 3.77023
0.58 3.77969
0.581 3.7892
0.582 3.79876
0.583 3.80837
0.584 3.81802
0.585 3.82772
0.586 3.83748
0.587 3.84728
0.588 3.85713
0.589 3.86703
0.59 3.87699
0.591 3.88699
0.592 3.89704
0.593 3.90715
0.594 3.9173
0.595 3.92751
0.596 3.93777
0.597 3.94808
0.598 3.95844
0.599 3.96886
0.6 3.97933
0.601 3.98985
0.602 4.00043
0.603 4.01106
0.604 4.02174
0.605 4.03248
0.606 4.04327
0.607 4.05411
0.608 4.06501
0.609 4.07597
0.61 4.08698
0.611 4.09805
0.612 4.10917
0.613 4.12034
0.614 4.13157
0.615 4.14286
0.616 4.15421
0.617 4.16561
0.618 4.17707
0.619 4.18858
0.62 4.20015
0.621 4.21178
0.622 4.22346
0.623 4.2352
0.624 4.247
0.625 4.25886
0.626 4.27077
0.627 4.28274
0.628 4.29477
0.629 4.30685
0.63 4.31899
0.631 4.33119
0.632 4.34345
0.633 4.35577
0.634 4.36814
0.635 4.38057
0.636 4.39306
0.637 4.40561
0.638 4.41821
0.639 4.43087
0.64 4.44359
0.641 4.45637
0.642 4.4692
0.643 4.48209
0.644 4.49504
0.645 4.50804
0.646 4.5211
0.647 4.53422
0.648 4.5474
0.649 4.56063
0.65 4.57392
0.651 4.58726
0.652 4.60066
0.653 4.61412
0.654 4.62763
0.655 4.64119
0.656 4.65481
0.657 4.66849
0.658 4.68222
0.659 4.696
0.66 4.70984
0.661 4.72373
0.662 4.73768
0.663 4.75167
0.664 4.76572
0.665 4.77982
0.666 4.79397
0.667 4.80818
0.668 4.82243
0.669 4.83673
0.67 4.85109
0.671 4.86549
0.672 4.87994
0.673 4.89444
0.674 4.90899
0.675 4.92358
0.676 4.93822
0.677 4.95291
0.678 4.96764
0.679 4.98241
0.68 4.99723
0.681 5.01209
0.682 5.027
0.683 5.04194
0.684 5.05693
0.685 5.07196
0.686 5.08703
0.687 5.10213
0.688 5.11728
0.689 5.13246
0.69 5.14768
0.691 5.16293
0.692 5.17822
0.693 5.19354
0.694 5.20889
0.695 5.22428
0.696 5.2397
0.697 5.25515
0.698 5.27063
0.699 5.28613
0.7 5.30166
0.701 5.31722
0.702 5.33281
0.703 5.34842
0.704 5.36405
0.705 5.3797
0.706 5.39538
0.707 5.41107
0.708 5.42679
0.709 5.44252
0.71 5.45827
0.711 5.47403
0.712 5.48981
0.713 5.5056
0.714 5.5214
0.715 5.53722
0.716 5.55304
0.717 5.56887
0.718 5.58471
0.719 5.60056
0.72 5.6164
0.721 5.63226
0.722 5.64811
0.723 5.66397
0.724 5.67982
0.725 5.69568
0.726 5.71152
0.727 5.72737
0.728 5.74321
0.729 5.75904
0.73 5.77487
0.731 5.79068
0.732 5.80648
0.733 5.82228
0.734 5.83805
0.735 5.85381
0.736 5.86956
0.737 5.88529
0.738 5.90099
0.739 5.91668
0.74 5.93235
0.741 5.94799
0.742 5.96361
0.743 5.9792
0.744 5.99476
0.745 6.0103
0.746 6.0258
0.747 6.04127
0.748 6.05671
0.749 6.07212
0.75 6.08748
0.751 6.10282
0.752 6.11811
0.753 6.13336
0.754 6.14858
0.755 6.16374
0.756 6.17887
0.757 6.19395
0.758 6.20898
0.759 6.22397
0.76 6.23891
0.761 6.25379
0.762 6.26863
0.763 6.28341
0.764 6.29813
0.765 6.3128
0.766 6.32742
0.767 6.34197
0.768 6.35647
0.769 6.3709
0.77 6.38528
0.771 6.39959
0.772 6.41383
0.773 6.42801
0.774 6.44213
0.775 6.45617
0.776 6.47015
0.777 6.48406
0.778 6.49789
0.779 6.51166
0.78 6.52535
0.781 6.53896
0.782 6.55251
0.783 6.56597
0.784 6.57936
0.785 6.59267
0.786 6.60589
0.787 6.61904
0.788 6.63211
0.789 6.6451
0.79 6.658
0.791 6.67082
0.792 6.68355
0.793 6.6962
0.794 6.70876
0.795 6.72124
0.796 6.73363
0.797 6.74592
0.798 6.75813
0.799 6.77025
0.8 6.78228
0.801 6.79422
0.802 6.80606
0.803 6.81781
0.804 6.82947
0.805 6.84104
0.806 6.85251
0.807 6.86388
0.808 6.87516
0.809 6.88635
0.81 6.89743
0.811 6.90842
0.812 6.91932
0.813 6.93011
0.814 6.94081
0.815 6.95141
0.816 6.96191
0.817 6.97232
0.818 6.98262
0.819 6.99282
0.82 7.00293
0.821 7.01293
0.822 7.02284
0.823 7.03264
0.824 7.04234
0.825 7.05195
0.826 7.06145
0.827 7.07085
0.828 7.08016
0.829 7.08936
0.83 7.09846
0.831 7.10746
0.832 7.11636
0.833 7.12515
0.834 7.13385
0.835 7.14245
0.836 7.15095
0.837 7.15934
0.838 7.16764
0.839 7.17584
0.84 7.18394
0.841 7.19194
0.842 7.19984
0.843 7.20764
0.844 7.21534
0.845 7.22294
0.846 7.23045
0.847 7.23786
0.848 7.24517
0.849 7.25239
0.85 7.2595
0.851 7.26653
0.852 7.27345
0.853 7.28028
0.854 7.28702
0.855 7.29366
0.856 7.30021
0.857 7.30666
0.858 7.31303
0.859 7.31929
0.86 7.32547
0.861 7.33156
0.862 7.33755
0.863 7.34346
0.864 7.34928
0.865 7.355
0.866 7.36064
0.867 7.36619
0.868 7.37165
0.869 7.37703
0.87 7.38232
0.871 7.38753
0.872 7.39265
0.873 7.39768
0.874 7.40264
0.875 7.40751
0.876 7.4123
0.877 7.417
0.878 7.42163
0.879 7.42618
0.88 7.43065
0.881 7.43503
0.882 7.43935
0.883 7.44358
0.884 7.44774
0.885 7.45182
0.886 7.45583
0.887 7.45976
0.888 7.46362
0.889 7.46741
0.89 7.47113
0.891 7.47477
0.892 7.47834
0.893 7.48185
0.894 7.48528
0.895 7.48865
0.896 7.49195
0.897 7.49518
0.898 7.49835
0.899 7.50145
0.9 7.50449
0.901 7.50746
0.902 7.51038
0.903 7.51322
0.904 7.51601
0.905 7.51874
0.906 7.5214
0.907 7.52401
0.908 7.52656
0.909 7.52905
0.91 7.53149
0.911 7.53386
0.912 7.53618
0.913 7.53845
0.914 7.54066
0.915 7.54282
0.916 7.54493
0.917 7.54699
0.918 7.54899
0.919 7.55094
0.92 7.55284
0.921 7.5547
0.922 7.5565
0.923 7.55826
0.924 7.55997
0.925 7.56163
0.926 7.56325
0.927 7.56482
0.928 7.56635
0.929 7.56783
0.93 7.56927
0.931 7.57067
0.932 7.57202
0.933 7.57333
0.934 7.57461
0.935 7.57584
0.936 7.57703
0.937 7.57819
0.938 7.5793
0.939 7.58038
0.94 7.58142
0.941 7.58242
0.942 7.58339
0.943 7.58432
0.944 7.58522
0.945 7.58608
0.946 7.58691
0.947 7.58771
0.948 7.58847
0.949 7.5892
0.95 7.5899
0.951 7.59057
0.952 7.5912
0.953 7.59181
0.954 7.59239
0.955 7.59293
0.956 7.59345
0.957 7.59394
0.958 7.59441
0.959 7.59484
0.96 7.59525
0.961 7.59563
0.962 7.59599
0.963 7.59632
0.964 7.59663
0.965 7.59691
0.966 7.59717
0.967 7.5974
0.968 7.59761
0.969 7.5978
0.97 7.59796
0.971 7.5981
0.972 7.59822
0.973 7.59832
0.974 7.5984
0.975 7.59846
0.976 7.5985
0.977 7.59851
0.978 7.59851
0.979 7.59849
0.98 7.59845
0.981 7.59839
0.982 7.59832
0.983 7.59822
0.984 7.59811
0.985 7.59798
0.986 7.59783
0.987 7.59767
0.988 7.59749
0.989 7.5973
0.99 7.59709
0.991 7.59686
0.992 7.59662
0.993 7.59637
0.994 7.5961
0.995 7.59581
0.996 7.59552
0.997 7.59521
0.998 7.59488
0.999 7.59454
1 7.59419
1.001 0
