0 -10
0.001 -5.03611
0.002 -5.02784
0.003 -5.01957
0.004 -5.0113
0.005 -5.00304
0.006 -4.99478
0.007 -4.98653
0.008 -4.97828
0.009 -4.97004
0.01 -4.96181
0.011 -4.95358
0.012 -4.94535
0.013 -4.93713
0.014 -4.92892
0.015 -4.92071
0.016 -4.91251
0.017 -4.90431
0.018 -4.89613
0.019 -4.88794
0.02 -4.87977
0.021 -4.8716
0.022 -4.86344
0.023 -4.85528
0.024 -4.84714
0.025 -4.839
0.026 -4.83086
0.027 -4.82274
0.028 -4.81462
0.029 -4.80651
0.03 -4.79841
0.031 -4.79032
0.032 -4.78223
0.033 -4.77415
0.034 -4.76608
0.035 -4.75802
0.036 -4.74997
0.037 -4.74193
0.038 -4.73389
0.039 -4.72587
0.04 -4.71785
0.041 -4.70984
0.042 -4.70185
0.043 -4.69386
0.044 -4.68588
0.045 -4.67791
0.046 -4.66995
0.047 -4.662
0.048 -4.65405
0.049 -4.64612
0.05 -4.6382
0.051 -4.63029
0.052 -4.62239
0.053 -4.6145
0.054 -4.60662
0.055 -4.59875
0.056 -4.59089
0.057 -4.58304
0.058 -4.5752
0.059 -4.56737
0.06 -4.55955
0.061 -4.55175
0.062 -4.54395
0.063 -4.53617
0.064 -4.52839
0.065 -4.52063
0.066 -4.51288
0.067 -4.50514
0.068 -4.49741
0.069 -4.48969
0.07 -4.48198
0.071 -4.47429
0.072 -4.4666
0.073 -4.45893
0.074 -4.45127
0.075 -4.44362
0.076 -4.43598
0.077 -4.42835
0.078 -4.42073
0.079 -4.41313
0.08 -4.40554
0.081 -4.39796
0.082 -4.39039
0.083 -4.38283
0.084 -4.37529
0.085 -4.36775
0.086 -4.36023
0.087 -4.35272
0.088 -4.34522
0.089 -4.33773
0.09 -4.33026
0.091 -4.3228
0.092 -4.31534
0.093 -4.30791
0.094 -4.30048
0.095 -4.29306
0.096 -4.28566
0.097 -4.27827
0.098 -4.27088
0.099 -4.26352
0.1 -4.25616
0.101 -4.24881
0.102 -4.24148
0.103 -4.23416
0.104 -4.22685
0.105 -4.21955
0.106 -4.21226
0.107 -4.20499
0.108 -4.19773
0.109 -4.19048
0.11 -4.18324
0.111 -4.17601
0.112 -4.16879
0.113 -4.16158
0.114 -4.15439
0.115 -4.14721
0.116 -4.14004
0.117 -4.13288
0.118 -4.12573
0.119 -4.11859
0.12 -4.11147
0.121 -4.10435
0.122 -4.09725
0.123 -4.09016
0.124 -4.08308
0.125 -4.076
0.126 -4.06895
0.127 -4.0619
0.128 -4.05486
0.129 -4.04783
0.13 -4.04082
0.131 -4.03381
0.132 -4.02682
0.133 -4.01983
0.134 -4.01286
0.135 -4.0059
0.136 -3.99895
0.137 -3.992
0.138 -3.98507
0.139 -3.97815
0.14 -3.97124
0.141 -3.96434
0.142 -3.95745
0.143 -3.95057
0.144 -3.9437
0.145 -3.93684
0.146 -3.92999
0.147 -3.92314
0.148 -3.91631
0.149 -3.90949
0.15 -3.90268
0.151 -3.89587
0.152 -3.88908
0.153 -3.8823
0.154 -3.87552
0.155 -3.86875
0.156 -3.862
0.157 -3.85525
0.158 -3.84851
0.159 -3.84178
0.16 -3.83506
0.161 -3.82835
0.162 -3.82164
0.163 -3.81495
0.164 -3.80826
0.165 -3.80158
0.166 -3.79491
0.167 -3.78825
0.168 -3.7816
0.169 -3.77495
0.17 -3.76831
0.171 -3.76168
0.172 -3.75506
0.173 -3.74845
0.174 -3.74184
0.175 -3.73524
0.176 -3.72865
0.177 -3.72207
0.178 -3.71549
0.179 -3.70892
0.18 -3.70236
0.181 -3.69581
0.182 -3.68926
0.183 -3.68272
0.184 -3.67619
0.185 -3.66966
0.186 -3.66314
0.187 -3.65663
0.188 -3.65012
0.189 -3.64362
0.19 -3.63713
0.191 -3.63064
0.192 -3.62416
0.193 -3.61769
0.194 -3.61122
0.195 -3.60476
0.196 -3.5983
0.197 -3.59186
0.198 -3.58541
0.199 -3.57897
0.2 -3.57254
0.201 -3.56612
0.202 -3.5597
0.203 -3.55328
0.204 -3.54687
0.205 -3.54047
0.206 -3.53407
0.207 -3.52768
0.208 -3.52129
0.209 -3.51491
0.21 -3.50853
0.211 -3.50216
0.212 -3.49579
0.213 -3.48943
0.214 -3.48307
0.215 -3.47672
0.216 -3.47037
0.217 -3.46402
0.218 -3.45769
0.219 -3.45135
0.22 -3.44502
0.221 -3.4387
0.222 -3.43238
0.223 -3.42606
0.224 -3.41975
0.225 -3.41345
0.226 -3.40714
0.227 -3.40085
0.228 -3.39455
0.229 -3.38826
0.23 -3.38198
0.231 -3.3757
0.232 -3.36942
0.233 -3.36315
0.234 -3.35688
0.235 -3.35061
0.236 -3.34435
0.237 -3.33809
0.238 -3.33184
0.239 -3.32559
0.24 -3.31934
0.241 -3.3131
0.242 -3.30687
0.243 -3.30063
0.244 -3.2944
0.245 -3.28818
0.246 -3.28195
0.247 -3.27573
0.248 -3.26952
0.249 -3.26331
0.25 -3.2571
0.251 -3.2509
0.252 -3.2447
0.253 -3.2385
0.254 -3.23231
0.255 -3.22612
0.256 -3.21993
0.257 -3.21375
0.258 -3.20757
0.259 -3.2014
0.26 -3.19523
0.261 -3.18906
0.262 -3.18289
0.263 -3.17673
0.264 -3.17058
0.265 -3.16443
0.266 -3.15828
0.267 -3.15213
0.268 -3.14599
0.269 -3.13985
0.27 -3.13372
0.271 -3.12759
0.272 -3.12146
0.273 -3.11534
0.274 -3.10922
0.275 -3.10311
0.276 -3.097
0.277 -3.09089
0.278 -3.08479
0.279 -3.07869
0.28 -3.07259
0.281 -3.0665
0.282 -3.06042
0.283 -3.05433
0.284 -3.04826
0.285 -3.04218
0.286 -3.03611
0.287 -3.03004
0.288 -3.02398
0.289 -3.01792
0.29 -3.01187
0.291 -3.00582
0.292 -2.99978
0.293 -2.99374
0.294 -2.9877
0.295 -2.98167
0.296 -2.97564
0.297 -2.96962
0.298 -2.9636
0.299 -2.95759
0.3 -2.95158
0.301 -2.94557
0.302 -2.93957
0.303 -2.93358
0.304 -2.92759
0.305 -2.9216
0.306 -2.91562
0.307 -2.90965
0.308 -2.90368
0.309 -2.89771
0.31 -2.89175
0.311 -2.8858
0.312 -2.87985
0.313 -2.8739
0.314 -2.86796
0.315 -2.86203
0.316 -2.8561
0.317 -2.85017
0.318 -2.84425
0.319 -2.83834
0.32 -2.83243
0.321 -2.82653
0.322 -2.82063
0.323 -2.81474
0.324 -2.80885
0.325 -2.80297
0.326 -2.7971
0.327 -2.79123
0.328 -2.78536
0.329 -2.77951
0.33 -2.77365
0.331 -2.76781
0.332 -2.76197
0.333 -2.75613
0.334 -2.7503
0.335 -2.74448
0.336 -2.73866
0.337 -2.73285
0.338 -2.72704
0.339 -2.72125
0.34 -2.71545
0.341 -2.70966
0.342 -2.70388
0.343 -2.69811
0.344 -2.69234
0.345 -2.68658
0.346 -2.68082
0.347 -2.67507
0.348 -2.66932
0.349 -2.66359
0.35 -2.65785
0.351 -2.65213
0.352 -2.64641
0.353 -2.64069
0.354 -2.63499
0.355 -2.62929
0.356 -2.62359
0.357 -2.6179
0.358 -2.61222
0.359 -2.60655
0.36 -2.60088
0.361 -2.59521
0.362 -2.58955
0.363 -2.5839
0.364 -2.57826
0.365 -2.57262
0.366 -2.56699
0.367 -2.56136
0.368 -2.55574
0.369 -2.55013
0.37 -2.54452
0.371 -2.53892
0.372 -2.53333
0.373 -2.52774
0.374 -2.52216
0.375 -2.51658
0.376 -2.51101
0.377 -2.50544
0.378 -2.49989
0.379 -2.49433
0.38 -2.48879
0.381 -2.48325
0.382 -2.47771
0.383 -2.47219
0.384 -2.46666
0.385 -2.46115
0.386 -2.45564
0.387 -2.45013
0.388 -2.44463
0.389 -2.43914
0.39 -2.43365
0.391 -2.42817
0.392 -2.42269
0.393 -2.41722
0.394 -2.41176
0.395 -2.4063
0.396 -2.40084
0.397 -2.39539
0.398 -2.38995
0.399 -2.38451
0.4 -2.37908
0.401 -2.37365
0.402 -2.36823
0.403 -2.36281
0.404 -2.3574
0.405 -2.35199
0.406 -2.34658
0.407 -2.34119
0.408 -2.33579
0.409 -2.3304
0.41 -2.32502
0.411 -2.31964
0.412 -2.31426
0.413 -2.30889
0.414 -2.30352
0.415 -2.29816
0.416 -2.2928
0.417 -2.28745
0.418 -2.2821
0.419 -2.27675
0.42 -2.27141
0.421 -2.26607
0.422 -2.26073
0.423 -2.2554
0.424 -2.25007
0.425 -2.24475
0.426 -2.23943
0.427 -2.23411
0.428 -2.2288
0.429 -2.22348
0.43 -2.21818
0.431 -2.21287
0.432 -2.20757
0.433 -2.20227
0.434 -2.19697
0.435 -2.19167
0.436 -2.18638
0.437 -2.18109
0.438 -2.1758
0.439 -2.17052
0.44 -2.16523
0.441 -2.15995
0.442 -2.15467
0.443 -2.14939
0.444 -2.14411
0.445 -2.13884
0.446 -2.13356
0.447 -2.12829
0.448 -2.12302
0.449 -2.11775
0.45 -2.11248
0.451 -2.10721
0.452 -2.10194
0.453 -2.09668
0.454 -2.09141
0.455 -2.08614
0.456 -2.08088
0.457 -2.07561
0.458 -2.07035
0.459 -2.06508
0.46 -2.05981
0.461 -2.05455
0.462 -2.04928
0.463 -2.04401
0.464 -2.03875
0.465 -2.03348
0.466 -2.02821
0.467 -2.02294
0.468 -2.01767
0.469 -2.01239
0.47 -2.00712
0.471 -2.00184
0.472 -1.99656
0.473 -1.99129
0.474 -1.986
0.475 -1.98072
0.476 -1.97544
0.477 -1.97015
0.478 -1.96486
0.479 -1.95957
0.48 -1.95427
0.481 -1.94897
0.482 -1.94367
0.483 -1.93837
0.484 -1.93306
0.485 -1.92775
0.486 -1.92244
0.487 -1.91712
0.488 -1.9118
0.489 -1.90647
0.49 -1.90114
0.491 -1.89581
0.492 -1.89047
0.493 -1.88513
0.494 -1.87979
0.495 -1.87443
0.496 -1.86908
0.497 -1.86372
0.498 -1.85835
0.499 -1.85298
0.5 -1.84761
0.501 -1.84222
0.502 -1.83684
0.503 -1.83144
0.504 -1.82605
0.505 -1.82064
0.506 -1.81523
0.507 -1.80981
0.508 -1.80439
0.509 -1.79896
0.51 -1.79352
0.511 -1.78808
0.512 -1.78263
0.513 -1.77717
0.514 -1.77171
0.515 -1.76624
0.516 -1.76076
0.517 -1.75527
0.518 -1.74978
0.519 -1.74427
0.52 -1.73876
0.521 -1.73324
0.522 -1.72772
0.523 -1.72218
0.524 -1.71664
0.525 -1.71109
0.526 -1.70552
0.527 -1.69995
0.528 -1.69438
0.529 -1.68879
0.53 -1.68319
0.531 -1.67758
0.532 -1.67197
0.533 -1.66634
0.534 -1.6607
0.535 -1.65506
0.536 -1.6494
0.537 -1.64374
0.538 -1.63806
0.539 -1.63237
0.54 -1.62668
0.541 -1.62097
0.542 -1.61525
0.543 -1.60952
0.544 -1.60378
0.545 -1.59803
0.546 -1.59227
0.547 -1.58649
0.548 -1.58071
0.549 -1.57491
0.55 -1.5691
0.551 -1.56328
0.552 -1.55745
0.553 -1.5516
0.554 -1.54575
0.555 -1.53988
0.556 -1.534
0.557 -1.52811
0.558 -1.5222
0.559 -1.51628
0.56 -1.51035
0.561 -1.50441
0.562 -1.49846
0.563 -1.49249
0.564 -1.48651
0.565 -1.48051
0.566 -1.47451
0.567 -1.46849
0.568 -1.46245
0.569 -1.45641
0.57 -1.45035
0.571 -1.44427
0.572 -1.43819
0.573 -1.43209
0.574 -1.42597
0.575 -1.41985
0.576 -1.41371
0.577 -1.40755
0.578 -1.40139
0.579 -1.3952
0.58 -1.38901
0.581 -1.3828
0.582 -1.37658
0.583 -1.37034
0.584 -1.36409
0.585 -1.35783
0.586 -1.35155
0.587 -1.34526
0.588 -1.33895
0.589 -1.33264
0.59 -1.3263
0.591 -1.31996
0.592 -1.3136
0.593 -1.30722
0.594 -1.30084
0.595 -1.29444
0.596 -1.28802
0.597 -1.28159
0.598 -1.27515
0.599 -1.2687
0.6 -1.26223
0.601 -1.25575
0.602 -1.24926
0.603 -1.24275
0.604 -1.23623
0.605 -1.2297
0.606 -1.22315
0.607 -1.21659
0.608 -1.21002
0.609 -1.20344
0.61 -1.19684
0.611 -1.19024
0.612 -1.18362
0.613 -1.17699
0.614 -1.17035
0.615 -1.16369
0.616 -1.15703
0.617 -1.15035
0.618 -1.14366
0.619 -1.13697
0.62 -1.13026
0.621 -1.12354
0.622 -1.11681
0.623 -1.11007
0.624 -1.10332
0.625 -1.09657
0.626 -1.0898
0.627 -1.08303
0.628 -1.07624
0.629 -1.06945
0.63 -1.06266
0.631 -1.05585
0.632 -1.04904
0.633 -1.04222
0.634 -1.03539
0.635 -1.02856
0.636 -1.02172
0.637 -1.01487
0.638 -1.00802
0.639 -1.00117
0.64 -0.994314
0.641 -0.987452
0.642 -0.980588
0.643 -0.97372
0.644 -0.96685
0.645 -0.959978
0.646 -0.953105
0.647 -0.94623
0.648 -0.939355
0.649 -0.932481
0.65 -0.925606
0.651 -0.918733
0.652 -0.911861
0.653 -0.904992
0.654 -0.898125
0.655 -0.891262
0.656 -0.884403
0.657 -0.877548
0.658 -0.870699
0.659 -0.863855
0.66 -0.857018
0.661 -0.850187
0.662 -0.843365
0.663 -0.836551
0.664 -0.829746
0.665 -0.822952
0.666 -0.816167
0.667 -0.809395
0.668 -0.802634
0.669 -0.795886
0.67 -0.789151
0.671 -0.782431
0.672 -0.775727
0.673 -0.769038
0.674 -0.762366
0.675 -0.755712
0.676 -0.749076
0.677 -0.742459
0.678 -0.735863
0.679 -0.729288
0.68 -0.722735
0.681 -0.716204
0.682 -0.709698
0.683 -0.703216
0.684 -0.696759
0.685 -0.69033
0.686 -0.683928
0.687 -0.677554
0.688 -0.67121
0.689 -0.664896
0.69 -0.658614
0.691 -0.652364
0.692 -0.646148
0.693 -0.639966
0.694 -0.63382
0.695 -0.62771
0.696 -0.621638
0.697 -0.615604
0.698 -0.609611
0.699 -0.603658
0.7 -0.597747
0.701 -0.591878
0.702 -0.586054
0.703 -0.580275
0.704 -0.574543
0.705 -0.568857
0.706 -0.56322
0.707 -0.557633
0.708 -0.552097
0.709 -0.546612
0.71 -0.54118
0.711 -0.535802
0.712 -0.53048
0.713 -0.525213
0.714 -0.520005
0.715 -0.514855
0.716 -0.509764
0.717 -0.504735
0.718 -0.499767
0.719 -0.494863
0.72 -0.490023
0.721 -0.485249
0.722 -0.480541
0.723 -0.475901
0.724 -0.47133
0.725 -0.466829
0.726 -0.462398
0.727 -0.458041
0.728 -0.453756
0.729 -0.449546
0.73 -0.445411
0.731 -0.441354
0.732 -0.437373
0.733 -0.433472
0.734 -0.429651
0.735 -0.42591
0.736 -0.422252
0.737 -0.418677
0.738 -0.415186
0.739 -0.41178
0.74 -0.40846
0.741 -0.405228
0.742 -0.402083
0.743 -0.399028
0.744 -0.396063
0.745 -0.393189
0.746 -0.390408
0.747 -0.387719
0.748 -0.385124
0.749 -0.382624
0.75 -0.38022
0.751 -0.377912
0.752 -0.375702
0.753 -0.37359
0.754 -0.371577
0.755 -0.369664
0.756 -0.367852
0.757 -0.366142
0.758 -0.364533
0.759 -0.363028
0.76 -0.361626
0.761 -0.360329
0.762 -0.359137
0.763 -0.358051
0.764 -0.357071
0.765 -0.356198
0.766 -0.355433
0.767 -0.354776
0.768 -0.354228
0.769 -0.353789
0.77 -0.35346
0.771 -0.353241
0.772 -0.353133
0.773 -0.353136
0.774 -0.35325
0.775 -0.353477
0.776 -0.353816
0.777 -0.354268
0.778 -0.354833
0.779 -0.355512
0.78 -0.356304
0.781 -0.35721
0.782 -0.35823
0.783 -0.359364
0.784 -0.360613
0.785 -0.361977
0.786 -0.363455
0.787 -0.365049
0.788 -0.366758
0.789 -0.368581
0.79 -0.37052
0.791 -0.372574
0.792 -0.374743
0.793 -0.377027
0.794 -0.379426
0.795 -0.38194
0.796 -0.384569
0.797 -0.387313
0.798 -0.390171
0.799 -0.393144
0.8 -0.39623
0.801 -0.399431
0.802 -0.402745
0.803 -0.406173
0.804 -0.409714
0.805 -0.413367
0.806 -0.417133
0.807 -0.421011
0.808 -0.425
0.809 -0.429101
0.81 -0.433312
0.811 -0.437634
0.812 -0.442065
0.813 -0.446606
0.814 -0.451255
0.815 -0.456013
0.816 -0.460878
0.817 -0.46585
0.818 -0.470929
0.819 -0.476113
0.82 -0.481402
0.821 -0.486796
0.822 -0.492294
0.823 -0.497894
0.824 -0.503597
0.825 -0.509401
0.826 -0.515306
0.827 -0.521311
0.828 -0.527415
0.829 -0.533618
0.83 -0.539917
0.831 -0.546314
0.832 -0.552805
0.833 -0.559392
0.834 -0.566073
0.835 -0.572846
0.836 -0.579712
0.837 -0.586669
0.838 -0.593715
0.839 -0.600851
0.84 -0.608075
0.841 -0.615386
0.842 -0.622783
0.843 -0.630266
0.844 -0.637832
0.845 -0.645481
0.846 -0.653212
0.847 -0.661023
0.848 -0.668915
0.849 -0.676885
0.85 -0.684932
0.851 -0.693056
0.852 -0.701255
0.853 -0.709528
0.854 -0.717874
0.855 -0.726292
0.856 -0.73478
0.857 -0.743338
0.858 -0.751965
0.859 -0.760658
0.86 -0.769418
0.861 -0.778242
0.862 -0.78713
0.863 -0.79608
0.864 -0.805092
0.865 -0.814163
0.866 -0.823294
0.867 -0.832482
0.868 -0.841726
0.869 -0.851026
0.87 -0.86038
0.871 -0.869786
0.872 -0.879244
0.873 -0.888753
0.874 -0.898311
0.875 -0.907917
0.876 -0.917569
0.877 -0.927268
0.878 -0.93701
0.879 -0.946796
0.88 -0.956624
0.881 -0.966493
0.882 -0.976401
0.883 -0.986348
0.884 -0.996332
0.885 -1.00635
0.886 -1.01641
0.887 -1.0265
0.888 -1.03662
0.889 -1.04677
0.89 -1.05696
0.891 -1.06717
0.892 -1.07741
0.893 -1.08768
0.894 -1.09797
0.895 -1.10829
0.896 -1.11863
0.897 -1.129
0.898 -1.13938
0.899 -1.14979
0.9 -1.16022
0.901 -1.17066
0.902 -1.18112
0.903 -1.1916
0.904 -1.20209
0.905 -1.2126
0.906 -1.22312
0.907 -1.23365
0.908 -1.2442
0.909 -1.25475
0.91 -1.26531
0.911 -1.27589
0.912 -1.28646
0.913 -1.29705
0.914 -1.30764
0.915 -1.31823
0.916 -1.32883
0.917 -1.33943
0.918 -1.35004
0.919 -1.36064
0.92 -1.37125
0.921 -1.38185
0.922 -1.39245
0.923 -1.40305
0.924 -1.41365
0.925 -1.42424
0.926 -1.43483
0.927 -1.44541
0.928 -1.45599
0.929 -1.46656
0.93 -1.47712
0.931 -1.48767
0.932 -1.49822
0.933 -1.50875
0.934 -1.51928
0.935 -1.52979
0.936 -1.54029
0.937 -1.55078
0.938 -1.56125
0.939 -1.57171
0.94 -1.58216
0.941 -1.59259
0.942 -1.60301
0.943 -1.61341
0.944 -1.62379
0.945 -1.63416
0.946 -1.64451
0.947 -1.65484
0.948 -1.66515
0.949 -1.67544
0.95 -1.68571
0.951 -1.69596
0.952 -1.70619
0.953 -1.7164
0.954 -1.72659
0.955 -1.73676
0.956 -1.7469
0.957 -1.75702
0.958 -1.76711
0.959 -1.77719
0.96 -1.78724
0.961 -1.79726
0.962 -1.80726
0.963 -1.81723
0.964 -1.82718
0.965 -1.8371
0.966 -1.847
0.967 -1.85687
0.968 -1.86671
0.969 -1.87652
0.97 -1.88631
0.971 -1.89607
0.972 -1.9058
0.973 -1.91551
0.974 -1.92518
0.975 -1.93483
0.976 -1.94445
0.977 -1.95403
0.978 -1.96359
0.979 -1.97312
0.98 -1.98262
0.981 -1.99209
0.982 -2.00153
0.983 -2.01094
0.984 -2.02031
0.985 -2.02966
0.986 -2.03898
0.987 -2.04826
0.988 -2.05752
0.989 -2.06674
0.99 -2.07593
0.991 -2.08509
0.992 -2.09422
0.993 -2.10332
0.994 -2.11238
0.995 -2.12142
0.996 -2.13042
0.997 -2.13939
0.998 -2.14833
0.999 -2.15723
1 -2.16611
1.001 -10
