0 5
0.001 3.19633
0.002 3.19496
0.003 3.19359
0.004 3.19224
0.005 3.19089
0.006 3.18954
0.007 3.18821
0.008 3.18688
0.009 3.18556
0.01 3.18425
0.011 3.18295
0.012 3.18166
0.013 3.18037
0.014 3.17909
0.015 3.17782
0.016 3.17656
0.017 3.17531
0.018 3.17407
0.019 3.17283
0.02 3.17161
0.021 3.17039
0.022 3.16918
0.023 3.16798
0.024 3.16679
0.025 3.16561
0.026 3.16444
0.027 3.16328
0.028 3.16213
0.029 3.16099
0.03 3.15985
0.031 3.15873
0.032 3.15761
0.033 3.15651
0.034 3.15541
0.035 3.15433
0.036 3.15325
0.037 3.15219
0.038 3.15113
0.039 3.15009
0.04 3.14905
0.041 3.14802
0.042 3.14701
0.043 3.146
0.044 3.14501
0.045 3.14402
0.046 3.14305
0.047 3.14209
0.048 3.14113
0.049 3.14019
0.05 3.13926
0.051 3.13833
0.052 3.13742
0.053 3.13652
0.054 3.13563
0.055 3.13475
0.056 3.13388
0.057 3.13303
0.058 3.13218
0.059 3.13134
0.06 3.13052
0.061 3.1297
0.062 3.1289
0.063 3.12811
0.064 3.12732
0.065 3.12655
0.066 3.12579
0.067 3.12504
0.068 3.12431
0.069 3.12358
0.07 3.12286
0.071 3.12216
0.072 3.12147
0.073 3.12078
0.074 3.12011
0.075 3.11945
0.076 3.1188
0.077 3.11817
0.078 3.11754
0.079 3.11692
0.08 3.11632
0.081 3.11573
0.082 3.11514
0.083 3.11457
0.084 3.11401
0.085 3.11346
0.086 3.11293
0.087 3.1124
0.088 3.11188
0.089 3.11138
0.09 3.11089
0.091 3.1104
0.092 3.10993
0.093 3.10947
0.094 3.10902
0.095 3.10859
0.096 3.10816
0.097 3.10774
0.098 3.10734
0.099 3.10694
0.1 3.10656
0.101 3.10619
0.102 3.10583
0.103 3.10548
0.104 3.10514
0.105 3.10481
0.106 3.10449
0.107 3.10418
0.108 3.10389
0.109 3.1036
0.11 3.10333
0.111 3.10306
0.112 3.10281
0.113 3.10256
0.114 3.10233
0.115 3.10211
0.116 3.10189
0.117 3.10169
0.118 3.1015
0.119 3.10132
0.12 3.10115
0.121 3.10099
0.122 3.10084
0.123 3.1007
0.124 3.10056
0.125 3.10044
0.126 3.10033
0.127 3.10023
0.128 3.10014
0.129 3.10006
0.13 3.09999
0.131 3.09993
0.132 3.09988
0.133 3.09983
0.134 3.0998
0.135 3.09978
0.136 3.09977
0.137 3.09976
0.138 3.09977
0.139 3.09978
0.14 3.09981
0.141 3.09984
0.142 3.09988
0.143 3.09993
0.144 3.09999
0.145 3.10006
0.146 3.10014
0.147 3.10023
0.148 3.10032
0.149 3.10043
0.15 3.10054
0.151 3.10066
0.152 3.1008
0.153 3.10093
0.154 3.10108
0.155 3.10124
0.156 3.1014
0.157 3.10158
0.158 3.10176
0.159 3.10195
0.16 3.10214
0.161 3.10235
0.162 3.10256
0.163 3.10279
0.164 3.10302
0.165 3.10325
0.166 3.1035
0.167 3.10375
0.168 3.10401
0.169 3.10428
0.17 3.10456
0.171 3.10484
0.172 3.10513
0.173 3.10543
0.174 3.10573
0.175 3.10605
0.176 3.10637
0.177 3.10669
0.178 3.10703
0.179 3.10737
0.18 3.10772
0.181 3.10807
0.182 3.10844
0.183 3.10881
0.184 3.10918
0.185 3.10956
0.186 3.10995
0.187 3.11035
0.188 3.11075
0.189 3.11116
0.19 3.11157
0.191 3.112
0.192 3.11242
0.193 3.11286
0.194 3.1133
0.195 3.11374
0.196 3.1142
0.197 3.11466
0.198 3.11512
0.199 3.11559
0.2 3.11607
0.201 3.11655
0.202 3.11704
0.203 3.11753
0.204 3.11803
0.205 3.11854
0.206 3.11905
0.207 3.11956
0.208 3.12008
0.209 3.12061
0.21 3.12114
0.211 3.12168
0.212 3.12222
0.213 3.12277
0.214 3.12333
0.215 3.12388
0.216 3.12445
0.217 3.12502
0.218 3.12559
0.219 3.12617
0.22 3.12675
0.221 3.12734
0.222 3.12793
0.223 3.12853
0.224 3.12913
0.225 3.12974
0.226 3.13035
0.227 3.13096
0.228 3.13158
0.229 3.13221
0.23 3.13284
0.231 3.13347
0.232 3.13411
0.233 3.13475
0.234 3.13539
0.235 3.13604
0.236 3.1367
0.237 3.13735
0.238 3.13801
0.239 3.13868
0.24 3.13935
0.241 3.14002
0.242 3.1407
0.243 3.14138
0.244 3.14206
0.245 3.14275
0.246 3.14344
0.247 3.14414
0.248 3.14483
0.249 3.14554
0.25 3.14624
0.251 3.14695
0.252 3.14766
0.253 3.14837
0.254 3.14909
0.255 3.14981
0.256 3.15054
0.257 3.15126
0.258 3.15199
0.259 3.15273
0.26 3.15346
0.261 3.1542
0.262 3.15494
0.263 3.15568
0.264 3.15643
0.265 3.15718
0.266 3.15793
0.267 3.15869
0.268 3.15944
0.269 3.1602
0.27 3.16096
0.271 3.16172
0.272 3.16249
0.273 3.16326
0.274 3.16403
0.275 3.1648
0.276 3.16557
0.277 3.16635
0.278 3.16713
0.279 3.16791
0.28 3.16869
0.281 3.16947
0.282 3.17026
0.283 3.17105
0.284 3.17183
0.285 3.17262
0.286 3.17342
0.287 3.17421
0.288 3.175
0.289 3.1758
0.29 3.1766
0.291 3.1774
0.292 3.1782
0.293 3.179
0.294 3.1798
0.295 3.1806
0.296 3.18141
0.297 3.18221
0.298 3.18302
0.299 3.18383
0.3 3.18463
0.301 3.18544
0.302 3.18625
0.303 3.18706
0.304 3.18787
0.305 3.18869
0.306 3.1895
0.307 3.19031
0.308 3.19112
0.309 3.19194
0.31 3.19275
0.311 3.19356
0.312 3.19438
0.313 3.19519
0.314 3.19601
0.315 3.19682
0.316 3.19764
0.317 3.19845
0.318 3.19927
0.319 3.20008
0.32 3.2009
0.321 3.20171
0.322 3.20253
0.323 3.20334
0.324 3.20415
0.325 3.20497
0.326 3.20578
0.327 3.20659
0.328 3.20741
0.329 3.20822
0.33 3.20903
0.331 3.20984
0.332 3.21065
0.333 3.21146
0.334 3.21227
0.335 3.21308
0.336 3.21388
0.337 3.21469
0.338 3.2155
0.339 3.2163
0.34 3.21711
0.341 3.21791
0.342 3.21871
0.343 3.21951
0.344 3.22031
0.345 3.22111
0.346 3.22191
0.347 3.2227
0.348 3.2235
0.349 3.22429
0.35 3.22508
0.351 3.22587
0.352 3.22666
0.353 3.22745
0.354 3.22824
0.355 3.22902
0.356 3.22981
0.357 3.23059
0.358 3.23137
0.359 3.23215
0.36 3.23293
0.361 3.2337
0.362 3.23448
0.363 3.23525
0.364 3.23602
0.365 3.23679
0.366 3.23756
0.367 3.23832
0.368 3.23908
0.369 3.23985
0.37 3.2406
0.371 3.24136
0.372 3.24212
0.373 3.24287
0.374 3.24362
0.375 3.24437
0.376 3.24512
0.377 3.24587
0.378 3.24661
0.379 3.24735
0.38 3.24809
0.381 3.24883
0.382 3.24956
0.383 3.25029
0.384 3.25103
0.385 3.25175
0.386 3.25248
0.387 3.2532
0.388 3.25392
0.389 3.25464
0.39 3.25536
0.391 3.25608
0.392 3.25679
0.393 3.2575
0.394 3.25821
0.395 3.25891
0.396 3.25961
0.397 3.26031
0.398 3.26101
0.399 3.26171
0.4 3.2624
0.401 3.26309
0.402 3.26378
0.403 3.26446
0.404 3.26515
0.405 3.26583
0.406 3.26651
0.407 3.26718
0.408 3.26785
0.409 3.26852
0.41 3.26919
0.411 3.26986
0.412 3.27052
0.413 3.27118
0.414 3.27184
0.415 3.27249
0.416 3.27315
0.417 3.2738
0.418 3.27444
0.419 3.27509
0.42 3.27573
0.421 3.27637
0.422 3.27701
0.423 3.27764
0.424 3.27827
0.425 3.2789
0.426 3.27953
0.427 3.28015
0.428 3.28077
0.429 3.28139
0.43 3.28201
0.431 3.28262
0.432 3.28323
0.433 3.28384
0.434 3.28445
0.435 3.28505
0.436 3.28565
0.437 3.28625
0.438 3.28684
0.439 3.28743
0.44 3.28802
0.441 3.28861
0.442 3.2892
0.443 3.28978
0.444 3.29036
0.445 3.29093
0.446 3.29151
0.447 3.29208
0.448 3.29265
0.449 3.29321
0.45 3.29378
0.451 3.29434
0.452 3.2949
0.453 3.29545
0.454 3.29601
0.455 3.29656
0.456 3.29711
0.457 3.29765
0.458 3.2982
0.459 3.29874
0.46 3.29927
0.461 3.29981
0.462 3.30034
0.463 3.30087
0.464 3.3014
0.465 3.30193
0.466 3.30245
0.467 3.30297
0.468 3.30349
0.469 3.304
0.47 3.30452
0.471 3.30503
0.472 3.30554
0.473 3.30604
0.474 3.30654
0.475 3.30705
0.476 3.30754
0.477 3.30804
0.478 3.30853
0.479 3.30902
0.48 3.30951
0.481 3.31
0.482 3.31048
0.483 3.31096
0.484 3.31144
0.485 3.31192
0.486 3.31239
0.487 3.31287
0.488 3.31334
0.489 3.3138
0.49 3.31427
0.491 3.31473
0.492 3.31519
0.493 3.31565
0.494 3.3161
0.495 3.31656
0.496 3.31701
0.497 3.31746
0.498 3.3179
0.499 3.31835
0.5 3.31879
0.501 3.31923
0.502 3.31967
0.503 3.3201
0.504 3.32053
0.505 3.32097
0.506 3.32139
0.507 3.32182
0.508 3.32224
0.509 3.32267
0.51 3.32309
0.511 3.3235
0.512 3.32392
0.513 3.32433
0.514 3.32474
0.515 3.32515
0.516 3.32556
0.517 3.32596
0.518 3.32637
0.519 3.32677
0.52 3.32716
0.521 3.32756
0.522 3.32795
0.523 3.32835
0.524 3.32874
0.525 3.32912
0.526 3.32951
0.527 3.32989
0.528 3.33027
0.529 3.33065
0.53 3.33103
0.531 3.33141
0.532 3.33178
0.533 3.33215
0.534 3.33252
0.535 3.33289
0.536 3.33325
0.537 3.33361
0.538 3.33398
0.539 3.33433
0.54 3.33469
0.541 3.33505
0.542 3.3354
0.543 3.33575
0.544 3.3361
0.545 3.33644
0.546 3.33679
0.547 3.33713
0.548 3.33747
0.549 3.33781
0.55 3.33815
0.551 3.33848
0.552 3.33881
0.553 3.33914
0.554 3.33947
0.555 3.3398
0.556 3.34012
0.557 3.34044
0.558 3.34076
0.559 3.34108
0.56 3.3414
0.561 3.34171
0.562 3.34202
0.563 3.34233
0.564 3.34264
0.565 3.34294
0.566 3.34325
0.567 3.34355
0.568 3.34385
0.569 3.34414
0.57 3.34444
0.571 3.34473
0.572 3.34502
0.573 3.34531
0.574 3.3456
0.575 3.34588
0.576 3.34616
0.577 3.34644
0.578 3.34672
0.579 3.34699
0.58 3.34726
0.581 3.34753
0.582 3.3478
0.583 3.34807
0.584 3.34833
0.585 3.34859
0.586 3.34885
0.587 3.34911
0.588 3.34936
0.589 3.34961
0.59 3.34986
0.591 3.35011
0.592 3.35035
0.593 3.35059
0.594 3.35083
0.595 3.35107
0.596 3.3513
0.597 3.35153
0.598 3.35176
0.599 3.35198
0.6 3.35221
0.601 3.35243
0.602 3.35264
0.603 3.35286
0.604 3.35307
0.605 3.35328
0.606 3.35348
0.607 3.35368
0.608 3.35388
0.609 3.35408
0.61 3.35427
0.611 3.35446
0.612 3.35464
0.613 3.35483
0.614 3.35501
0.615 3.35518
0.616 3.35536
0.617 3.35552
0.618 3.35569
0.619 3.35585
0.62 3.35601
0.621 3.35616
0.622 3.35632
0.623 3.35646
0.624 3.3566
0.625 3.35674
0.626 3.35688
0.627 3.35701
0.628 3.35713
0.629 3.35726
0.63 3.35737
0.631 3.35749
0.632 3.3576
0.633 3.3577
0.634 3.3578
0.635 3.3579
0.636 3.35799
0.637 3.35807
0.638 3.35815
0.639 3.35823
0.64 3.3583
0.641 3.35836
0.642 3.35842
0.643 3.35847
0.644 3.35852
0.645 3.35856
0.646 3.3586
0.647 3.35863
0.648 3.35866
0.649 3.35868
0.65 3.35869
0.651 3.3587
0.652 3.3587
0.653 3.35869
0.654 3.35868
0.655 3.35866
0.656 3.35863
0.657 3.3586
0.658 3.35856
0.659 3.35851
0.66 3.35846
0.661 3.35839
0.662 3.35833
0.663 3.35825
0.664 3.35816
0.665 3.35807
0.666 3.35797
0.667 3.35786
0.668 3.35774
0.669 3.35762
0.67 3.35749
0.671 3.35734
0.672 3.35719
0.673 3.35703
0.674 3.35686
0.675 3.35668
0.676 3.3565
0.677 3.3563
0.678 3.35609
0.679 3.35588
0.68 3.35565
0.681 3.35541
0.682 3.35517
0.683 3.35491
0.684 3.35464
0.685 3.35436
0.686 3.35408
0.687 3.35378
0.688 3.35347
0.689 3.35315
0.69 3.35281
0.691 3.35247
0.692 3.35212
0.693 3.35175
0.694 3.35137
0.695 3.35098
0.696 3.35058
0.697 3.35016
0.698 3.34974
0.699 3.3493
0.7 3.34885
0.701 3.34838
0.702 3.34791
0.703 3.34742
0.704 3.34691
0.705 3.3464
0.706 3.34587
0.707 3.34533
0.708 3.34477
0.709 3.3442
0.71 3.34362
0.711 3.34303
0.712 3.34242
0.713 3.34179
0.714 3.34115
0.715 3.3405
0.716 3.33984
0.717 3.33916
0.718 3.33846
0.719 3.33776
0.72 3.33703
0.721 3.3363
0.722 3.33555
0.723 3.33478
0.724 3.334
0.725 3.3332
0.726 3.33239
0.727 3.33157
0.728 3.33073
0.729 3.32988
0.73 3.32901
0.731 3.32813
0.732 3.32723
0.733 3.32632
0.734 3.32539
0.735 3.32445
0.736 3.32349
0.737 3.32252
0.738 3.32154
0.739 3.32054
0.74 3.31953
0.741 3.3185
0.742 3.31745
0.743 3.3164
0.744 3.31533
0.745 3.31424
0.746 3.31314
0.747 3.31203
0.748 3.3109
0.749 3.30976
0.75 3.30861
0.751 3.30744
0.752 3.30626
0.753 3.30507
0.754 3.30386
0.755 3.30264
0.756 3.30141
0.757 3.30017
0.758 3.29891
0.759 3.29764
0.76 3.29636
0.761 3.29506
0.762 3.29376
0.763 3.29244
0.764 3.29112
0.765 3.28978
0.766 3.28843
0.767 3.28707
0.768 3.2857
0.769 3.28432
0.77 3.28293
0.771 3.28153
0.772 3.28012
0.773 3.2787
0.774 3.27728
0.775 3.27584
0.776 3.2744
0.777 3.27295
0.778 3.27149
0.779 3.27002
0.78 3.26855
0.781 3.26707
0.782 3.26558
0.783 3.26408
0.784 3.26259
0.785 3.26108
0.786 3.25957
0.787 3.25805
0.788 3.25654
0.789 3.25501
0.79 3.25348
0.791 3.25195
0.792 3.25042
0.793 3.24888
0.794 3.24734
0.795 3.24579
0.796 3.24425
0.797 3.2427
0.798 3.24115
0.799 3.2396
0.8 3.23805
0.801 3.2365
0.802 3.23495
0.803 3.2334
0.804 3.23184
0.805 3.23029
0.806 3.22875
0.807 3.2272
0.808 3.22565
0.809 3.22411
0.81 3.22257
0.811 3.22103
0.812 3.2195
0.813 3.21797
0.814 3.21644
0.815 3.21492
0.816 3.2134
0.817 3.21188
0.818 3.21037
0.819 3.20887
0.82 3.20737
0.821 3.20587
0.822 3.20439
0.823 3.20291
0.824 3.20143
0.825 3.19996
0.826 3.1985
0.827 3.19705
0.828 3.1956
0.829 3.19417
0.83 3.19274
0.831 3.19131
0.832 3.1899
0.833 3.1885
0.834 3.1871
0.835 3.18572
0.836 3.18434
0.837 3.18297
0.838 3.18162
0.839 3.18027
0.84 3.17893
0.841 3.1776
0.842 3.17629
0.843 3.17498
0.844 3.17369
0.845 3.1724
0.846 3.17113
0.847 3.16987
0.848 3.16862
0.849 3.16738
0.85 3.16615
0.851 3.16494
0.852 3.16373
0.853 3.16254
0.854 3.16136
0.855 3.1602
0.856 3.15904
0.857 3.1579
0.858 3.15677
0.859 3.15565
0.86 3.15455
0.861 3.15345
0.862 3.15237
0.863 3.15131
0.864 3.15025
0.865 3.14921
0.866 3.14818
0.867 3.14717
0.868 3.14616
0.869 3.14517
0.87 3.1442
0.871 3.14323
0.872 3.14228
0.873 3.14134
0.874 3.14042
0.875 3.1395
0.876 3.1386
0.877 3.13772
0.878 3.13684
0.879 3.13598
0.88 3.13513
0.881 3.1343
0.882 3.13347
0.883 3.13266
0.884 3.13187
0.885 3.13108
0.886 3.13031
0.887 3.12955
0.888 3.1288
0.889 3.12807
0.89 3.12734
0.891 3.12663
0.892 3.12594
0.893 3.12525
0.894 3.12458
0.895 3.12391
0.896 3.12326
0.897 3.12262
0.898 3.122
0.899 3.12138
0.9 3.12078
0.901 3.12019
0.902 3.11961
0.903 3.11904
0.904 3.11848
0.905 3.11793
0.906 3.11739
0.907 3.11687
0.908 3.11635
0.909 3.11585
0.91 3.11536
0.911 3.11487
0.912 3.1144
0.913 3.11394
0.914 3.11349
0.915 3.11305
0.916 3.11262
0.917 3.11219
0.918 3.11178
0.919 3.11138
0.92 3.11099
0.921 3.1106
0.922 3.11023
0.923 3.10987
0.924 3.10951
0.925 3.10916
0.926 3.10883
0.927 3.1085
0.928 3.10818
0.929 3.10787
0.93 3.10756
0.931 3.10727
0.932 3.10698
0.933 3.10671
0.934 3.10644
0.935 3.10618
0.936 3.10592
0.937 3.10568
0.938 3.10544
0.939 3.10521
0.94 3.10498
0.941 3.10477
0.942 3.10456
0.943 3.10436
0.944 3.10416
0.945 3.10397
0.946 3.10379
0.947 3.10362
0.948 3.10345
0.949 3.10329
0.95 3.10314
0.951 3.10299
0.952 3.10285
0.953 3.10271
0.954 3.10258
0.955 3.10246
0.956 3.10234
0.957 3.10223
0.958 3.10213
0.959 3.10203
0.96 3.10193
0.961 3.10184
0.962 3.10176
0.963 3.10168
0.964 3.10161
0.965 3.10154
0.966 3.10148
0.967 3.10142
0.968 3.10137
0.969 3.10132
0.97 3.10128
0.971 3.10124
0.972 3.1012
0.973 3.10117
0.974 3.10115
0.975 3.10113
0.976 3.10111
0.977 3.1011
0.978 3.10109
0.979 3.10109
0.98 3.10109
0.981 3.10109
0.982 3.1011
0.983 3.10111
0.984 3.10113
0.985 3.10115
0.986 3.10117
0.987 3.1012
0.988 3.10123
0.989 3.10126
0.99 3.1013
0.991 3.10134
0.992 3.10138
0.993 3.10143
0.994 3.10148
0.995 3.10153
0.996 3.10158
0.997 3.10164
0.998 3.1017
0.999 3.10177
1 3.10184
1.001 5
