0 0
0.001 0.832402
0.002 0.836796
0.003 0.841183
0.004 0.845563
0.005 0.849936
0.006 0.854301
0.007 0.85866
0.008 0.86301
0.009 0.867353
0.01 0.871689
0.011 0.876017
0.012 0.880337
0.013 0.88465
0.014 0.888954
0.015 0.893251
0.016 0.89754
0.017 0.90182
0.018 0.906093
0.019 0.910357
0.02 0.914613
0.021 0.918861
0.022 0.9231
0.023 0.927331
0.024 0.931553
0.025 0.935767
0.026 0.939972
0.027 0.944168
0.028 0.948356
0.029 0.952535
0.03 0.956705
0.031 0.960867
0.032 0.965019
0.033 0.969163
0.034 0.973298
0.035 0.977423
0.036 0.98154
0.037 0.985647
0.038 0.989746
0.039 0.993835
0.04 0.997915
0.041 1.00199
0.042 1.00605
0.043 1.0101
0.044 1.01414
0.045 1.01818
0.046 1.0222
0.047 1.02622
0.048 1.03022
0.049 1.03422
0.05 1.03821
0.051 1.04219
0.052 1.04616
0.053 1.05011
0.054 1.05406
0.055 1.05801
0.056 1.06194
0.057 1.06586
0.058 1.06977
0.059 1.07368
0.06 1.07757
0.061 1.08145
0.062 1.08533
0.063 1.0892
0.064 1.09305
0.065 1.0969
0.066 1.10074
0.067 1.10457
0.068 1.10839
0.069 1.1122
0.07 1.116
0.071 1.1198
0.072 1.12358
0.073 1.12736
0.074 1.13112
0.075 1.13488
0.076 1.13863
0.077 1.14237
0.078 1.1461
0.079 1.14982
0.08 1.15353
0.081 1.15724
0.082 1.16093
0.083 1.16462
0.084 1.1683
0.085 1.17197
0.086 1.17563
0.087 1.17928
0.088 1.18293
0.089 1.18657
0.09 1.19019
0.091 1.19382
0.092 1.19743
0.093 1.20103
0.094 1.20463
0.095 1.20822
0.096 1.2118
0.097 1.21537
0.098 1.21894
0.099 1.22249
0.1 1.22604
0.101 1.22959
0.102 1.23312
0.103 1.23665
0.104 1.24017
0.105 1.24368
0.106 1.24719
0.107 1.25069
0.108 1.25418
0.109 1.25767
0.11 1.26115
0.111 1.26462
0.112 1.26808
0.113 1.27154
0.114 1.27499
0.115 1.27844
0.116 1.28188
0.117 1.28531
0.118 1.28874
0.119 1.29216
0.12 1.29557
0.121 1.29898
0.122 1.30238
0.123 1.30578
0.124 1.30917
0.125 1.31256
0.126 1.31594
0.127 1.31931
0.128 1.32268
0.129 1.32604
0.13 1.3294
0.131 1.33276
0.132 1.33611
0.133 1.33945
0.134 1.34279
0.135 1.34612
0.136 1.34945
0.137 1.35278
0.138 1.35609
0.139 1.35941
0.14 1.36272
0.141 1.36603
0.142 1.36933
0.143 1.37263
0.144 1.37592
0.145 1.37921
0.146 1.3825
0.147 1.38578
0.148 1.38906
0.149 1.39234
0.15 1.39561
0.151 1.39888
0.152 1.40214
0.153 1.4054
0.154 1.40866
0.155 1.41192
0.156 1.41517
0.157 1.41842
0.158 1.42167
0.159 1.42491
0.16 1.42815
0.161 1.43139
0.162 1.43462
0.163 1.43786
0.164 1.44109
0.165 1.44432
0.166 1.44754
0.167 1.45077
0.168 1.45399
0.169 1.45721
0.17 1.46043
0.171 1.46364
0.172 1.46686
0.173 1.47007
0.174 1.47328
0.175 1.47649
0.176 1.4797
0.177 1.4829
0.178 1.48611
0.179 1.48931
0.18 1.49251
0.181 1.49572
0.182 1.49892
0.183 1.50212
0.184 1.50531
0.185 1.50851
0.186 1.51171
0.187 1.51491
0.188 1.5181
0.189 1.5213
0.19 1.52449
0.191 1.52769
0.192 1.53088
0.193 1.53408
0.194 1.53727
0.195 1.54046
0.196 1.54366
0.197 1.54685
0.198 1.55005
0.199 1.55324
0.2 1.55644
0.201 1.55963
0.202 1.56283
0.203 1.56602
0.204 1.56922
0.205 1.57242
0.206 1.57561
0.207 1.57881
0.208 1.58201
0.209 1.58521
0.21 1.58841
0.211 1.59162
0.212 1.59482
0.213 1.59803
0.214 1.60123
0.215 1.60444
0.216 1.60765
0.217 1.61086
0.218 1.61407
0.219 1.61728
0.22 1.6205
0.221 1.62371
0.222 1.62693
0.223 1.63015
0.224 1.63337
0.225 1.6366
0.226 1.63982
0.227 1.64305
0.228 1.64628
0.229 1.64951
0.23 1.65275
0.231 1.65598
0.232 1.65922
0.233 1.66247
0.234 1.66571
0.235 1.66896
0.236 1.67221
0.237 1.67546
0.238 1.67871
0.239 1.68197
0.24 1.68523
0.241 1.68849
0.242 1.69176
0.243 1.69503
0.244 1.6983
0.245 1.70158
0.246 1.70485
0.247 1.70814
0.248 1.71142
0.249 1.71471
0.25 1.718
0.251 1.7213
0.252 1.7246
0.253 1.7279
0.254 1.7312
0.255 1.73451
0.256 1.73783
0.257 1.74114
0.258 1.74446
0.259 1.74779
0.26 1.75112
0.261 1.75445
0.262 1.75778
0.263 1.76113
0.264 1.76447
0.265 1.76782
0.266 1.77117
0.267 1.77453
0.268 1.77789
0.269 1.78125
0.27 1.78462
0.271 1.788
0.272 1.79138
0.273 1.79476
0.274 1.79815
0.275 1.80154
0.276 1.80494
0.277 1.80834
0.278 1.81174
0.279 1.81515
0.28 1.81857
0.281 1.82199
0.282 1.82542
0.283 1.82885
0.284 1.83228
0.285 1.83572
0.286 1.83916
0.287 1.84261
0.288 1.84607
0.289 1.84953
0.29 1.85299
0.291 1.85646
0.292 1.85994
0.293 1.86342
0.294 1.86691
0.295 1.8704
0.296 1.87389
0.297 1.87739
0.298 1.8809
0.299 1.88441
0.3 1.88793
0.301 1.89145
0.302 1.89498
0.303 1.89852
0.304 1.90205
0.305 1.9056
0.306 1.90915
0.307 1.91271
0.308 1.91627
0.309 1.91983
0.31 1.92341
0.311 1.92699
0.312 1.93057
0.313 1.93416
0.314 1.93776
0.315 1.94136
0.316 1.94496
0.317 1.94858
0.318 1.9522
0.319 1.95582
0.32 1.95945
0.321 1.96309
0.322 1.96673
0.323 1.97038
0.324 1.97403
0.325 1.97769
0.326 1.98136
0.327 1.98503
0.328 1.98871
0.329 1.99239
0.33 1.99608
0.331 1.99978
0.332 2.00348
0.333 2.00719
0.334 2.0109
0.335 2.01462
0.336 2.01835
0.337 2.02208
0.338 2.02582
0.339 2.02957
0.34 2.03332
0.341 2.03707
0.342 2.04084
0.343 2.04461
0.344 2.04838
0.345 2.05217
0.346 2.05595
0.347 2.05975
0.348 2.06355
0.349 2.06736
0.35 2.07117
0.351 2.07499
0.352 2.07882
0.353 2.08265
0.354 2.08649
0.355 2.09033
0.356 2.09419
0.357 2.09804
0.358 2.10191
0.359 2.10578
0.36 2.10966
0.361 2.11354
0.362 2.11743
0.363 2.12133
0.364 2.12523
0.365 2.12914
0.366 2.13306
0.367 2.13698
0.368 2.14091
0.369 2.14485
0.37 2.14879
0.371 2.15274
0.372 2.15669
0.373 2.16066
0.374 2.16463
0.375 2.1686
0.376 2.17258
0.377 2.17657
0.378 2.18057
0.379 2.18457
0.38 2.18858
0.381 2.1926
0.382 2.19662
0.383 2.20065
0.384 2.20469
0.385 2.20873
0.386 2.21278
0.387 2.21684
0.388 2.22091
0.389 2.22498
0.39 2.22906
0.391 2.23314
0.392 2.23724
0.393 2.24134
0.394 2.24544
0.395 2.24956
0.396 2.25368
0.397 2.25781
0.398 2.26194
0.399 2.26609
0.4 2.27024
0.401 2.2744
0.402 2.27856
0.403 2.28273
0.404 2.28691
0.405 2.2911
0.406 2.2953
0.407 2.2995
0.408 2.30371
0.409 2.30793
0.41 2.31215
0.411 2.31639
0.412 2.32063
0.413 2.32488
0.414 2.32913
0.415 2.3334
0.416 2.33767
0.417 2.34195
0.418 2.34624
0.419 2.35053
0.42 2.35484
0.421 2.35915
0.422 2.36347
0.423 2.3678
0.424 2.37214
0.425 2.37649
0.426 2.38084
0.427 2.3852
0.428 2.38957
0.429 2.39395
0.43 2.39834
0.431 2.40274
0.432 2.40715
0.433 2.41156
0.434 2.41598
0.435 2.42042
0.436 2.42486
0.437 2.42931
0.438 2.43377
0.439 2.43824
0.44 2.44272
0.441 2.4472
0.442 2.4517
0.443 2.45621
0.444 2.46072
0.445 2.46525
0.446 2.46979
0.447 2.47433
0.448 2.47889
0.449 2.48345
0.45 2.48803
0.451 2.49261
0.452 2.49721
0.453 2.50182
0.454 2.50643
0.455 2.51106
0.456 2.5157
0.457 2.52034
0.458 2.525
0.459 2.52967
0.46 2.53435
0.461 2.53905
0.462 2.54375
0.463 2.54846
0.464 2.55319
0.465 2.55792
0.466 2.56267
0.467 2.56743
0.468 2.5722
0.469 2.57699
0.47 2.58178
0.471 2.58659
0.472 2.59141
0.473 2.59624
0.474 2.60108
0.475 2.60594
0.476 2.61081
0.477 2.61569
0.478 2.62059
0.479 2.62549
0.48 2.63041
0.481 2.63535
0.482 2.64029
0.483 2.64525
0.484 2.65023
0.485 2.65522
0.486 2.66022
0.487 2.66523
0.488 2.67026
0.489 2.67531
0.49 2.68037
0.491 2.68544
0.492 2.69053
0.493 2.69563
0.494 2.70074
0.495 2.70588
0.496 2.71102
0.497 2.71619
0.498 2.72136
0.499 2.72656
0.5 2.73177
0.501 2.73699
0.502 2.74223
0.503 2.74749
0.504 2.75276
0.505 2.75806
0.506 2.76336
0.507 2.76869
0.508 2.77403
0.509 2.77939
0.51 2.78476
0.511 2.79016
0.512 2.79557
0.513 2.80099
0.514 2.80644
0.515 2.81191
0.516 2.81739
0.517 2.82289
0.518 2.82841
0.519 2.83395
0.52 2.83951
0.521 2.84509
0.522 2.85069
0.523 2.8563
0.524 2.86194
0.525 2.8676
0.526 2.87328
0.527 2.87897
0.528 2.88469
0.529 2.89043
0.53 2.89619
0.531 2.90197
0.532 2.90778
0.533 2.9136
0.534 2.91945
0.535 2.92532
0.536 2.93121
0.537 2.93712
0.538 2.94306
0.539 2.94901
0.54 2.955
0.541 2.961
0.542 2.96703
0.543 2.97308
0.544 2.97916
0.545 2.98526
0.546 2.99139
0.547 2.99754
0.548 3.00371
0.549 3.00991
0.55 3.01614
0.551 3.02239
0.552 3.02866
0.553 3.03497
0.554 3.0413
0.555 3.04765
0.556 3.05403
0.557 3.06044
0.558 3.06688
0.559 3.07335
0.56 3.07984
0.561 3.08636
0.562 3.09291
0.563 3.09949
0.564 3.10609
0.565 3.11273
0.566 3.11939
0.567 3.12609
0.568 3.13281
0.569 3.13957
0.57 3.14635
0.571 3.15317
0.572 3.16001
0.573 3.16689
0.574 3.1738
0.575 3.18074
0.576 3.18772
0.577 3.19472
0.578 3.20176
0.579 3.20883
0.58 3.21594
0.581 3.22308
0.582 3.23025
0.583 3.23746
0.584 3.2447
0.585 3.25197
0.586 3.25929
0.587 3.26663
0.588 3.27401
0.589 3.28143
0.59 3.28889
0.591 3.29638
0.592 3.3039
0.593 3.31147
0.594 3.31907
0.595 3.32671
0.596 3.33439
0.597 3.3421
0.598 3.34986
0.599 3.35765
0.6 3.36549
0.601 3.37336
0.602 3.38127
0.603 3.38923
0.604 3.39722
0.605 3.40526
0.606 3.41334
0.607 3.42145
0.608 3.42961
0.609 3.43782
0.61 3.44606
0.611 3.45435
0.612 3.46268
0.613 3.47106
0.614 3.47948
0.615 3.48794
0.616 3.49645
0.617 3.505
0.618 3.5136
0.619 3.52224
0.62 3.53094
0.621 3.53967
0.622 3.54846
0.623 3.55729
0.624 3.56616
0.625 3.57509
0.626 3.58406
0.627 3.59308
0.628 3.60215
0.629 3.61127
0.63 3.62044
0.631 3.62966
0.632 3.63893
0.633 3.64825
0.634 3.65762
0.635 3.66704
0.636 3.67651
0.637 3.68604
0.638 3.69562
0.639 3.70524
0.64 3.71493
0.641 3.72466
0.642 3.73445
0.643 3.74429
0.644 3.75419
0.645 3.76414
0.646 3.77414
0.647 3.7842
0.648 3.79432
0.649 3.80449
0.65 3.81472
0.651 3.825
0.652 3.83535
0.653 3.84574
0.654 3.8562
0.655 3.86671
0.656 3.87728
0.657 3.88791
0.658 3.8986
0.659 3.90935
0.66 3.92015
0.661 3.93102
0.662 3.94194
0.663 3.95292
0.664 3.96397
0.665 3.97507
0.666 3.98624
0.667 3.99747
0.668 4.00875
0.669 4.0201
0.67 4.03152
0.671 4.04299
0.672 4.05453
0.673 4.06612
0.674 4.07778
0.675 4.08951
0.676 4.10129
0.677 4.11314
0.678 4.12506
0.679 4.13704
0.68 4.14908
0.681 4.16118
0.682 4.17335
0.683 4.18559
0.684 4.19789
0.685 4.21025
0.686 4.22268
0.687 4.23517
0.688 4.24773
0.689 4.26035
0.69 4.27304
0.691 4.28579
0.692 4.29861
0.693 4.3115
0.694 4.32445
0.695 4.33746
0.696 4.35055
0.697 4.36369
0.698 4.37691
0.699 4.39019
0.7 4.40353
0.701 4.41694
0.702 4.43042
0.703 4.44396
0.704 4.45757
0.705 4.47124
0.706 4.48498
0.707 4.49878
0.708 4.51265
0.709 4.52658
0.71 4.54058
0.711 4.55465
0.712 4.56877
0.713 4.58297
0.714 4.59722
0.715 4.61155
0.716 4.62593
0.717 4.64038
0.718 4.65489
0.719 4.66947
0.72 4.6841
0.721 4.6988
0.722 4.71356
0.723 4.72839
0.724 4.74327
0.725 4.75822
0.726 4.77323
0.727 4.78829
0.728 4.80342
0.729 4.81861
0.73 4.83385
0.731 4.84916
0.732 4.86452
0.733 4.87994
0.734 4.89541
0.735 4.91094
0.736 4.92653
0.737 4.94217
0.738 4.95787
0.739 4.97362
0.74 4.98942
0.741 5.00528
0.742 5.02119
0.743 5.03715
0.744 5.05316
0.745 5.06922
0.746 5.08532
0.747 5.10148
0.748 5.11768
0.749 5.13393
0.75 5.15023
0.751 5.16657
0.752 5.18295
0.753 5.19937
0.754 5.21584
0.755 5.23235
0.756 5.2489
0.757 5.26548
0.758 5.28211
0.759 5.29877
0.76 5.31547
0.761 5.3322
0.762 5.34896
0.763 5.36576
0.764 5.38259
0.765 5.39945
0.766 5.41633
0.767 5.43325
0.768 5.45019
0.769 5.46715
0.77 5.48414
0.771 5.50116
0.772 5.51819
0.773 5.53525
0.774 5.55232
0.775 5.56941
0.776 5.58652
0.777 5.60364
0.778 5.62077
0.779 5.63792
0.78 5.65507
0.781 5.67224
0.782 5.68941
0.783 5.70659
0.784 5.72377
0.785 5.74096
0.786 5.75815
0.787 5.77534
0.788 5.79252
0.789 5.80971
0.79 5.82689
0.791 5.84406
0.792 5.86122
0.793 5.87838
0.794 5.89552
0.795 5.91265
0.796 5.92977
0.797 5.94687
0.798 5.96396
0.799 5.98103
0.8 5.99807
0.801 6.01509
0.802 6.03209
0.803 6.04907
0.804 6.06601
0.805 6.08293
0.806 6.09982
0.807 6.11667
0.808 6.13349
0.809 6.15028
0.81 6.16702
0.811 6.18373
0.812 6.2004
0.813 6.21703
0.814 6.23361
0.815 6.25015
0.816 6.26664
0.817 6.28308
0.818 6.29947
0.819 6.31581
0.82 6.3321
0.821 6.34833
0.822 6.36451
0.823 6.38062
0.824 6.39668
0.825 6.41267
0.826 6.4286
0.827 6.44447
0.828 6.46027
0.829 6.47601
0.83 6.49167
0.831 6.50727
0.832 6.52279
0.833 6.53824
0.834 6.55361
0.835 6.56891
0.836 6.58413
0.837 6.59927
0.838 6.61433
0.839 6.62931
0.84 6.6442
0.841 6.65901
0.842 6.67374
0.843 6.68838
0.844 6.70293
0.845 6.71739
0.846 6.73176
0.847 6.74604
0.848 6.76023
0.849 6.77432
0.85 6.78831
0.851 6.80221
0.852 6.81602
0.853 6.82972
0.854 6.84333
0.855 6.85684
0.856 6.87024
0.857 6.88354
0.858 6.89674
0.859 6.90984
0.86 6.92283
0.861 6.93572
0.862 6.9485
0.863 6.96118
0.864 6.97374
0.865 6.9862
0.866 6.99855
0.867 7.01079
0.868 7.02292
0.869 7.03494
0.87 7.04685
0.871 7.05865
0.872 7.07033
0.873 7.08191
0.874 7.09337
0.875 7.10471
0.876 7.11595
0.877 7.12707
0.878 7.13807
0.879 7.14897
0.88 7.15974
0.881 7.1704
0.882 7.18095
0.883 7.19138
0.884 7.2017
0.885 7.2119
0.886 7.22199
0.887 7.23196
0.888 7.24182
0.889 7.25156
0.89 7.26119
0.891 7.2707
0.892 7.2801
0.893 7.28938
0.894 7.29854
0.895 7.3076
0.896 7.31654
0.897 7.32536
0.898 7.33407
0.899 7.34267
0.9 7.35116
0.901 7.35953
0.902 7.36779
0.903 7.37594
0.904 7.38398
0.905 7.3919
0.906 7.39972
0.907 7.40742
0.908 7.41502
0.909 7.42251
0.91 7.42989
0.911 7.43716
0.912 7.44432
0.913 7.45138
0.914 7.45833
0.915 7.46518
0.916 7.47192
0.917 7.47855
0.918 7.48509
0.919 7.49152
0.92 7.49785
0.921 7.50407
0.922 7.5102
0.923 7.51623
0.924 7.52215
0.925 7.52798
0.926 7.53371
0.927 7.53935
0.928 7.54489
0.929 7.55033
0.93 7.55568
0.931 7.56094
0.932 7.5661
0.933 7.57117
0.934 7.57615
0.935 7.58104
0.936 7.58584
0.937 7.59055
0.938 7.59518
0.939 7.59972
0.94 7.60417
0.941 7.60853
0.942 7.61282
0.943 7.61702
0.944 7.62114
0.945 7.62517
0.946 7.62913
0.947 7.633
0.948 7.6368
0.949 7.64052
0.95 7.64416
0.951 7.64773
0.952 7.65122
0.953 7.65464
0.954 7.65798
0.955 7.66125
0.956 7.66445
0.957 7.66758
0.958 7.67064
0.959 7.67363
0.96 7.67656
0.961 7.67941
0.962 7.6822
0.963 7.68493
0.964 7.68759
0.965 7.69018
0.966 7.69272
0.967 7.69519
0.968 7.6976
0.969 7.69995
0.97 7.70224
0.971 7.70447
0.972 7.70665
0.973 7.70876
0.974 7.71083
0.975 7.71283
0.976 7.71478
0.977 7.71668
0.978 7.71853
0.979 7.72032
0.98 7.72206
0.981 7.72375
0.982 7.7254
0.983 7.72699
0.984 7.72853
0.985 7.73003
0.986 7.73148
0.987 7.73289
0.988 7.73425
0.989 7.73556
0.99 7.73683
0.991 7.73806
0.992 7.73924
0.993 7.74039
0.994 7.74149
0.995 7.74255
0.996 7.74357
0.997 7.74456
0.998 7.7455
0.999 7.74641
1 7.74728
1.001 0
