0 -10
0.001 -5.28088
0.002 -5.27088
0.003 -5.2609
0.004 -5.25092
0.005 -5.24095
0.006 -5.23099
0.007 -5.22104
0.008 -5.2111
0.009 -5.20116
0.01 -5.19124
0.011 -5.18133
0.012 -5.17142
0.013 -5.16153
0.014 -5.15165
0.015 -5.14178
0.016 -5.13192
0.017 -5.12206
0.018 -5.11223
0.019 -5.1024
0.02 -5.09258
0.021 -5.08277
0.022 -5.07298
0.023 -5.0632
0.024 -5.05343
0.025 -5.04367
0.026 -5.03392
0.027 -5.02419
0.028 -5.01446
0.029 -5.00476
0.03 -4.99506
0.031 -4.98538
0.032 -4.9757
0.033 -4.96605
0.034 -4.9564
0.035 -4.94677
0.036 -4.93716
0.037 -4.92755
0.038 -4.91796
0.039 -4.90839
0.04 -4.89882
0.041 -4.88928
0.042 -4.87974
0.043 -4.87022
0.044 -4.86072
0.045 -4.85123
0.046 -4.84175
0.047 -4.83229
0.048 -4.82284
0.049 -4.81341
0.05 -4.804
0.051 -4.7946
0.052 -4.78521
0.053 -4.77584
0.054 -4.76649
0.055 -4.75715
0.056 -4.74782
0.057 -4.73852
0.058 -4.72922
0.059 -4.71995
0.06 -4.71069
0.061 -4.70144
0.062 -4.69221
0.063 -4.683
0.064 -4.67381
0.065 -4.66463
0.066 -4.65546
0.067 -4.64632
0.068 -4.63719
0.069 -4.62807
0.07 -4.61897
0.071 -4.60989
0.072 -4.60083
0.073 -4.59178
0.074 -4.58275
0.075 -4.57374
0.076 -4.56474
0.077 -4.55576
0.078 -4.5468
0.079 -4.53786
0.08 -4.52893
0.081 -4.52002
0.082 -4.51112
0.083 -4.50224
0.084 -4.49339
0.085 -4.48454
0.086 -4.47572
0.087 -4.46691
0.088 -4.45812
0.089 -4.44935
0.09 -4.44059
0.091 -4.43185
0.092 -4.42313
0.093 -4.41443
0.094 -4.40575
0.095 -4.39708
0.096 -4.38843
0.097 -4.3798
0.098 -4.37118
0.099 -4.36258
0.1 -4.354
0.101 -4.34544
0.102 -4.3369
0.103 -4.32837
0.104 -4.31986
0.105 -4.31137
0.106 -4.3029
0.107 -4.29444
0.108 -4.28601
0.109 -4.27759
0.11 -4.26919
0.111 -4.2608
0.112 -4.25244
0.113 -4.24409
0.114 -4.23576
0.115 -4.22744
0.116 -4.21915
0.117 -4.21087
0.118 -4.20261
0.119 -4.19437
0.12 -4.18615
0.121 -4.17795
0.122 -4.16976
0.123 -4.16159
0.124 -4.15344
0.125 -4.1453
0.126 -4.13719
0.127 -4.12909
0.128 -4.12101
0.129 -4.11295
0.13 -4.10491
0.131 -4.09688
0.132 -4.08887
0.133 -4.08088
0.134 -4.07291
0.135 -4.06496
0.136 -4.05702
0.137 -4.0491
0.138 -4.0412
0.139 -4.03332
0.14 -4.02545
0.141 -4.01761
0.142 -4.00978
0.143 -4.00197
0.144 -3.99417
0.145 -3.9864
0.146 -3.97864
0.147 -3.9709
0.148 -3.96318
0.149 -3.95548
0.15 -3.94779
0.151 -3.94012
0.152 -3.93247
0.153 -3.92484
0.154 -3.91722
0.155 -3.90962
0.156 -3.90205
0.157 -3.89448
0.158 -3.88694
0.159 -3.87941
0.16 -3.8719
0.161 -3.86441
0.162 -3.85694
0.163 -3.84948
0.164 -3.84204
0.165 -3.83462
0.166 -3.82722
0.167 -3.81983
0.168 -3.81246
0.169 -3.80511
0.17 -3.79778
0.171 -3.79046
0.172 -3.78316
0.173 -3.77588
0.174 -3.76862
0.175 -3.76137
0.176 -3.75414
0.177 -3.74693
0.178 -3.73973
0.179 -3.73255
0.18 -3.72539
0.181 -3.71825
0.182 -3.71112
0.183 -3.70401
0.184 -3.69692
0.185 -3.68984
0.186 -3.68278
0.187 -3.67574
0.188 -3.66871
0.189 -3.6617
0.19 -3.65471
0.191 -3.64773
0.192 -3.64077
0.193 -3.63383
0.194 -3.6269
0.195 -3.61999
0.196 -3.6131
0.197 -3.60622
0.198 -3.59936
0.199 -3.59252
0.2 -3.58569
0.201 -3.57887
0.202 -3.57208
0.203 -3.5653
0.204 -3.55853
0.205 -3.55178
0.206 -3.54505
0.207 -3.53833
0.208 -3.53163
0.209 -3.52495
0.21 -3.51828
0.211 -3.51162
0.212 -3.50498
0.213 -3.49836
0.214 -3.49175
0.215 -3.48516
0.216 -3.47858
0.217 -3.47202
0.218 -3.46547
0.219 -3.45894
0.22 -3.45242
0.221 -3.44592
0.222 -3.43943
0.223 -3.43296
0.224 -3.4265
0.225 -3.42006
0.226 -3.41363
0.227 -3.40721
0.228 -3.40081
0.229 -3.39443
0.23 -3.38806
0.231 -3.3817
0.232 -3.37536
0.233 -3.36903
0.234 -3.36272
0.235 -3.35642
0.236 -3.35013
0.237 -3.34386
0.238 -3.3376
0.239 -3.33135
0.24 -3.32512
0.241 -3.3189
0.242 -3.3127
0.243 -3.30651
0.244 -3.30033
0.245 -3.29417
0.246 -3.28802
0.247 -3.28188
0.248 -3.27576
0.249 -3.26965
0.25 -3.26355
0.251 -3.25746
0.252 -3.25139
0.253 -3.24533
0.254 -3.23929
0.255 -3.23325
0.256 -3.22723
0.257 -3.22122
0.258 -3.21523
0.259 -3.20924
0.26 -3.20327
0.261 -3.19732
0.262 -3.19137
0.263 -3.18544
0.264 -3.17951
0.265 -3.1736
0.266 -3.16771
0.267 -3.16182
0.268 -3.15595
0.269 -3.15009
0.27 -3.14424
0.271 -3.1384
0.272 -3.13257
0.273 -3.12676
0.274 -3.12096
0.275 -3.11517
0.276 -3.10939
0.277 -3.10362
0.278 -3.09786
0.279 -3.09212
0.28 -3.08639
0.281 -3.08066
0.282 -3.07495
0.283 -3.06925
0.284 -3.06357
0.285 -3.05789
0.286 -3.05222
0.287 -3.04657
0.288 -3.04092
0.289 -3.03529
0.29 -3.02967
0.291 -3.02406
0.292 -3.01846
0.293 -3.01287
0.294 -3.00729
0.295 -3.00172
0.296 -2.99617
0.297 -2.99062
0.298 -2.98508
0.299 -2.97956
0.3 -2.97404
0.301 -2.96854
0.302 -2.96305
0.303 -2.95756
0.304 -2.95209
0.305 -2.94663
0.306 -2.94118
0.307 -2.93573
0.308 -2.9303
0.309 -2.92488
0.31 -2.91947
0.311 -2.91407
0.312 -2.90868
0.313 -2.9033
0.314 -2.89793
0.315 -2.89257
0.316 -2.88722
0.317 -2.88188
0.318 -2.87655
0.319 -2.87123
0.32 -2.86592
0.321 -2.86062
0.322 -2.85533
0.323 -2.85004
0.324 -2.84477
0.325 -2.83951
0.326 -2.83426
0.327 -2.82902
0.328 -2.82379
0.329 -2.81856
0.33 -2.81335
0.331 -2.80815
0.332 -2.80296
0.333 -2.79777
0.334 -2.7926
0.335 -2.78743
0.336 -2.78228
0.337 -2.77713
0.338 -2.772
0.339 -2.76687
0.34 -2.76175
0.341 -2.75664
0.342 -2.75154
0.343 -2.74645
0.344 -2.74137
0.345 -2.7363
0.346 -2.73124
0.347 -2.72619
0.348 -2.72114
0.349 -2.71611
0.35 -2.71108
0.351 -2.70607
0.352 -2.70106
0.353 -2.69606
0.354 -2.69107
0.355 -2.68609
0.356 -2.68112
0.357 -2.67616
0.358 -2.6712
0.359 -2.66626
0.36 -2.66132
0.361 -2.65639
0.362 -2.65148
0.363 -2.64657
0.364 -2.64166
0.365 -2.63677
0.366 -2.63189
0.367 -2.62701
0.368 -2.62214
0.369 -2.61729
0.37 -2.61244
0.371 -2.60759
0.372 -2.60276
0.373 -2.59793
0.374 -2.59312
0.375 -2.58831
0.376 -2.58351
0.377 -2.57872
0.378 -2.57393
0.379 -2.56916
0.38 -2.56439
0.381 -2.55963
0.382 -2.55488
0.383 -2.55013
0.384 -2.5454
0.385 -2.54067
0.386 -2.53595
0.387 -2.53123
0.388 -2.52653
0.389 -2.52183
0.39 -2.51714
0.391 -2.51246
0.392 -2.50778
0.393 -2.50312
0.394 -2.49846
0.395 -2.4938
0.396 -2.48916
0.397 -2.48452
0.398 -2.47989
0.399 -2.47526
0.4 -2.47065
0.401 -2.46604
0.402 -2.46143
0.403 -2.45684
0.404 -2.45225
0.405 -2.44767
0.406 -2.44309
0.407 -2.43852
0.408 -2.43396
0.409 -2.4294
0.41 -2.42485
0.411 -2.42031
0.412 -2.41577
0.413 -2.41124
0.414 -2.40672
0.415 -2.4022
0.416 -2.39769
0.417 -2.39318
0.418 -2.38868
0.419 -2.38419
0.42 -2.3797
0.421 -2.37522
0.422 -2.37074
0.423 -2.36627
0.424 -2.36181
0.425 -2.35735
0.426 -2.35289
0.427 -2.34844
0.428 -2.344
0.429 -2.33956
0.43 -2.33513
0.431 -2.3307
0.432 -2.32628
0.433 -2.32186
0.434 -2.31745
0.435 -2.31304
0.436 -2.30863
0.437 -2.30423
0.438 -2.29984
0.439 -2.29545
0.44 -2.29106
0.441 -2.28668
0.442 -2.2823
0.443 -2.27793
0.444 -2.27356
0.445 -2.26919
0.446 -2.26483
0.447 -2.26047
0.448 -2.25612
0.449 -2.25176
0.45 -2.24742
0.451 -2.24307
0.452 -2.23873
0.453 -2.2344
0.454 -2.23006
0.455 -2.22573
0.456 -2.2214
0.457 -2.21708
0.458 -2.21275
0.459 -2.20843
0.46 -2.20412
0.461 -2.1998
0.462 -2.19549
0.463 -2.19118
0.464 -2.18687
0.465 -2.18257
0.466 -2.17826
0.467 -2.17396
0.468 -2.16966
0.469 -2.16537
0.47 -2.16107
0.471 -2.15677
0.472 -2.15248
0.473 -2.14819
0.474 -2.1439
0.475 -2.13961
0.476 -2.13532
0.477 -2.13103
0.478 -2.12675
0.479 -2.12246
0.48 -2.11818
0.481 -2.11389
0.482 -2.10961
0.483 -2.10533
0.484 -2.10104
0.485 -2.09676
0.486 -2.09248
0.487 -2.08819
0.488 -2.08391
0.489 -2.07963
0.49 -2.07534
0.491 -2.07106
0.492 -2.06678
0.493 -2.06249
0.494 -2.0582
0.495 -2.05392
0.496 -2.04963
0.497 -2.04534
0.498 -2.04105
0.499 -2.03676
0.5 -2.03246
0.501 -2.02817
0.502 -2.02387
0.503 -2.01957
0.504 -2.01527
0.505 -2.01097
0.506 -2.00667
0.507 -2.00236
0.508 -1.99805
0.509 -1.99374
0.51 -1.98943
0.511 -1.98511
0.512 -1.98079
0.513 -1.97647
0.514 -1.97214
0.515 -1.96781
0.516 -1.96348
0.517 -1.95915
0.518 -1.95481
0.519 -1.95047
0.52 -1.94612
0.521 -1.94177
0.522 -1.93742
0.523 -1.93306
0.524 -1.9287
0.525 -1.92433
0.526 -1.91996
0.527 -1.91558
0.528 -1.9112
0.529 -1.90682
0.53 -1.90243
0.531 -1.89804
0.532 -1.89364
0.533 -1.88923
0.534 -1.88482
0.535 -1.8804
0.536 -1.87598
0.537 -1.87155
0.538 -1.86712
0.539 -1.86268
0.54 -1.85824
0.541 -1.85378
0.542 -1.84933
0.543 -1.84486
0.544 -1.84039
0.545 -1.83591
0.546 -1.83143
0.547 -1.82694
0.548 -1.82244
0.549 -1.81793
0.55 -1.81342
0.551 -1.8089
0.552 -1.80437
0.553 -1.79983
0.554 -1.79529
0.555 -1.79074
0.556 -1.78618
0.557 -1.78161
0.558 -1.77703
0.559 -1.77245
0.56 -1.76785
0.561 -1.76325
0.562 -1.75864
0.563 -1.75402
0.564 -1.74939
0.565 -1.74475
0.566 -1.7401
0.567 -1.73545
0.568 -1.73078
0.569 -1.7261
0.57 -1.72142
0.571 -1.71672
0.572 -1.71202
0.573 -1.7073
0.574 -1.70257
0.575 -1.69783
0.576 -1.69309
0.577 -1.68833
0.578 -1.68356
0.579 -1.67878
0.58 -1.67399
0.581 -1.66919
0.582 -1.66437
0.583 -1.65955
0.584 -1.65471
0.585 -1.64986
0.586 -1.645
0.587 -1.64013
0.588 -1.63525
0.589 -1.63035
0.59 -1.62545
0.591 -1.62053
0.592 -1.61559
0.593 -1.61065
0.594 -1.60569
0.595 -1.60072
0.596 -1.59574
0.597 -1.59074
0.598 -1.58573
0.599 -1.58071
0.6 -1.57567
0.601 -1.57062
0.602 -1.56556
0.603 -1.56049
0.604 -1.5554
0.605 -1.55029
0.606 -1.54517
0.607 -1.54004
0.608 -1.5349
0.609 -1.52974
0.61 -1.52456
0.611 -1.51938
0.612 -1.51417
0.613 -1.50895
0.614 -1.50372
0.615 -1.49848
0.616 -1.49321
0.617 -1.48794
0.618 -1.48265
0.619 -1.47734
0.62 -1.47202
0.621 -1.46668
0.622 -1.46133
0.623 -1.45596
0.624 -1.45058
0.625 -1.44518
0.626 -1.43977
0.627 -1.43434
0.628 -1.42889
0.629 -1.42343
0.63 -1.41796
0.631 -1.41247
0.632 -1.40696
0.633 -1.40144
0.634 -1.3959
0.635 -1.39034
0.636 -1.38477
0.637 -1.37918
0.638 -1.37358
0.639 -1.36796
0.64 -1.36232
0.641 -1.35667
0.642 -1.351
0.643 -1.34532
0.644 -1.33962
0.645 -1.3339
0.646 -1.32817
0.647 -1.32242
0.648 -1.31666
0.649 -1.31088
0.65 -1.30508
0.651 -1.29927
0.652 -1.29344
0.653 -1.2876
0.654 -1.28174
0.655 -1.27586
0.656 -1.26997
0.657 -1.26407
0.658 -1.25814
0.659 -1.2522
0.66 -1.24625
0.661 -1.24028
0.662 -1.2343
0.663 -1.2283
0.664 -1.22228
0.665 -1.21625
0.666 -1.21021
0.667 -1.20415
0.668 -1.19807
0.669 -1.19198
0.67 -1.18588
0.671 -1.17976
0.672 -1.17363
0.673 -1.16748
0.674 -1.16132
0.675 -1.15515
0.676 -1.14896
0.677 -1.14276
0.678 -1.13655
0.679 -1.13033
0.68 -1.12409
0.681 -1.11784
0.682 -1.11158
0.683 -1.1053
0.684 -1.09901
0.685 -1.09272
0.686 -1.08641
0.687 -1.08009
0.688 -1.07376
0.689 -1.06742
0.69 -1.06107
0.691 -1.05471
0.692 -1.04834
0.693 -1.04196
0.694 -1.03558
0.695 -1.02918
0.696 -1.02278
0.697 -1.01637
0.698 -1.00996
0.699 -1.00353
0.7 -0.997104
0.701 -0.990669
0.702 -0.984229
0.703 -0.977783
0.704 -0.971334
0.705 -0.96488
0.706 -0.958423
0.707 -0.951964
0.708 -0.945501
0.709 -0.939037
0.71 -0.932572
0.711 -0.926106
0.712 -0.919639
0.713 -0.913173
0.714 -0.906708
0.715 -0.900244
0.716 -0.893782
0.717 -0.887324
0.718 -0.880868
0.719 -0.874417
0.72 -0.867971
0.721 -0.86153
0.722 -0.855095
0.723 -0.848667
0.724 -0.842246
0.725 -0.835834
0.726 -0.829431
0.727 -0.823038
0.728 -0.816655
0.729 -0.810283
0.73 -0.803924
0.731 -0.797578
0.732 -0.791245
0.733 -0.784928
0.734 -0.778625
0.735 -0.77234
0.736 -0.766071
0.737 -0.759821
0.738 -0.753589
0.739 -0.747378
0.74 -0.741188
0.741 -0.735019
0.742 -0.728874
0.743 -0.722752
0.744 -0.716655
0.745 -0.710584
0.746 -0.704539
0.747 -0.698523
0.748 -0.692535
0.749 -0.686577
0.75 -0.680651
0.751 -0.674756
0.752 -0.668895
0.753 -0.663067
0.754 -0.657275
0.755 -0.65152
0.756 -0.645802
0.757 -0.640123
0.758 -0.634483
0.759 -0.628885
0.76 -0.623329
0.761 -0.617816
0.762 -0.612347
0.763 -0.606924
0.764 -0.601548
0.765 -0.59622
0.766 -0.590942
0.767 -0.585714
0.768 -0.580537
0.769 -0.575414
0.77 -0.570344
0.771 -0.56533
0.772 -0.560373
0.773 -0.555473
0.774 -0.550633
0.775 -0.545853
0.776 -0.541135
0.777 -0.536479
0.778 -0.531888
0.779 -0.527361
0.78 -0.522902
0.781 -0.51851
0.782 -0.514188
0.783 -0.509936
0.784 -0.505756
0.785 -0.501648
0.786 -0.497615
0.787 -0.493657
0.788 -0.489776
0.789 -0.485972
0.79 -0.482248
0.791 -0.478604
0.792 -0.475041
0.793 -0.471562
0.794 -0.468166
0.795 -0.464856
0.796 -0.461631
0.797 -0.458495
0.798 -0.455447
0.799 -0.452489
0.8 -0.449622
0.801 -0.446848
0.802 -0.444166
0.803 -0.441579
0.804 -0.439088
0.805 -0.436693
0.806 -0.434396
0.807 -0.432198
0.808 -0.4301
0.809 -0.428103
0.81 -0.426207
0.811 -0.424414
0.812 -0.422726
0.813 -0.421142
0.814 -0.419664
0.815 -0.418292
0.816 -0.417029
0.817 -0.415873
0.818 -0.414828
0.819 -0.413892
0.82 -0.413067
0.821 -0.412355
0.822 -0.411755
0.823 -0.411269
0.824 -0.410896
0.825 -0.410639
0.826 -0.410497
0.827 -0.410471
0.828 -0.410563
0.829 -0.410771
0.83 -0.411098
0.831 -0.411544
0.832 -0.412109
0.833 -0.412793
0.834 -0.413598
0.835 -0.414523
0.836 -0.415569
0.837 -0.416737
0.838 -0.418027
0.839 -0.419439
0.84 -0.420974
0.841 -0.422631
0.842 -0.424411
0.843 -0.426315
0.844 -0.428343
0.845 -0.430494
0.846 -0.432768
0.847 -0.435167
0.848 -0.43769
0.849 -0.440337
0.85 -0.443108
0.851 -0.446003
0.852 -0.449023
0.853 -0.452166
0.854 -0.455433
0.855 -0.458824
0.856 -0.462339
0.857 -0.465977
0.858 -0.469738
0.859 -0.473623
0.86 -0.47763
0.861 -0.481759
0.862 -0.486011
0.863 -0.490384
0.864 -0.494878
0.865 -0.499494
0.866 -0.50423
0.867 -0.509086
0.868 -0.514061
0.869 -0.519155
0.87 -0.524368
0.871 -0.529698
0.872 -0.535145
0.873 -0.540709
0.874 -0.546389
0.875 -0.552184
0.876 -0.558093
0.877 -0.564115
0.878 -0.570251
0.879 -0.576498
0.88 -0.582857
0.881 -0.589326
0.882 -0.595904
0.883 -0.602591
0.884 -0.609386
0.885 -0.616287
0.886 -0.623294
0.887 -0.630405
0.888 -0.63762
0.889 -0.644938
0.89 -0.652357
0.891 -0.659876
0.892 -0.667495
0.893 -0.675212
0.894 -0.683027
0.895 -0.690937
0.896 -0.698942
0.897 -0.70704
0.898 -0.715231
0.899 -0.723512
0.9 -0.731884
0.901 -0.740344
0.902 -0.748892
0.903 -0.757525
0.904 -0.766244
0.905 -0.775045
0.906 -0.783929
0.907 -0.792894
0.908 -0.801938
0.909 -0.81106
0.91 -0.820259
0.911 -0.829533
0.912 -0.838881
0.913 -0.848301
0.914 -0.857793
0.915 -0.867354
0.916 -0.876984
0.917 -0.88668
0.918 -0.896442
0.919 -0.906269
0.92 -0.916157
0.921 -0.926107
0.922 -0.936117
0.923 -0.946185
0.924 -0.95631
0.925 -0.96649
0.926 -0.976724
0.927 -0.987011
0.928 -0.997349
0.929 -1.00774
0.93 -1.01817
0.931 -1.02865
0.932 -1.03918
0.933 -1.04975
0.934 -1.06037
0.935 -1.07102
0.936 -1.08172
0.937 -1.09245
0.938 -1.10322
0.939 -1.11403
0.94 -1.12487
0.941 -1.13574
0.942 -1.14665
0.943 -1.15758
0.944 -1.16854
0.945 -1.17953
0.946 -1.19055
0.947 -1.20159
0.948 -1.21265
0.949 -1.22374
0.95 -1.23484
0.951 -1.24597
0.952 -1.25711
0.953 -1.26827
0.954 -1.27945
0.955 -1.29064
0.956 -1.30184
0.957 -1.31306
0.958 -1.32428
0.959 -1.33552
0.96 -1.34676
0.961 -1.35801
0.962 -1.36927
0.963 -1.38053
0.964 -1.3918
0.965 -1.40306
0.966 -1.41433
0.967 -1.4256
0.968 -1.43687
0.969 -1.44814
0.97 -1.45941
0.971 -1.47067
0.972 -1.48192
0.973 -1.49318
0.974 -1.50442
0.975 -1.51566
0.976 -1.52689
0.977 -1.5381
0.978 -1.54931
0.979 -1.56051
0.98 -1.5717
0.981 -1.58287
0.982 -1.59403
0.983 -1.60517
0.984 -1.6163
0.985 -1.62741
0.986 -1.63851
0.987 -1.64959
0.988 -1.66065
0.989 -1.67169
0.99 -1.68271
0.991 -1.6937
0.992 -1.70468
0.993 -1.71564
0.994 -1.72657
0.995 -1.73748
0.996 -1.74837
0.997 -1.75923
0.998 -1.77007
0.999 -1.78088
1 -1.79166
1.001 -10
