0 5
0.001 3.08293
0.002 3.08124
0.003 3.07956
0.004 3.07789
0.005 3.07623
0.006 3.07459
0.007 3.07295
0.008 3.07133
0.009 3.06972
0.01 3.06812
0.011 3.06653
0.012 3.06496
0.013 3.0634
0.014 3.06185
0.015 3.06031
0.016 3.05879
0.017 3.05727
0.018 3.05577
0.019 3.05429
0.02 3.05281
0.021 3.05135
0.022 3.04991
0.023 3.04847
0.024 3.04705
0.025 3.04564
0.026 3.04425
0.027 3.04287
0.028 3.0415
0.029 3.04015
0.03 3.03881
0.031 3.03749
0.032 3.03618
0.033 3.03488
0.034 3.0336
0.035 3.03234
0.036 3.03108
0.037 3.02984
0.038 3.02862
0.039 3.02741
0.04 3.02622
0.041 3.02504
0.042 3.02388
0.043 3.02273
0.044 3.0216
0.045 3.02048
0.046 3.01937
0.047 3.01829
0.048 3.01721
0.049 3.01616
0.05 3.01512
0.051 3.01409
0.052 3.01308
0.053 3.01209
0.054 3.01111
0.055 3.01014
0.056 3.0092
0.057 3.00827
0.058 3.00735
0.059 3.00645
0.06 3.00557
0.061 3.0047
0.062 3.00385
0.063 3.00302
0.064 3.0022
0.065 3.00139
0.066 3.00061
0.067 2.99984
0.068 2.99908
0.069 2.99835
0.07 2.99763
0.071 2.99692
0.072 2.99623
0.073 2.99556
0.074 2.9949
0.075 2.99426
0.076 2.99364
0.077 2.99303
0.078 2.99244
0.079 2.99187
0.08 2.99131
0.081 2.99077
0.082 2.99024
0.083 2.98973
0.084 2.98924
0.085 2.98876
0.086 2.9883
0.087 2.98786
0.088 2.98743
0.089 2.98701
0.09 2.98662
0.091 2.98624
0.092 2.98587
0.093 2.98552
0.094 2.98519
0.095 2.98488
0.096 2.98457
0.097 2.98429
0.098 2.98402
0.099 2.98377
0.1 2.98353
0.101 2.9833
0.102 2.9831
0.103 2.98291
0.104 2.98273
0.105 2.98257
0.106 2.98242
0.107 2.98229
0.108 2.98218
0.109 2.98207
0.11 2.98199
0.111 2.98192
0.112 2.98186
0.113 2.98182
0.114 2.98179
0.115 2.98178
0.116 2.98178
0.117 2.9818
0.118 2.98183
0.119 2.98187
0.12 2.98193
0.121 2.982
0.122 2.98209
0.123 2.98219
0.124 2.9823
0.125 2.98243
0.126 2.98257
0.127 2.98272
0.128 2.98289
0.129 2.98307
0.13 2.98326
0.131 2.98347
0.132 2.98368
0.133 2.98392
0.134 2.98416
0.135 2.98441
0.136 2.98468
0.137 2.98496
0.138 2.98526
0.139 2.98556
0.14 2.98588
0.141 2.9862
0.142 2.98654
0.143 2.98689
0.144 2.98726
0.145 2.98763
0.146 2.98801
0.147 2.98841
0.148 2.98881
0.149 2.98923
0.15 2.98966
0.151 2.9901
0.152 2.99055
0.153 2.991
0.154 2.99147
0.155 2.99195
0.156 2.99244
0.157 2.99294
0.158 2.99344
0.159 2.99396
0.16 2.99449
0.161 2.99502
0.162 2.99557
0.163 2.99612
0.164 2.99668
0.165 2.99725
0.166 2.99783
0.167 2.99842
0.168 2.99902
0.169 2.99962
0.17 3.00024
0.171 3.00086
0.172 3.00149
0.173 3.00212
0.174 3.00277
0.175 3.00342
0.176 3.00408
0.177 3.00474
0.178 3.00542
0.179 3.0061
0.18 3.00678
0.181 3.00748
0.182 3.00818
0.183 3.00889
0.184 3.0096
0.185 3.01032
0.186 3.01104
0.187 3.01178
0.188 3.01252
0.189 3.01326
0.19 3.01401
0.191 3.01477
0.192 3.01553
0.193 3.01629
0.194 3.01707
0.195 3.01784
0.196 3.01863
0.197 3.01941
0.198 3.02021
0.199 3.021
0.2 3.02181
0.201 3.02261
0.202 3.02342
0.203 3.02424
0.204 3.02506
0.205 3.02589
0.206 3.02671
0.207 3.02755
0.208 3.02838
0.209 3.02923
0.21 3.03007
0.211 3.03092
0.212 3.03177
0.213 3.03263
0.214 3.03349
0.215 3.03435
0.216 3.03521
0.217 3.03608
0.218 3.03696
0.219 3.03783
0.22 3.03871
0.221 3.03959
0.222 3.04048
0.223 3.04136
0.224 3.04225
0.225 3.04315
0.226 3.04404
0.227 3.04494
0.228 3.04584
0.229 3.04674
0.23 3.04765
0.231 3.04855
0.232 3.04946
0.233 3.05037
0.234 3.05129
0.235 3.0522
0.236 3.05312
0.237 3.05404
0.238 3.05496
0.239 3.05588
0.24 3.05681
0.241 3.05773
0.242 3.05866
0.243 3.05959
0.244 3.06052
0.245 3.06145
0.246 3.06238
0.247 3.06331
0.248 3.06425
0.249 3.06519
0.25 3.06612
0.251 3.06706
0.252 3.068
0.253 3.06894
0.254 3.06988
0.255 3.07082
0.256 3.07177
0.257 3.07271
0.258 3.07365
0.259 3.0746
0.26 3.07554
0.261 3.07649
0.262 3.07744
0.263 3.07838
0.264 3.07933
0.265 3.08028
0.266 3.08122
0.267 3.08217
0.268 3.08312
0.269 3.08407
0.27 3.08502
0.271 3.08597
0.272 3.08691
0.273 3.08786
0.274 3.08881
0.275 3.08976
0.276 3.09071
0.277 3.09166
0.278 3.09261
0.279 3.09355
0.28 3.0945
0.281 3.09545
0.282 3.0964
0.283 3.09734
0.284 3.09829
0.285 3.09923
0.286 3.10018
0.287 3.10112
0.288 3.10207
0.289 3.10301
0.29 3.10395
0.291 3.1049
0.292 3.10584
0.293 3.10678
0.294 3.10772
0.295 3.10866
0.296 3.1096
0.297 3.11054
0.298 3.11147
0.299 3.11241
0.3 3.11334
0.301 3.11428
0.302 3.11521
0.303 3.11614
0.304 3.11707
0.305 3.118
0.306 3.11893
0.307 3.11986
0.308 3.12078
0.309 3.12171
0.31 3.12263
0.311 3.12356
0.312 3.12448
0.313 3.1254
0.314 3.12631
0.315 3.12723
0.316 3.12815
0.317 3.12906
0.318 3.12997
0.319 3.13089
0.32 3.1318
0.321 3.1327
0.322 3.13361
0.323 3.13451
0.324 3.13542
0.325 3.13632
0.326 3.13722
0.327 3.13812
0.328 3.13902
0.329 3.13991
0.33 3.1408
0.331 3.14169
0.332 3.14258
0.333 3.14347
0.334 3.14436
0.335 3.14524
0.336 3.14612
0.337 3.147
0.338 3.14788
0.339 3.14876
0.34 3.14963
0.341 3.15051
0.342 3.15138
0.343 3.15224
0.344 3.15311
0.345 3.15397
0.346 3.15484
0.347 3.1557
0.348 3.15655
0.349 3.15741
0.35 3.15826
0.351 3.15911
0.352 3.15996
0.353 3.16081
0.354 3.16166
0.355 3.1625
0.356 3.16334
0.357 3.16418
0.358 3.16501
0.359 3.16584
0.36 3.16668
0.361 3.1675
0.362 3.16833
0.363 3.16915
0.364 3.16998
0.365 3.17079
0.366 3.17161
0.367 3.17243
0.368 3.17324
0.369 3.17405
0.37 3.17485
0.371 3.17566
0.372 3.17646
0.373 3.17726
0.374 3.17806
0.375 3.17885
0.376 3.17964
0.377 3.18043
0.378 3.18122
0.379 3.182
0.38 3.18279
0.381 3.18356
0.382 3.18434
0.383 3.18512
0.384 3.18589
0.385 3.18666
0.386 3.18742
0.387 3.18819
0.388 3.18895
0.389 3.18971
0.39 3.19046
0.391 3.19121
0.392 3.19197
0.393 3.19271
0.394 3.19346
0.395 3.1942
0.396 3.19494
0.397 3.19568
0.398 3.19641
0.399 3.19714
0.4 3.19787
0.401 3.1986
0.402 3.19932
0.403 3.20005
0.404 3.20076
0.405 3.20148
0.406 3.20219
0.407 3.2029
0.408 3.20361
0.409 3.20432
0.41 3.20502
0.411 3.20572
0.412 3.20642
0.413 3.20711
0.414 3.2078
0.415 3.20849
0.416 3.20918
0.417 3.20986
0.418 3.21054
0.419 3.21122
0.42 3.2119
0.421 3.21257
0.422 3.21324
0.423 3.21391
0.424 3.21457
0.425 3.21523
0.426 3.21589
0.427 3.21655
0.428 3.2172
0.429 3.21785
0.43 3.2185
0.431 3.21915
0.432 3.21979
0.433 3.22043
0.434 3.22107
0.435 3.22171
0.436 3.22234
0.437 3.22297
0.438 3.2236
0.439 3.22422
0.44 3.22485
0.441 3.22547
0.442 3.22608
0.443 3.2267
0.444 3.22731
0.445 3.22792
0.446 3.22853
0.447 3.22913
0.448 3.22973
0.449 3.23033
0.45 3.23093
0.451 3.23152
0.452 3.23211
0.453 3.2327
0.454 3.23329
0.455 3.23387
0.456 3.23445
0.457 3.23503
0.458 3.23561
0.459 3.23618
0.46 3.23676
0.461 3.23732
0.462 3.23789
0.463 3.23845
0.464 3.23902
0.465 3.23957
0.466 3.24013
0.467 3.24069
0.468 3.24124
0.469 3.24179
0.47 3.24233
0.471 3.24288
0.472 3.24342
0.473 3.24396
0.474 3.2445
0.475 3.24503
0.476 3.24557
0.477 3.2461
0.478 3.24662
0.479 3.24715
0.48 3.24767
0.481 3.24819
0.482 3.24871
0.483 3.24923
0.484 3.24974
0.485 3.25025
0.486 3.25076
0.487 3.25127
0.488 3.25178
0.489 3.25228
0.49 3.25278
0.491 3.25328
0.492 3.25377
0.493 3.25427
0.494 3.25476
0.495 3.25525
0.496 3.25573
0.497 3.25622
0.498 3.2567
0.499 3.25718
0.5 3.25766
0.501 3.25814
0.502 3.25861
0.503 3.25908
0.504 3.25955
0.505 3.26002
0.506 3.26049
0.507 3.26095
0.508 3.26141
0.509 3.26187
0.51 3.26233
0.511 3.26278
0.512 3.26324
0.513 3.26369
0.514 3.26414
0.515 3.26458
0.516 3.26503
0.517 3.26547
0.518 3.26591
0.519 3.26635
0.52 3.26679
0.521 3.26722
0.522 3.26765
0.523 3.26809
0.524 3.26851
0.525 3.26894
0.526 3.26937
0.527 3.26979
0.528 3.27021
0.529 3.27063
0.53 3.27105
0.531 3.27146
0.532 3.27187
0.533 3.27229
0.534 3.27269
0.535 3.2731
0.536 3.27351
0.537 3.27391
0.538 3.27431
0.539 3.27471
0.54 3.27511
0.541 3.27551
0.542 3.2759
0.543 3.27629
0.544 3.27668
0.545 3.27707
0.546 3.27746
0.547 3.27784
0.548 3.27823
0.549 3.27861
0.55 3.27899
0.551 3.27936
0.552 3.27974
0.553 3.28011
0.554 3.28048
0.555 3.28085
0.556 3.28122
0.557 3.28159
0.558 3.28195
0.559 3.28232
0.56 3.28268
0.561 3.28304
0.562 3.28339
0.563 3.28375
0.564 3.2841
0.565 3.28445
0.566 3.2848
0.567 3.28515
0.568 3.2855
0.569 3.28584
0.57 3.28619
0.571 3.28653
0.572 3.28686
0.573 3.2872
0.574 3.28754
0.575 3.28787
0.576 3.2882
0.577 3.28853
0.578 3.28886
0.579 3.28919
0.58 3.28951
0.581 3.28983
0.582 3.29015
0.583 3.29047
0.584 3.29079
0.585 3.2911
0.586 3.29142
0.587 3.29173
0.588 3.29204
0.589 3.29234
0.59 3.29265
0.591 3.29295
0.592 3.29325
0.593 3.29355
0.594 3.29385
0.595 3.29415
0.596 3.29444
0.597 3.29473
0.598 3.29502
0.599 3.29531
0.6 3.2956
0.601 3.29588
0.602 3.29616
0.603 3.29644
0.604 3.29672
0.605 3.297
0.606 3.29727
0.607 3.29754
0.608 3.29781
0.609 3.29808
0.61 3.29835
0.611 3.29861
0.612 3.29887
0.613 3.29913
0.614 3.29939
0.615 3.29964
0.616 3.29989
0.617 3.30014
0.618 3.30039
0.619 3.30064
0.62 3.30088
0.621 3.30112
0.622 3.30136
0.623 3.30159
0.624 3.30183
0.625 3.30206
0.626 3.30229
0.627 3.30251
0.628 3.30274
0.629 3.30296
0.63 3.30318
0.631 3.30339
0.632 3.30361
0.633 3.30382
0.634 3.30403
0.635 3.30423
0.636 3.30443
0.637 3.30463
0.638 3.30483
0.639 3.30503
0.64 3.30522
0.641 3.3054
0.642 3.30559
0.643 3.30577
0.644 3.30595
0.645 3.30613
0.646 3.3063
0.647 3.30647
0.648 3.30664
0.649 3.3068
0.65 3.30696
0.651 3.30712
0.652 3.30727
0.653 3.30742
0.654 3.30757
0.655 3.30771
0.656 3.30785
0.657 3.30798
0.658 3.30811
0.659 3.30824
0.66 3.30836
0.661 3.30848
0.662 3.3086
0.663 3.30871
0.664 3.30882
0.665 3.30892
0.666 3.30902
0.667 3.30912
0.668 3.30921
0.669 3.30929
0.67 3.30937
0.671 3.30945
0.672 3.30952
0.673 3.30959
0.674 3.30965
0.675 3.30971
0.676 3.30976
0.677 3.30981
0.678 3.30985
0.679 3.30989
0.68 3.30992
0.681 3.30994
0.682 3.30996
0.683 3.30998
0.684 3.30999
0.685 3.30999
0.686 3.30999
0.687 3.30998
0.688 3.30996
0.689 3.30994
0.69 3.30991
0.691 3.30988
0.692 3.30984
0.693 3.30979
0.694 3.30973
0.695 3.30967
0.696 3.3096
0.697 3.30953
0.698 3.30944
0.699 3.30935
0.7 3.30926
0.701 3.30915
0.702 3.30904
0.703 3.30891
0.704 3.30878
0.705 3.30865
0.706 3.3085
0.707 3.30835
0.708 3.30818
0.709 3.30801
0.71 3.30783
0.711 3.30764
0.712 3.30744
0.713 3.30723
0.714 3.30701
0.715 3.30679
0.716 3.30655
0.717 3.3063
0.718 3.30604
0.719 3.30578
0.72 3.3055
0.721 3.30521
0.722 3.30491
0.723 3.3046
0.724 3.30428
0.725 3.30395
0.726 3.3036
0.727 3.30325
0.728 3.30288
0.729 3.3025
0.73 3.30211
0.731 3.30171
0.732 3.30129
0.733 3.30087
0.734 3.30042
0.735 3.29997
0.736 3.29951
0.737 3.29903
0.738 3.29853
0.739 3.29803
0.74 3.29751
0.741 3.29697
0.742 3.29642
0.743 3.29586
0.744 3.29529
0.745 3.29469
0.746 3.29409
0.747 3.29347
0.748 3.29283
0.749 3.29218
0.75 3.29151
0.751 3.29083
0.752 3.29014
0.753 3.28942
0.754 3.28869
0.755 3.28795
0.756 3.28719
0.757 3.28641
0.758 3.28561
0.759 3.2848
0.76 3.28398
0.761 3.28313
0.762 3.28227
0.763 3.28139
0.764 3.28049
0.765 3.27958
0.766 3.27865
0.767 3.2777
0.768 3.27673
0.769 3.27575
0.77 3.27475
0.771 3.27372
0.772 3.27269
0.773 3.27163
0.774 3.27055
0.775 3.26946
0.776 3.26835
0.777 3.26721
0.778 3.26606
0.779 3.2649
0.78 3.26371
0.781 3.2625
0.782 3.26128
0.783 3.26004
0.784 3.25877
0.785 3.25749
0.786 3.25619
0.787 3.25487
0.788 3.25354
0.789 3.25218
0.79 3.2508
0.791 3.24941
0.792 3.248
0.793 3.24657
0.794 3.24512
0.795 3.24365
0.796 3.24216
0.797 3.24066
0.798 3.23913
0.799 3.23759
0.8 3.23603
0.801 3.23445
0.802 3.23286
0.803 3.23124
0.804 3.22961
0.805 3.22796
0.806 3.2263
0.807 3.22461
0.808 3.22291
0.809 3.2212
0.81 3.21946
0.811 3.21771
0.812 3.21595
0.813 3.21416
0.814 3.21237
0.815 3.21055
0.816 3.20872
0.817 3.20688
0.818 3.20502
0.819 3.20315
0.82 3.20126
0.821 3.19936
0.822 3.19744
0.823 3.19551
0.824 3.19357
0.825 3.19162
0.826 3.18965
0.827 3.18767
0.828 3.18568
0.829 3.18368
0.83 3.18166
0.831 3.17964
0.832 3.17761
0.833 3.17556
0.834 3.17351
0.835 3.17144
0.836 3.16937
0.837 3.16729
0.838 3.1652
0.839 3.1631
0.84 3.161
0.841 3.15888
0.842 3.15676
0.843 3.15464
0.844 3.15251
0.845 3.15037
0.846 3.14823
0.847 3.14609
0.848 3.14394
0.849 3.14178
0.85 3.13963
0.851 3.13747
0.852 3.13531
0.853 3.13314
0.854 3.13098
0.855 3.12881
0.856 3.12664
0.857 3.12447
0.858 3.1223
0.859 3.12014
0.86 3.11797
0.861 3.1158
0.862 3.11364
0.863 3.11148
0.864 3.10932
0.865 3.10716
0.866 3.10501
0.867 3.10286
0.868 3.10071
0.869 3.09857
0.87 3.09644
0.871 3.09431
0.872 3.09218
0.873 3.09006
0.874 3.08795
0.875 3.08584
0.876 3.08374
0.877 3.08165
0.878 3.07957
0.879 3.07749
0.88 3.07542
0.881 3.07337
0.882 3.07132
0.883 3.06928
0.884 3.06725
0.885 3.06523
0.886 3.06322
0.887 3.06122
0.888 3.05923
0.889 3.05725
0.89 3.05528
0.891 3.05333
0.892 3.05139
0.893 3.04946
0.894 3.04754
0.895 3.04563
0.896 3.04374
0.897 3.04186
0.898 3.03999
0.899 3.03814
0.9 3.0363
0.901 3.03448
0.902 3.03267
0.903 3.03087
0.904 3.02909
0.905 3.02732
0.906 3.02556
0.907 3.02383
0.908 3.0221
0.909 3.02039
0.91 3.0187
0.911 3.01702
0.912 3.01536
0.913 3.01371
0.914 3.01208
0.915 3.01046
0.916 3.00886
0.917 3.00727
0.918 3.0057
0.919 3.00415
0.92 3.00261
0.921 3.00109
0.922 2.99959
0.923 2.9981
0.924 2.99662
0.925 2.99517
0.926 2.99372
0.927 2.9923
0.928 2.99089
0.929 2.9895
0.93 2.98812
0.931 2.98676
0.932 2.98541
0.933 2.98409
0.934 2.98277
0.935 2.98148
0.936 2.9802
0.937 2.97893
0.938 2.97768
0.939 2.97645
0.94 2.97523
0.941 2.97403
0.942 2.97284
0.943 2.97167
0.944 2.97052
0.945 2.96938
0.946 2.96825
0.947 2.96714
0.948 2.96605
0.949 2.96497
0.95 2.96391
0.951 2.96286
0.952 2.96182
0.953 2.9608
0.954 2.9598
0.955 2.95881
0.956 2.95783
0.957 2.95687
0.958 2.95592
0.959 2.95499
0.96 2.95407
0.961 2.95317
0.962 2.95228
0.963 2.9514
0.964 2.95053
0.965 2.94968
0.966 2.94885
0.967 2.94802
0.968 2.94721
0.969 2.94641
0.97 2.94563
0.971 2.94485
0.972 2.94409
0.973 2.94335
0.974 2.94261
0.975 2.94189
0.976 2.94118
0.977 2.94048
0.978 2.93979
0.979 2.93912
0.98 2.93846
0.981 2.9378
0.982 2.93716
0.983 2.93653
0.984 2.93592
0.985 2.93531
0.986 2.93471
0.987 2.93413
0.988 2.93355
0.989 2.93299
0.99 2.93243
0.991 2.93189
0.992 2.93136
0.993 2.93083
0.994 2.93032
0.995 2.92982
0.996 2.92932
0.997 2.92884
0.998 2.92836
0.999 2.9279
1 2.92744
1.001 5
