0 5
0.001 3.41152
0.002 3.40757
0.003 3.40363
0.004 3.39969
0.005 3.39577
0.006 3.39185
0.007 3.38794
0.008 3.38403
0.009 3.38014
0.01 3.37626
0.011 3.37239
0.012 3.36853
0.013 3.36468
0.014 3.36085
0.015 3.35702
0.016 3.35321
0.017 3.34941
0.018 3.34563
0.019 3.34186
0.02 3.33811
0.021 3.33437
0.022 3.33064
0.023 3.32694
0.024 3.32325
0.025 3.31957
0.026 3.31592
0.027 3.31228
0.028 3.30866
0.029 3.30506
0.03 3.30148
0.031 3.29792
0.032 3.29437
0.033 3.29085
0.034 3.28735
0.035 3.28387
0.036 3.28042
0.037 3.27698
0.038 3.27357
0.039 3.27018
0.04 3.26682
0.041 3.26348
0.042 3.26016
0.043 3.25687
0.044 3.2536
0.045 3.25035
0.046 3.24714
0.047 3.24395
0.048 3.24078
0.049 3.23764
0.05 3.23453
0.051 3.23144
0.052 3.22839
0.053 3.22536
0.054 3.22235
0.055 3.21938
0.056 3.21643
0.057 3.21352
0.058 3.21063
0.059 3.20777
0.06 3.20494
0.061 3.20214
0.062 3.19937
0.063 3.19663
0.064 3.19392
0.065 3.19124
0.066 3.18859
0.067 3.18597
0.068 3.18338
0.069 3.18083
0.07 3.1783
0.071 3.17581
0.072 3.17334
0.073 3.17091
0.074 3.16851
0.075 3.16614
0.076 3.1638
0.077 3.1615
0.078 3.15922
0.079 3.15698
0.08 3.15477
0.081 3.15259
0.082 3.15045
0.083 3.14833
0.084 3.14625
0.085 3.1442
0.086 3.14218
0.087 3.1402
0.088 3.13824
0.089 3.13632
0.09 3.13443
0.091 3.13257
0.092 3.13074
0.093 3.12894
0.094 3.12718
0.095 3.12545
0.096 3.12375
0.097 3.12208
0.098 3.12044
0.099 3.11883
0.1 3.11725
0.101 3.11571
0.102 3.11419
0.103 3.11271
0.104 3.11125
0.105 3.10983
0.106 3.10844
0.107 3.10707
0.108 3.10574
0.109 3.10443
0.11 3.10316
0.111 3.10192
0.112 3.1007
0.113 3.09951
0.114 3.09836
0.115 3.09723
0.116 3.09613
0.117 3.09505
0.118 3.09401
0.119 3.09299
0.12 3.092
0.121 3.09104
0.122 3.09011
0.123 3.0892
0.124 3.08832
0.125 3.08747
0.126 3.08664
0.127 3.08584
0.128 3.08507
0.129 3.08432
0.13 3.08359
0.131 3.0829
0.132 3.08222
0.133 3.08157
0.134 3.08095
0.135 3.08035
0.136 3.07977
0.137 3.07922
0.138 3.07869
0.139 3.07819
0.14 3.07771
0.141 3.07725
0.142 3.07681
0.143 3.0764
0.144 3.07601
0.145 3.07564
0.146 3.07529
0.147 3.07496
0.148 3.07465
0.149 3.07437
0.15 3.07411
0.151 3.07386
0.152 3.07364
0.153 3.07343
0.154 3.07325
0.155 3.07309
0.156 3.07294
0.157 3.07281
0.158 3.07271
0.159 3.07262
0.16 3.07255
0.161 3.07249
0.162 3.07246
0.163 3.07244
0.164 3.07244
0.165 3.07246
0.166 3.07249
0.167 3.07254
0.168 3.07261
0.169 3.07269
0.17 3.07279
0.171 3.07291
0.172 3.07304
0.173 3.07319
0.174 3.07335
0.175 3.07352
0.176 3.07371
0.177 3.07392
0.178 3.07414
0.179 3.07437
0.18 3.07462
0.181 3.07488
0.182 3.07516
0.183 3.07544
0.184 3.07574
0.185 3.07606
0.186 3.07638
0.187 3.07672
0.188 3.07708
0.189 3.07744
0.19 3.07781
0.191 3.0782
0.192 3.0786
0.193 3.07901
0.194 3.07943
0.195 3.07986
0.196 3.08031
0.197 3.08076
0.198 3.08122
0.199 3.0817
0.2 3.08218
0.201 3.08268
0.202 3.08318
0.203 3.0837
0.204 3.08422
0.205 3.08475
0.206 3.0853
0.207 3.08585
0.208 3.08641
0.209 3.08698
0.21 3.08756
0.211 3.08814
0.212 3.08874
0.213 3.08934
0.214 3.08995
0.215 3.09057
0.216 3.09119
0.217 3.09183
0.218 3.09247
0.219 3.09312
0.22 3.09377
0.221 3.09444
0.222 3.09511
0.223 3.09578
0.224 3.09647
0.225 3.09716
0.226 3.09785
0.227 3.09856
0.228 3.09927
0.229 3.09998
0.23 3.1007
0.231 3.10143
0.232 3.10216
0.233 3.1029
0.234 3.10364
0.235 3.10439
0.236 3.10515
0.237 3.10591
0.238 3.10667
0.239 3.10744
0.24 3.10821
0.241 3.10899
0.242 3.10978
0.243 3.11057
0.244 3.11136
0.245 3.11216
0.246 3.11296
0.247 3.11376
0.248 3.11457
0.249 3.11539
0.25 3.1162
0.251 3.11702
0.252 3.11785
0.253 3.11868
0.254 3.11951
0.255 3.12034
0.256 3.12118
0.257 3.12202
0.258 3.12287
0.259 3.12372
0.26 3.12457
0.261 3.12542
0.262 3.12628
0.263 3.12714
0.264 3.128
0.265 3.12887
0.266 3.12973
0.267 3.1306
0.268 3.13147
0.269 3.13235
0.27 3.13322
0.271 3.1341
0.272 3.13498
0.273 3.13587
0.274 3.13675
0.275 3.13764
0.276 3.13852
0.277 3.13941
0.278 3.1403
0.279 3.1412
0.28 3.14209
0.281 3.14298
0.282 3.14388
0.283 3.14478
0.284 3.14568
0.285 3.14658
0.286 3.14748
0.287 3.14838
0.288 3.14928
0.289 3.15019
0.29 3.15109
0.291 3.152
0.292 3.1529
0.293 3.15381
0.294 3.15472
0.295 3.15562
0.296 3.15653
0.297 3.15744
0.298 3.15835
0.299 3.15926
0.3 3.16017
0.301 3.16108
0.302 3.16198
0.303 3.16289
0.304 3.1638
0.305 3.16471
0.306 3.16562
0.307 3.16653
0.308 3.16744
0.309 3.16834
0.31 3.16925
0.311 3.17016
0.312 3.17107
0.313 3.17197
0.314 3.17288
0.315 3.17378
0.316 3.17469
0.317 3.17559
0.318 3.17649
0.319 3.1774
0.32 3.1783
0.321 3.1792
0.322 3.1801
0.323 3.18099
0.324 3.18189
0.325 3.18279
0.326 3.18368
0.327 3.18458
0.328 3.18547
0.329 3.18636
0.33 3.18725
0.331 3.18814
0.332 3.18903
0.333 3.18991
0.334 3.1908
0.335 3.19168
0.336 3.19256
0.337 3.19344
0.338 3.19432
0.339 3.1952
0.34 3.19607
0.341 3.19694
0.342 3.19782
0.343 3.19869
0.344 3.19955
0.345 3.20042
0.346 3.20128
0.347 3.20215
0.348 3.20301
0.349 3.20386
0.35 3.20472
0.351 3.20558
0.352 3.20643
0.353 3.20728
0.354 3.20813
0.355 3.20897
0.356 3.20981
0.357 3.21066
0.358 3.2115
0.359 3.21233
0.36 3.21317
0.361 3.214
0.362 3.21483
0.363 3.21566
0.364 3.21648
0.365 3.2173
0.366 3.21812
0.367 3.21894
0.368 3.21976
0.369 3.22057
0.37 3.22138
0.371 3.22219
0.372 3.22299
0.373 3.2238
0.374 3.2246
0.375 3.22539
0.376 3.22619
0.377 3.22698
0.378 3.22777
0.379 3.22856
0.38 3.22934
0.381 3.23012
0.382 3.2309
0.383 3.23168
0.384 3.23245
0.385 3.23322
0.386 3.23399
0.387 3.23475
0.388 3.23551
0.389 3.23627
0.39 3.23703
0.391 3.23778
0.392 3.23853
0.393 3.23928
0.394 3.24002
0.395 3.24076
0.396 3.2415
0.397 3.24224
0.398 3.24297
0.399 3.2437
0.4 3.24442
0.401 3.24515
0.402 3.24587
0.403 3.24658
0.404 3.2473
0.405 3.24801
0.406 3.24872
0.407 3.24942
0.408 3.25013
0.409 3.25082
0.41 3.25152
0.411 3.25221
0.412 3.2529
0.413 3.25359
0.414 3.25427
0.415 3.25495
0.416 3.25563
0.417 3.2563
0.418 3.25698
0.419 3.25764
0.42 3.25831
0.421 3.25897
0.422 3.25963
0.423 3.26028
0.424 3.26094
0.425 3.26158
0.426 3.26223
0.427 3.26287
0.428 3.26351
0.429 3.26415
0.43 3.26478
0.431 3.26541
0.432 3.26604
0.433 3.26666
0.434 3.26728
0.435 3.2679
0.436 3.26851
0.437 3.26912
0.438 3.26973
0.439 3.27033
0.44 3.27093
0.441 3.27153
0.442 3.27213
0.443 3.27272
0.444 3.27331
0.445 3.27389
0.446 3.27447
0.447 3.27505
0.448 3.27563
0.449 3.2762
0.45 3.27677
0.451 3.27733
0.452 3.27789
0.453 3.27845
0.454 3.27901
0.455 3.27956
0.456 3.28011
0.457 3.28066
0.458 3.2812
0.459 3.28174
0.46 3.28228
0.461 3.28281
0.462 3.28334
0.463 3.28387
0.464 3.28439
0.465 3.28491
0.466 3.28543
0.467 3.28594
0.468 3.28645
0.469 3.28696
0.47 3.28747
0.471 3.28797
0.472 3.28846
0.473 3.28896
0.474 3.28945
0.475 3.28994
0.476 3.29042
0.477 3.2909
0.478 3.29138
0.479 3.29186
0.48 3.29233
0.481 3.2928
0.482 3.29327
0.483 3.29373
0.484 3.29419
0.485 3.29464
0.486 3.2951
0.487 3.29555
0.488 3.29599
0.489 3.29644
0.49 3.29688
0.491 3.29731
0.492 3.29775
0.493 3.29818
0.494 3.2986
0.495 3.29903
0.496 3.29945
0.497 3.29987
0.498 3.30028
0.499 3.30069
0.5 3.3011
0.501 3.3015
0.502 3.30191
0.503 3.3023
0.504 3.3027
0.505 3.30309
0.506 3.30348
0.507 3.30386
0.508 3.30425
0.509 3.30463
0.51 3.305
0.511 3.30537
0.512 3.30574
0.513 3.30611
0.514 3.30647
0.515 3.30683
0.516 3.30719
0.517 3.30754
0.518 3.30789
0.519 3.30824
0.52 3.30858
0.521 3.30892
0.522 3.30926
0.523 3.3096
0.524 3.30993
0.525 3.31025
0.526 3.31058
0.527 3.3109
0.528 3.31122
0.529 3.31153
0.53 3.31184
0.531 3.31215
0.532 3.31246
0.533 3.31276
0.534 3.31306
0.535 3.31335
0.536 3.31365
0.537 3.31393
0.538 3.31422
0.539 3.3145
0.54 3.31478
0.541 3.31506
0.542 3.31533
0.543 3.3156
0.544 3.31586
0.545 3.31613
0.546 3.31639
0.547 3.31664
0.548 3.3169
0.549 3.31715
0.55 3.31739
0.551 3.31763
0.552 3.31787
0.553 3.31811
0.554 3.31834
0.555 3.31857
0.556 3.3188
0.557 3.31902
0.558 3.31924
0.559 3.31946
0.56 3.31967
0.561 3.31988
0.562 3.32009
0.563 3.32029
0.564 3.32049
0.565 3.32069
0.566 3.32088
0.567 3.32107
0.568 3.32125
0.569 3.32144
0.57 3.32162
0.571 3.32179
0.572 3.32196
0.573 3.32213
0.574 3.3223
0.575 3.32246
0.576 3.32262
0.577 3.32277
0.578 3.32293
0.579 3.32307
0.58 3.32322
0.581 3.32336
0.582 3.3235
0.583 3.32363
0.584 3.32376
0.585 3.32389
0.586 3.32401
0.587 3.32413
0.588 3.32424
0.589 3.32436
0.59 3.32446
0.591 3.32457
0.592 3.32467
0.593 3.32477
0.594 3.32486
0.595 3.32495
0.596 3.32504
0.597 3.32512
0.598 3.3252
0.599 3.32527
0.6 3.32534
0.601 3.32541
0.602 3.32548
0.603 3.32553
0.604 3.32559
0.605 3.32564
0.606 3.32569
0.607 3.32573
0.608 3.32577
0.609 3.32581
0.61 3.32584
0.611 3.32587
0.612 3.32589
0.613 3.32591
0.614 3.32593
0.615 3.32594
0.616 3.32595
0.617 3.32595
0.618 3.32595
0.619 3.32594
0.62 3.32593
0.621 3.32592
0.622 3.3259
0.623 3.32588
0.624 3.32585
0.625 3.32582
0.626 3.32578
0.627 3.32574
0.628 3.32569
0.629 3.32564
0.63 3.32559
0.631 3.32553
0.632 3.32546
0.633 3.32539
0.634 3.32532
0.635 3.32524
0.636 3.32516
0.637 3.32507
0.638 3.32497
0.639 3.32488
0.64 3.32477
0.641 3.32466
0.642 3.32455
0.643 3.32443
0.644 3.3243
0.645 3.32417
0.646 3.32404
0.647 3.3239
0.648 3.32375
0.649 3.3236
0.65 3.32344
0.651 3.32327
0.652 3.3231
0.653 3.32293
0.654 3.32275
0.655 3.32256
0.656 3.32237
0.657 3.32217
0.658 3.32196
0.659 3.32175
0.66 3.32153
0.661 3.3213
0.662 3.32107
0.663 3.32083
0.664 3.32059
0.665 3.32034
0.666 3.32008
0.667 3.31981
0.668 3.31954
0.669 3.31926
0.67 3.31897
0.671 3.31868
0.672 3.31837
0.673 3.31806
0.674 3.31775
0.675 3.31742
0.676 3.31709
0.677 3.31675
0.678 3.3164
0.679 3.31604
0.68 3.31568
0.681 3.3153
0.682 3.31492
0.683 3.31453
0.684 3.31413
0.685 3.31372
0.686 3.3133
0.687 3.31288
0.688 3.31244
0.689 3.312
0.69 3.31154
0.691 3.31108
0.692 3.3106
0.693 3.31012
0.694 3.30963
0.695 3.30912
0.696 3.30861
0.697 3.30808
0.698 3.30755
0.699 3.307
0.7 3.30644
0.701 3.30588
0.702 3.3053
0.703 3.30471
0.704 3.30411
0.705 3.30349
0.706 3.30287
0.707 3.30223
0.708 3.30158
0.709 3.30092
0.71 3.30025
0.711 3.29956
0.712 3.29886
0.713 3.29815
0.714 3.29743
0.715 3.29669
0.716 3.29594
0.717 3.29517
0.718 3.2944
0.719 3.29361
0.72 3.2928
0.721 3.29198
0.722 3.29115
0.723 3.2903
0.724 3.28944
0.725 3.28856
0.726 3.28767
0.727 3.28676
0.728 3.28584
0.729 3.28491
0.73 3.28395
0.731 3.28299
0.732 3.282
0.733 3.28101
0.734 3.27999
0.735 3.27896
0.736 3.27791
0.737 3.27685
0.738 3.27577
0.739 3.27467
0.74 3.27356
0.741 3.27243
0.742 3.27129
0.743 3.27012
0.744 3.26894
0.745 3.26774
0.746 3.26653
0.747 3.2653
0.748 3.26405
0.749 3.26278
0.75 3.2615
0.751 3.26019
0.752 3.25887
0.753 3.25754
0.754 3.25618
0.755 3.25481
0.756 3.25341
0.757 3.252
0.758 3.25058
0.759 3.24913
0.76 3.24767
0.761 3.24619
0.762 3.24469
0.763 3.24317
0.764 3.24163
0.765 3.24008
0.766 3.23851
0.767 3.23692
0.768 3.23531
0.769 3.23368
0.77 3.23204
0.771 3.23038
0.772 3.2287
0.773 3.227
0.774 3.22529
0.775 3.22356
0.776 3.22181
0.777 3.22004
0.778 3.21826
0.779 3.21646
0.78 3.21464
0.781 3.21281
0.782 3.21096
0.783 3.20909
0.784 3.20721
0.785 3.20531
0.786 3.2034
0.787 3.20147
0.788 3.19953
0.789 3.19757
0.79 3.19559
0.791 3.1936
0.792 3.1916
0.793 3.18958
0.794 3.18755
0.795 3.18551
0.796 3.18345
0.797 3.18138
0.798 3.1793
0.799 3.1772
0.8 3.1751
0.801 3.17298
0.802 3.17085
0.803 3.16871
0.804 3.16655
0.805 3.16439
0.806 3.16222
0.807 3.16004
0.808 3.15785
0.809 3.15565
0.81 3.15344
0.811 3.15123
0.812 3.149
0.813 3.14677
0.814 3.14454
0.815 3.14229
0.816 3.14004
0.817 3.13779
0.818 3.13553
0.819 3.13326
0.82 3.131
0.821 3.12872
0.822 3.12645
0.823 3.12417
0.824 3.12189
0.825 3.11961
0.826 3.11732
0.827 3.11504
0.828 3.11275
0.829 3.11046
0.83 3.10818
0.831 3.10589
0.832 3.10361
0.833 3.10133
0.834 3.09905
0.835 3.09677
0.836 3.09449
0.837 3.09222
0.838 3.08995
0.839 3.08769
0.84 3.08543
0.841 3.08318
0.842 3.08093
0.843 3.07869
0.844 3.07645
0.845 3.07423
0.846 3.072
0.847 3.06979
0.848 3.06758
0.849 3.06539
0.85 3.0632
0.851 3.06102
0.852 3.05885
0.853 3.05669
0.854 3.05454
0.855 3.0524
0.856 3.05028
0.857 3.04816
0.858 3.04605
0.859 3.04396
0.86 3.04188
0.861 3.03981
0.862 3.03776
0.863 3.03572
0.864 3.03369
0.865 3.03168
0.866 3.02968
0.867 3.02769
0.868 3.02572
0.869 3.02376
0.87 3.02182
0.871 3.0199
0.872 3.01799
0.873 3.01609
0.874 3.01421
0.875 3.01235
0.876 3.0105
0.877 3.00867
0.878 3.00686
0.879 3.00506
0.88 3.00328
0.881 3.00152
0.882 2.99977
0.883 2.99805
0.884 2.99633
0.885 2.99464
0.886 2.99296
0.887 2.99131
0.888 2.98967
0.889 2.98804
0.89 2.98644
0.891 2.98485
0.892 2.98328
0.893 2.98173
0.894 2.9802
0.895 2.97868
0.896 2.97719
0.897 2.97571
0.898 2.97425
0.899 2.97281
0.9 2.97138
0.901 2.96998
0.902 2.96859
0.903 2.96722
0.904 2.96587
0.905 2.96453
0.906 2.96322
0.907 2.96192
0.908 2.96064
0.909 2.95938
0.91 2.95813
0.911 2.9569
0.912 2.95569
0.913 2.9545
0.914 2.95333
0.915 2.95217
0.916 2.95103
0.917 2.9499
0.918 2.9488
0.919 2.94771
0.92 2.94664
0.921 2.94558
0.922 2.94454
0.923 2.94352
0.924 2.94251
0.925 2.94152
0.926 2.94054
0.927 2.93958
0.928 2.93864
0.929 2.93771
0.93 2.9368
0.931 2.9359
0.932 2.93502
0.933 2.93416
0.934 2.9333
0.935 2.93247
0.936 2.93165
0.937 2.93084
0.938 2.93005
0.939 2.92927
0.94 2.9285
0.941 2.92775
0.942 2.92701
0.943 2.92629
0.944 2.92558
0.945 2.92488
0.946 2.9242
0.947 2.92353
0.948 2.92287
0.949 2.92223
0.95 2.9216
0.951 2.92098
0.952 2.92037
0.953 2.91977
0.954 2.91919
0.955 2.91862
0.956 2.91806
0.957 2.91751
0.958 2.91697
0.959 2.91645
0.96 2.91593
0.961 2.91543
0.962 2.91493
0.963 2.91445
0.964 2.91398
0.965 2.91352
0.966 2.91307
0.967 2.91262
0.968 2.91219
0.969 2.91177
0.97 2.91136
0.971 2.91096
0.972 2.91056
0.973 2.91018
0.974 2.9098
0.975 2.90944
0.976 2.90908
0.977 2.90873
0.978 2.90839
0.979 2.90806
0.98 2.90774
0.981 2.90742
0.982 2.90712
0.983 2.90682
0.984 2.90653
0.985 2.90624
0.986 2.90597
0.987 2.9057
0.988 2.90544
0.989 2.90519
0.99 2.90494
0.991 2.9047
0.992 2.90447
0.993 2.90424
0.994 2.90402
0.995 2.90381
0.996 2.90361
0.997 2.90341
0.998 2.90321
0.999 2.90303
1 2.90284
1.001 5
