0 -10
0.001 -6.22903
0.002 -6.21262
0.003 -6.19622
0.004 -6.17981
0.005 -6.16341
0.006 -6.14701
0.007 -6.13062
0.008 -6.11423
0.009 -6.09786
0.01 -6.08149
0.011 -6.06513
0.012 -6.04878
0.013 -6.03245
0.014 -6.01613
0.015 -5.99982
0.016 -5.98354
0.017 -5.96727
0.018 -5.95101
0.019 -5.93478
0.02 -5.91858
0.021 -5.90239
0.022 -5.88623
0.023 -5.87009
0.024 -5.85398
0.025 -5.83789
0.026 -5.82184
0.027 -5.80581
0.028 -5.78982
0.029 -5.77386
0.03 -5.75793
0.031 -5.74203
0.032 -5.72618
0.033 -5.71035
0.034 -5.69457
0.035 -5.67882
0.036 -5.66311
0.037 -5.64745
0.038 -5.63182
0.039 -5.61624
0.04 -5.6007
0.041 -5.58521
0.042 -5.56976
0.043 -5.55436
0.044 -5.53901
0.045 -5.5237
0.046 -5.50844
0.047 -5.49323
0.048 -5.47808
0.049 -5.46297
0.05 -5.44792
0.051 -5.43291
0.052 -5.41797
0.053 -5.40307
0.054 -5.38824
0.055 -5.37345
0.056 -5.35873
0.057 -5.34406
0.058 -5.32944
0.059 -5.31489
0.06 -5.30039
0.061 -5.28596
0.062 -5.27158
0.063 -5.25726
0.064 -5.243
0.065 -5.2288
0.066 -5.21467
0.067 -5.20059
0.068 -5.18658
0.069 -5.17263
0.07 -5.15874
0.071 -5.14492
0.072 -5.13115
0.073 -5.11745
0.074 -5.10382
0.075 -5.09024
0.076 -5.07673
0.077 -5.06329
0.078 -5.04991
0.079 -5.03659
0.08 -5.02333
0.081 -5.01014
0.082 -4.99702
0.083 -4.98396
0.084 -4.97096
0.085 -4.95803
0.086 -4.94516
0.087 -4.93235
0.088 -4.91961
0.089 -4.90694
0.09 -4.89432
0.091 -4.88177
0.092 -4.86929
0.093 -4.85686
0.094 -4.8445
0.095 -4.83221
0.096 -4.81997
0.097 -4.8078
0.098 -4.79569
0.099 -4.78365
0.1 -4.77166
0.101 -4.75974
0.102 -4.74788
0.103 -4.73608
0.104 -4.72434
0.105 -4.71266
0.106 -4.70104
0.107 -4.68948
0.108 -4.67798
0.109 -4.66653
0.11 -4.65515
0.111 -4.64383
0.112 -4.63256
0.113 -4.62135
0.114 -4.6102
0.115 -4.59911
0.116 -4.58807
0.117 -4.57708
0.118 -4.56616
0.119 -4.55529
0.12 -4.54447
0.121 -4.53371
0.122 -4.523
0.123 -4.51235
0.124 -4.50174
0.125 -4.4912
0.126 -4.4807
0.127 -4.47026
0.128 -4.45986
0.129 -4.44952
0.13 -4.43923
0.131 -4.42899
0.132 -4.4188
0.133 -4.40865
0.134 -4.39856
0.135 -4.38851
0.136 -4.37852
0.137 -4.36856
0.138 -4.35866
0.139 -4.3488
0.14 -4.33899
0.141 -4.32923
0.142 -4.31951
0.143 -4.30983
0.144 -4.3002
0.145 -4.29061
0.146 -4.28107
0.147 -4.27157
0.148 -4.26211
0.149 -4.25269
0.15 -4.24332
0.151 -4.23399
0.152 -4.22469
0.153 -4.21544
0.154 -4.20623
0.155 -4.19706
0.156 -4.18792
0.157 -4.17883
0.158 -4.16977
0.159 -4.16075
0.16 -4.15177
0.161 -4.14283
0.162 -4.13392
0.163 -4.12505
0.164 -4.11621
0.165 -4.10741
0.166 -4.09865
0.167 -4.08992
0.168 -4.08122
0.169 -4.07256
0.17 -4.06393
0.171 -4.05534
0.172 -4.04678
0.173 -4.03825
0.174 -4.02975
0.175 -4.02129
0.176 -4.01285
0.177 -4.00445
0.178 -3.99608
0.179 -3.98774
0.18 -3.97943
0.181 -3.97114
0.182 -3.96289
0.183 -3.95467
0.184 -3.94647
0.185 -3.93831
0.186 -3.93017
0.187 -3.92206
0.188 -3.91398
0.189 -3.90592
0.19 -3.89789
0.191 -3.88989
0.192 -3.88191
0.193 -3.87396
0.194 -3.86604
0.195 -3.85814
0.196 -3.85026
0.197 -3.84242
0.198 -3.83459
0.199 -3.82679
0.2 -3.81901
0.201 -3.81126
0.202 -3.80353
0.203 -3.79583
0.204 -3.78814
0.205 -3.78048
0.206 -3.77284
0.207 -3.76523
0.208 -3.75764
0.209 -3.75006
0.21 -3.74251
0.211 -3.73498
0.212 -3.72747
0.213 -3.71999
0.214 -3.71252
0.215 -3.70507
0.216 -3.69765
0.217 -3.69024
0.218 -3.68285
0.219 -3.67549
0.22 -3.66814
0.221 -3.66081
0.222 -3.6535
0.223 -3.64621
0.224 -3.63893
0.225 -3.63168
0.226 -3.62444
0.227 -3.61722
0.228 -3.61002
0.229 -3.60284
0.23 -3.59567
0.231 -3.58852
0.232 -3.58139
0.233 -3.57427
0.234 -3.56718
0.235 -3.56009
0.236 -3.55303
0.237 -3.54598
0.238 -3.53894
0.239 -3.53193
0.24 -3.52493
0.241 -3.51794
0.242 -3.51097
0.243 -3.50401
0.244 -3.49707
0.245 -3.49015
0.246 -3.48324
0.247 -3.47634
0.248 -3.46946
0.249 -3.46259
0.25 -3.45574
0.251 -3.44891
0.252 -3.44208
0.253 -3.43527
0.254 -3.42848
0.255 -3.42169
0.256 -3.41493
0.257 -3.40817
0.258 -3.40143
0.259 -3.3947
0.26 -3.38799
0.261 -3.38129
0.262 -3.3746
0.263 -3.36793
0.264 -3.36126
0.265 -3.35461
0.266 -3.34798
0.267 -3.34135
0.268 -3.33474
0.269 -3.32814
0.27 -3.32156
0.271 -3.31498
0.272 -3.30842
0.273 -3.30187
0.274 -3.29533
0.275 -3.2888
0.276 -3.28229
0.277 -3.27579
0.278 -3.2693
0.279 -3.26282
0.28 -3.25635
0.281 -3.24989
0.282 -3.24345
0.283 -3.23702
0.284 -3.2306
0.285 -3.22419
0.286 -3.21779
0.287 -3.2114
0.288 -3.20502
0.289 -3.19866
0.29 -3.1923
0.291 -3.18596
0.292 -3.17962
0.293 -3.1733
0.294 -3.16699
0.295 -3.16069
0.296 -3.1544
0.297 -3.14812
0.298 -3.14185
0.299 -3.1356
0.3 -3.12935
0.301 -3.12311
0.302 -3.11689
0.303 -3.11067
0.304 -3.10446
0.305 -3.09827
0.306 -3.09208
0.307 -3.08591
0.308 -3.07975
0.309 -3.07359
0.31 -3.06745
0.311 -3.06131
0.312 -3.05519
0.313 -3.04907
0.314 -3.04297
0.315 -3.03687
0.316 -3.03079
0.317 -3.02471
0.318 -3.01865
0.319 -3.01259
0.32 -3.00655
0.321 -3.00051
0.322 -2.99449
0.323 -2.98847
0.324 -2.98246
0.325 -2.97647
0.326 -2.97048
0.327 -2.9645
0.328 -2.95853
0.329 -2.95257
0.33 -2.94662
0.331 -2.94068
0.332 -2.93475
0.333 -2.92883
0.334 -2.92291
0.335 -2.91701
0.336 -2.91111
0.337 -2.90523
0.338 -2.89935
0.339 -2.89348
0.34 -2.88763
0.341 -2.88178
0.342 -2.87594
0.343 -2.8701
0.344 -2.86428
0.345 -2.85847
0.346 -2.85266
0.347 -2.84686
0.348 -2.84108
0.349 -2.8353
0.35 -2.82953
0.351 -2.82376
0.352 -2.81801
0.353 -2.81226
0.354 -2.80653
0.355 -2.8008
0.356 -2.79508
0.357 -2.78937
0.358 -2.78366
0.359 -2.77797
0.36 -2.77228
0.361 -2.7666
0.362 -2.76093
0.363 -2.75527
0.364 -2.74961
0.365 -2.74396
0.366 -2.73832
0.367 -2.73269
0.368 -2.72707
0.369 -2.72145
0.37 -2.71584
0.371 -2.71024
0.372 -2.70465
0.373 -2.69906
0.374 -2.69348
0.375 -2.68791
0.376 -2.68235
0.377 -2.67679
0.378 -2.67124
0.379 -2.6657
0.38 -2.66016
0.381 -2.65463
0.382 -2.64911
0.383 -2.6436
0.384 -2.63809
0.385 -2.63259
0.386 -2.62709
0.387 -2.62161
0.388 -2.61612
0.389 -2.61065
0.39 -2.60518
0.391 -2.59972
0.392 -2.59426
0.393 -2.58881
0.394 -2.58337
0.395 -2.57793
0.396 -2.5725
0.397 -2.56707
0.398 -2.56165
0.399 -2.55624
0.4 -2.55083
0.401 -2.54543
0.402 -2.54003
0.403 -2.53464
0.404 -2.52925
0.405 -2.52387
0.406 -2.5185
0.407 -2.51313
0.408 -2.50776
0.409 -2.5024
0.41 -2.49704
0.411 -2.49169
0.412 -2.48635
0.413 -2.481
0.414 -2.47567
0.415 -2.47033
0.416 -2.46501
0.417 -2.45968
0.418 -2.45436
0.419 -2.44905
0.42 -2.44373
0.421 -2.43843
0.422 -2.43312
0.423 -2.42782
0.424 -2.42253
0.425 -2.41723
0.426 -2.41194
0.427 -2.40666
0.428 -2.40137
0.429 -2.39609
0.43 -2.39082
0.431 -2.38554
0.432 -2.38027
0.433 -2.375
0.434 -2.36974
0.435 -2.36448
0.436 -2.35921
0.437 -2.35396
0.438 -2.3487
0.439 -2.34345
0.44 -2.3382
0.441 -2.33295
0.442 -2.3277
0.443 -2.32245
0.444 -2.31721
0.445 -2.31197
0.446 -2.30672
0.447 -2.30148
0.448 -2.29624
0.449 -2.29101
0.45 -2.28577
0.451 -2.28053
0.452 -2.2753
0.453 -2.27006
0.454 -2.26483
0.455 -2.2596
0.456 -2.25436
0.457 -2.24913
0.458 -2.2439
0.459 -2.23866
0.46 -2.23343
0.461 -2.2282
0.462 -2.22296
0.463 -2.21773
0.464 -2.21249
0.465 -2.20726
0.466 -2.20202
0.467 -2.19678
0.468 -2.19155
0.469 -2.18631
0.47 -2.18107
0.471 -2.17582
0.472 -2.17058
0.473 -2.16533
0.474 -2.16008
0.475 -2.15483
0.476 -2.14958
0.477 -2.14433
0.478 -2.13907
0.479 -2.13381
0.48 -2.12855
0.481 -2.12329
0.482 -2.11802
0.483 -2.11275
0.484 -2.10748
0.485 -2.1022
0.486 -2.09692
0.487 -2.09164
0.488 -2.08635
0.489 -2.08106
0.49 -2.07576
0.491 -2.07046
0.492 -2.06516
0.493 -2.05985
0.494 -2.05454
0.495 -2.04923
0.496 -2.04391
0.497 -2.03858
0.498 -2.03325
0.499 -2.02791
0.5 -2.02257
0.501 -2.01722
0.502 -2.01187
0.503 -2.00652
0.504 -2.00115
0.505 -1.99578
0.506 -1.99041
0.507 -1.98502
0.508 -1.97964
0.509 -1.97424
0.51 -1.96884
0.511 -1.96343
0.512 -1.95802
0.513 -1.95259
0.514 -1.94716
0.515 -1.94173
0.516 -1.93628
0.517 -1.93083
0.518 -1.92537
0.519 -1.9199
0.52 -1.91443
0.521 -1.90894
0.522 -1.90345
0.523 -1.89795
0.524 -1.89244
0.525 -1.88692
0.526 -1.8814
0.527 -1.87586
0.528 -1.87031
0.529 -1.86476
0.53 -1.85919
0.531 -1.85362
0.532 -1.84803
0.533 -1.84244
0.534 -1.83684
0.535 -1.83122
0.536 -1.8256
0.537 -1.81996
0.538 -1.81431
0.539 -1.80866
0.54 -1.80299
0.541 -1.79731
0.542 -1.79162
0.543 -1.78591
0.544 -1.7802
0.545 -1.77447
0.546 -1.76874
0.547 -1.76299
0.548 -1.75722
0.549 -1.75145
0.55 -1.74566
0.551 -1.73986
0.552 -1.73405
0.553 -1.72823
0.554 -1.72239
0.555 -1.71654
0.556 -1.71067
0.557 -1.70479
0.558 -1.6989
0.559 -1.69299
0.56 -1.68707
0.561 -1.68114
0.562 -1.67519
0.563 -1.66923
0.564 -1.66325
0.565 -1.65726
0.566 -1.65125
0.567 -1.64523
0.568 -1.63919
0.569 -1.63314
0.57 -1.62707
0.571 -1.62099
0.572 -1.61489
0.573 -1.60877
0.574 -1.60264
0.575 -1.5965
0.576 -1.59033
0.577 -1.58415
0.578 -1.57796
0.579 -1.57174
0.58 -1.56551
0.581 -1.55927
0.582 -1.55301
0.583 -1.54673
0.584 -1.54043
0.585 -1.53411
0.586 -1.52778
0.587 -1.52143
0.588 -1.51506
0.589 -1.50868
0.59 -1.50228
0.591 -1.49585
0.592 -1.48941
0.593 -1.48296
0.594 -1.47648
0.595 -1.46999
0.596 -1.46347
0.597 -1.45694
0.598 -1.45039
0.599 -1.44382
0.6 -1.43724
0.601 -1.43063
0.602 -1.424
0.603 -1.41736
0.604 -1.41069
0.605 -1.40401
0.606 -1.39731
0.607 -1.39058
0.608 -1.38384
0.609 -1.37708
0.61 -1.3703
0.611 -1.3635
0.612 -1.35668
0.613 -1.34984
0.614 -1.34298
0.615 -1.3361
0.616 -1.3292
0.617 -1.32228
0.618 -1.31534
0.619 -1.30838
0.62 -1.3014
0.621 -1.2944
0.622 -1.28738
0.623 -1.28035
0.624 -1.27329
0.625 -1.26621
0.626 -1.25911
0.627 -1.25199
0.628 -1.24485
0.629 -1.2377
0.63 -1.23052
0.631 -1.22332
0.632 -1.2161
0.633 -1.20887
0.634 -1.20161
0.635 -1.19434
0.636 -1.18704
0.637 -1.17973
0.638 -1.17239
0.639 -1.16504
0.64 -1.15767
0.641 -1.15028
0.642 -1.14287
0.643 -1.13544
0.644 -1.128
0.645 -1.12054
0.646 -1.11305
0.647 -1.10556
0.648 -1.09804
0.649 -1.0905
0.65 -1.08295
0.651 -1.07538
0.652 -1.0678
0.653 -1.06019
0.654 -1.05258
0.655 -1.04494
0.656 -1.03729
0.657 -1.02962
0.658 -1.02194
0.659 -1.01425
0.66 -1.00654
0.661 -0.99881
0.662 -0.99107
0.663 -0.983317
0.664 -0.975551
0.665 -0.967771
0.666 -0.959979
0.667 -0.952175
0.668 -0.944359
0.669 -0.936532
0.67 -0.928693
0.671 -0.920844
0.672 -0.912986
0.673 -0.905117
0.674 -0.89724
0.675 -0.889354
0.676 -0.88146
0.677 -0.873559
0.678 -0.86565
0.679 -0.857735
0.68 -0.849815
0.681 -0.841888
0.682 -0.833958
0.683 -0.826023
0.684 -0.818085
0.685 -0.810144
0.686 -0.802201
0.687 -0.794257
0.688 -0.786312
0.689 -0.778366
0.69 -0.770422
0.691 -0.762479
0.692 -0.754538
0.693 -0.7466
0.694 -0.738666
0.695 -0.730736
0.696 -0.722812
0.697 -0.714894
0.698 -0.706983
0.699 -0.699081
0.7 -0.691186
0.701 -0.683302
0.702 -0.675428
0.703 -0.667566
0.704 -0.659717
0.705 -0.651881
0.706 -0.644059
0.707 -0.636253
0.708 -0.628463
0.709 -0.620691
0.71 -0.612938
0.711 -0.605204
0.712 -0.597491
0.713 -0.5898
0.714 -0.582131
0.715 -0.574487
0.716 -0.566868
0.717 -0.559275
0.718 -0.55171
0.719 -0.544173
0.72 -0.536667
0.721 -0.529191
0.722 -0.521748
0.723 -0.514338
0.724 -0.506964
0.725 -0.499625
0.726 -0.492324
0.727 -0.485061
0.728 -0.477839
0.729 -0.470657
0.73 -0.463519
0.731 -0.456424
0.732 -0.449374
0.733 -0.442372
0.734 -0.435417
0.735 -0.428512
0.736 -0.421657
0.737 -0.414855
0.738 -0.408106
0.739 -0.401413
0.74 -0.394775
0.741 -0.388196
0.742 -0.381676
0.743 -0.375217
0.744 -0.36882
0.745 -0.362486
0.746 -0.356218
0.747 -0.350016
0.748 -0.343882
0.749 -0.337818
0.75 -0.331825
0.751 -0.325904
0.752 -0.320057
0.753 -0.314285
0.754 -0.30859
0.755 -0.302973
0.756 -0.297437
0.757 -0.291981
0.758 -0.286608
0.759 -0.281319
0.76 -0.276116
0.761 -0.271
0.762 -0.265972
0.763 -0.261034
0.764 -0.256188
0.765 -0.251434
0.766 -0.246775
0.767 -0.242211
0.768 -0.237744
0.769 -0.233376
0.77 -0.229107
0.771 -0.22494
0.772 -0.220875
0.773 -0.216914
0.774 -0.213058
0.775 -0.209308
0.776 -0.205667
0.777 -0.202134
0.778 -0.198712
0.779 -0.195401
0.78 -0.192203
0.781 -0.189119
0.782 -0.18615
0.783 -0.183298
0.784 -0.180563
0.785 -0.177947
0.786 -0.175451
0.787 -0.173076
0.788 -0.170823
0.789 -0.168693
0.79 -0.166687
0.791 -0.164806
0.792 -0.163052
0.793 -0.161424
0.794 -0.159924
0.795 -0.158554
0.796 -0.157313
0.797 -0.156202
0.798 -0.155224
0.799 -0.154377
0.8 -0.153664
0.801 -0.153084
0.802 -0.152639
0.803 -0.152329
0.804 -0.152155
0.805 -0.152118
0.806 -0.152217
0.807 -0.152455
0.808 -0.15283
0.809 -0.153344
0.81 -0.153998
0.811 -0.154791
0.812 -0.155724
0.813 -0.156798
0.814 -0.158013
0.815 -0.159368
0.816 -0.160865
0.817 -0.162504
0.818 -0.164285
0.819 -0.166207
0.82 -0.168272
0.821 -0.17048
0.822 -0.172829
0.823 -0.175322
0.824 -0.177956
0.825 -0.180734
0.826 -0.183654
0.827 -0.186716
0.828 -0.18992
0.829 -0.193267
0.83 -0.196755
0.831 -0.200386
0.832 -0.204157
0.833 -0.20807
0.834 -0.212124
0.835 -0.216319
0.836 -0.220653
0.837 -0.225128
0.838 -0.229741
0.839 -0.234494
0.84 -0.239385
0.841 -0.244414
0.842 -0.24958
0.843 -0.254883
0.844 -0.260321
0.845 -0.265895
0.846 -0.271604
0.847 -0.277446
0.848 -0.283422
0.849 -0.28953
0.85 -0.29577
0.851 -0.30214
0.852 -0.308641
0.853 -0.31527
0.854 -0.322027
0.855 -0.328911
0.856 -0.335922
0.857 -0.343057
0.858 -0.350317
0.859 -0.357699
0.86 -0.365204
0.861 -0.372829
0.862 -0.380574
0.863 -0.388437
0.864 -0.396417
0.865 -0.404514
0.866 -0.412726
0.867 -0.421051
0.868 -0.429488
0.869 -0.438037
0.87 -0.446695
0.871 -0.455462
0.872 -0.464335
0.873 -0.473315
0.874 -0.482398
0.875 -0.491585
0.876 -0.500873
0.877 -0.510261
0.878 -0.519748
0.879 -0.529331
0.88 -0.539011
0.881 -0.548784
0.882 -0.55865
0.883 -0.568608
0.884 -0.578654
0.885 -0.588789
0.886 -0.599011
0.887 -0.609317
0.888 -0.619706
0.889 -0.630177
0.89 -0.640729
0.891 -0.651359
0.892 -0.662066
0.893 -0.672848
0.894 -0.683704
0.895 -0.694632
0.896 -0.705631
0.897 -0.716698
0.898 -0.727833
0.899 -0.739033
0.9 -0.750297
0.901 -0.761624
0.902 -0.773011
0.903 -0.784457
0.904 -0.795961
0.905 -0.807521
0.906 -0.819134
0.907 -0.8308
0.908 -0.842518
0.909 -0.854284
0.91 -0.866098
0.911 -0.877958
0.912 -0.889863
0.913 -0.90181
0.914 -0.913799
0.915 -0.925827
0.916 -0.937894
0.917 -0.949997
0.918 -0.962135
0.919 -0.974306
0.92 -0.98651
0.921 -0.998743
0.922 -1.01101
0.923 -1.0233
0.924 -1.03561
0.925 -1.04795
0.926 -1.06031
0.927 -1.0727
0.928 -1.0851
0.929 -1.09752
0.93 -1.10996
0.931 -1.12242
0.932 -1.13489
0.933 -1.14737
0.934 -1.15986
0.935 -1.17237
0.936 -1.18488
0.937 -1.1974
0.938 -1.20992
0.939 -1.22246
0.94 -1.23499
0.941 -1.24753
0.942 -1.26006
0.943 -1.2726
0.944 -1.28514
0.945 -1.29767
0.946 -1.3102
0.947 -1.32273
0.948 -1.33525
0.949 -1.34776
0.95 -1.36026
0.951 -1.37275
0.952 -1.38524
0.953 -1.39771
0.954 -1.41017
0.955 -1.42262
0.956 -1.43505
0.957 -1.44746
0.958 -1.45986
0.959 -1.47224
0.96 -1.48461
0.961 -1.49695
0.962 -1.50928
0.963 -1.52158
0.964 -1.53386
0.965 -1.54612
0.966 -1.55836
0.967 -1.57057
0.968 -1.58275
0.969 -1.59491
0.97 -1.60704
0.971 -1.61915
0.972 -1.63123
0.973 -1.64328
0.974 -1.6553
0.975 -1.66729
0.976 -1.67924
0.977 -1.69117
0.978 -1.70307
0.979 -1.71493
0.98 -1.72676
0.981 -1.73855
0.982 -1.75031
0.983 -1.76204
0.984 -1.77373
0.985 -1.78539
0.986 -1.79701
0.987 -1.80859
0.988 -1.82013
0.989 -1.83164
0.99 -1.84311
0.991 -1.85454
0.992 -1.86593
0.993 -1.87729
0.994 -1.8886
0.995 -1.89987
0.996 -1.9111
0.997 -1.9223
0.998 -1.93345
0.999 -1.94456
1 -1.95563
1.001 -10
