0 0
0.001 0.44747
0.002 0.454961
0.003 0.462452
0.004 0.469942
0.005 0.477431
0.006 0.484917
0.007 0.4924
0.008 0.49988
0.009 0.507355
0.01 0.514826
0.011 0.522292
0.012 0.529751
0.013 0.537203
0.014 0.544649
0.015 0.552086
0.016 0.559515
0.017 0.566935
0.018 0.574345
0.019 0.581744
0.02 0.589133
0.021 0.59651
0.022 0.603875
0.023 0.611227
0.024 0.618566
0.025 0.625891
0.026 0.633202
0.027 0.640498
0.028 0.647778
0.029 0.655042
0.03 0.662289
0.031 0.66952
0.032 0.676732
0.033 0.683927
0.034 0.691103
0.035 0.69826
0.036 0.705397
0.037 0.712514
0.038 0.719611
0.039 0.726686
0.04 0.733741
0.041 0.740773
0.042 0.747783
0.043 0.754771
0.044 0.761735
0.045 0.768676
0.046 0.775593
0.047 0.782487
0.048 0.789355
0.049 0.796199
0.05 0.803018
0.051 0.809811
0.052 0.816579
0.053 0.82332
0.054 0.830036
0.055 0.836724
0.056 0.843387
0.057 0.850022
0.058 0.856629
0.059 0.86321
0.06 0.869763
0.061 0.876288
0.062 0.882785
0.063 0.889254
0.064 0.895695
0.065 0.902108
0.066 0.908492
0.067 0.914847
0.068 0.921174
0.069 0.927472
0.07 0.933742
0.071 0.939982
0.072 0.946194
0.073 0.952376
0.074 0.95853
0.075 0.964655
0.076 0.970751
0.077 0.976818
0.078 0.982856
0.079 0.988865
0.08 0.994845
0.081 1.0008
0.082 1.00672
0.083 1.01261
0.084 1.01848
0.085 1.02432
0.086 1.03012
0.087 1.0359
0.088 1.04166
0.089 1.04738
0.09 1.05308
0.091 1.05875
0.092 1.06439
0.093 1.07
0.094 1.07559
0.095 1.08115
0.096 1.08668
0.097 1.09218
0.098 1.09766
0.099 1.10311
0.1 1.10854
0.101 1.11394
0.102 1.11931
0.103 1.12466
0.104 1.12999
0.105 1.13528
0.106 1.14056
0.107 1.14581
0.108 1.15103
0.109 1.15623
0.11 1.16141
0.111 1.16656
0.112 1.17169
0.113 1.17679
0.114 1.18187
0.115 1.18693
0.116 1.19197
0.117 1.19698
0.118 1.20198
0.119 1.20695
0.12 1.2119
0.121 1.21682
0.122 1.22173
0.123 1.22662
0.124 1.23148
0.125 1.23633
0.126 1.24115
0.127 1.24596
0.128 1.25075
0.129 1.25551
0.13 1.26026
0.131 1.26499
0.132 1.2697
0.133 1.27439
0.134 1.27907
0.135 1.28373
0.136 1.28837
0.137 1.29299
0.138 1.2976
0.139 1.30218
0.14 1.30676
0.141 1.31132
0.142 1.31586
0.143 1.32038
0.144 1.32489
0.145 1.32939
0.146 1.33387
0.147 1.33833
0.148 1.34278
0.149 1.34722
0.15 1.35164
0.151 1.35605
0.152 1.36045
0.153 1.36483
0.154 1.3692
0.155 1.37356
0.156 1.37791
0.157 1.38224
0.158 1.38656
0.159 1.39087
0.16 1.39517
0.161 1.39945
0.162 1.40373
0.163 1.40799
0.164 1.41224
0.165 1.41649
0.166 1.42072
0.167 1.42494
0.168 1.42915
0.169 1.43336
0.17 1.43755
0.171 1.44173
0.172 1.44591
0.173 1.45007
0.174 1.45423
0.175 1.45838
0.176 1.46252
0.177 1.46665
0.178 1.47078
0.179 1.4749
0.18 1.479
0.181 1.48311
0.182 1.4872
0.183 1.49129
0.184 1.49537
0.185 1.49944
0.186 1.50351
0.187 1.50757
0.188 1.51163
0.189 1.51568
0.19 1.51972
0.191 1.52376
0.192 1.52779
0.193 1.53182
0.194 1.53584
0.195 1.53986
0.196 1.54387
0.197 1.54788
0.198 1.55188
0.199 1.55588
0.2 1.55987
0.201 1.56386
0.202 1.56785
0.203 1.57183
0.204 1.57581
0.205 1.57979
0.206 1.58376
0.207 1.58773
0.208 1.59169
0.209 1.59565
0.21 1.59961
0.211 1.60357
0.212 1.60752
0.213 1.61148
0.214 1.61543
0.215 1.61937
0.216 1.62332
0.217 1.62726
0.218 1.6312
0.219 1.63514
0.22 1.63908
0.221 1.64302
0.222 1.64695
0.223 1.65088
0.224 1.65482
0.225 1.65875
0.226 1.66268
0.227 1.66661
0.228 1.67054
0.229 1.67446
0.23 1.67839
0.231 1.68232
0.232 1.68624
0.233 1.69017
0.234 1.6941
0.235 1.69802
0.236 1.70195
0.237 1.70588
0.238 1.7098
0.239 1.71373
0.24 1.71766
0.241 1.72158
0.242 1.72551
0.243 1.72944
0.244 1.73337
0.245 1.7373
0.246 1.74123
0.247 1.74517
0.248 1.7491
0.249 1.75303
0.25 1.75697
0.251 1.76091
0.252 1.76485
0.253 1.76879
0.254 1.77273
0.255 1.77667
0.256 1.78061
0.257 1.78456
0.258 1.78851
0.259 1.79246
0.26 1.79641
0.261 1.80036
0.262 1.80432
0.263 1.80828
0.264 1.81224
0.265 1.8162
0.266 1.82017
0.267 1.82413
0.268 1.8281
0.269 1.83207
0.27 1.83605
0.271 1.84003
0.272 1.84401
0.273 1.84799
0.274 1.85197
0.275 1.85596
0.276 1.85995
0.277 1.86394
0.278 1.86794
0.279 1.87194
0.28 1.87594
0.281 1.87995
0.282 1.88396
0.283 1.88797
0.284 1.89198
0.285 1.896
0.286 1.90002
0.287 1.90405
0.288 1.90807
0.289 1.91211
0.29 1.91614
0.291 1.92018
0.292 1.92422
0.293 1.92827
0.294 1.93232
0.295 1.93637
0.296 1.94042
0.297 1.94448
0.298 1.94855
0.299 1.95262
0.3 1.95669
0.301 1.96076
0.302 1.96484
0.303 1.96892
0.304 1.97301
0.305 1.9771
0.306 1.9812
0.307 1.98529
0.308 1.9894
0.309 1.9935
0.31 1.99761
0.311 2.00173
0.312 2.00585
0.313 2.00997
0.314 2.0141
0.315 2.01823
0.316 2.02237
0.317 2.02651
0.318 2.03065
0.319 2.0348
0.32 2.03896
0.321 2.04311
0.322 2.04728
0.323 2.05144
0.324 2.05562
0.325 2.05979
0.326 2.06397
0.327 2.06816
0.328 2.07235
0.329 2.07654
0.33 2.08074
0.331 2.08494
0.332 2.08915
0.333 2.09337
0.334 2.09758
0.335 2.10181
0.336 2.10604
0.337 2.11027
0.338 2.11451
0.339 2.11875
0.34 2.123
0.341 2.12725
0.342 2.13151
0.343 2.13577
0.344 2.14003
0.345 2.14431
0.346 2.14859
0.347 2.15287
0.348 2.15716
0.349 2.16145
0.35 2.16575
0.351 2.17005
0.352 2.17436
0.353 2.17868
0.354 2.183
0.355 2.18732
0.356 2.19165
0.357 2.19599
0.358 2.20033
0.359 2.20468
0.36 2.20903
0.361 2.21339
0.362 2.21775
0.363 2.22212
0.364 2.2265
0.365 2.23088
0.366 2.23527
0.367 2.23966
0.368 2.24406
0.369 2.24847
0.37 2.25288
0.371 2.2573
0.372 2.26172
0.373 2.26615
0.374 2.27058
0.375 2.27503
0.376 2.27947
0.377 2.28393
0.378 2.28839
0.379 2.29286
0.38 2.29733
0.381 2.30181
0.382 2.3063
0.383 2.31079
0.384 2.31529
0.385 2.3198
0.386 2.32431
0.387 2.32883
0.388 2.33336
0.389 2.3379
0.39 2.34244
0.391 2.34699
0.392 2.35154
0.393 2.35611
0.394 2.36068
0.395 2.36525
0.396 2.36984
0.397 2.37443
0.398 2.37903
0.399 2.38364
0.4 2.38825
0.401 2.39288
0.402 2.39751
0.403 2.40215
0.404 2.40679
0.405 2.41145
0.406 2.41611
0.407 2.42078
0.408 2.42546
0.409 2.43015
0.41 2.43484
0.411 2.43955
0.412 2.44426
0.413 2.44898
0.414 2.45371
0.415 2.45845
0.416 2.4632
0.417 2.46795
0.418 2.47272
0.419 2.47749
0.42 2.48228
0.421 2.48707
0.422 2.49187
0.423 2.49669
0.424 2.50151
0.425 2.50634
0.426 2.51118
0.427 2.51603
0.428 2.52089
0.429 2.52577
0.43 2.53065
0.431 2.53554
0.432 2.54044
0.433 2.54535
0.434 2.55028
0.435 2.55521
0.436 2.56016
0.437 2.56511
0.438 2.57008
0.439 2.57506
0.44 2.58005
0.441 2.58505
0.442 2.59006
0.443 2.59508
0.444 2.60012
0.445 2.60517
0.446 2.61023
0.447 2.6153
0.448 2.62038
0.449 2.62548
0.45 2.63059
0.451 2.63571
0.452 2.64084
0.453 2.64599
0.454 2.65115
0.455 2.65632
0.456 2.66151
0.457 2.66671
0.458 2.67192
0.459 2.67714
0.46 2.68239
0.461 2.68764
0.462 2.69291
0.463 2.69819
0.464 2.70349
0.465 2.7088
0.466 2.71413
0.467 2.71947
0.468 2.72482
0.469 2.7302
0.47 2.73558
0.471 2.74099
0.472 2.7464
0.473 2.75184
0.474 2.75729
0.475 2.76275
0.476 2.76823
0.477 2.77373
0.478 2.77925
0.479 2.78478
0.48 2.79033
0.481 2.79589
0.482 2.80148
0.483 2.80708
0.484 2.81269
0.485 2.81833
0.486 2.82398
0.487 2.82966
0.488 2.83535
0.489 2.84106
0.49 2.84678
0.491 2.85253
0.492 2.8583
0.493 2.86408
0.494 2.86989
0.495 2.87571
0.496 2.88155
0.497 2.88742
0.498 2.8933
0.499 2.89921
0.5 2.90513
0.501 2.91108
0.502 2.91705
0.503 2.92304
0.504 2.92905
0.505 2.93508
0.506 2.94113
0.507 2.94721
0.508 2.95331
0.509 2.95943
0.51 2.96557
0.511 2.97174
0.512 2.97793
0.513 2.98415
0.514 2.99038
0.515 2.99664
0.516 3.00293
0.517 3.00924
0.518 3.01557
0.519 3.02193
0.52 3.02832
0.521 3.03473
0.522 3.04116
0.523 3.04763
0.524 3.05411
0.525 3.06063
0.526 3.06717
0.527 3.07373
0.528 3.08033
0.529 3.08695
0.53 3.0936
0.531 3.10028
0.532 3.10698
0.533 3.11372
0.534 3.12048
0.535 3.12727
0.536 3.13409
0.537 3.14094
0.538 3.14782
0.539 3.15473
0.54 3.16167
0.541 3.16864
0.542 3.17564
0.543 3.18267
0.544 3.18973
0.545 3.19683
0.546 3.20396
0.547 3.21112
0.548 3.21831
0.549 3.22553
0.55 3.23279
0.551 3.24008
0.552 3.2474
0.553 3.25476
0.554 3.26216
0.555 3.26958
0.556 3.27705
0.557 3.28454
0.558 3.29208
0.559 3.29965
0.56 3.30725
0.561 3.31489
0.562 3.32257
0.563 3.33029
0.564 3.33804
0.565 3.34583
0.566 3.35366
0.567 3.36152
0.568 3.36943
0.569 3.37737
0.57 3.38536
0.571 3.39338
0.572 3.40144
0.573 3.40955
0.574 3.41769
0.575 3.42587
0.576 3.4341
0.577 3.44237
0.578 3.45068
0.579 3.45903
0.58 3.46742
0.581 3.47586
0.582 3.48434
0.583 3.49286
0.584 3.50143
0.585 3.51005
0.586 3.5187
0.587 3.5274
0.588 3.53615
0.589 3.54494
0.59 3.55378
0.591 3.56267
0.592 3.5716
0.593 3.58058
0.594 3.5896
0.595 3.59868
0.596 3.6078
0.597 3.61697
0.598 3.62619
0.599 3.63546
0.6 3.64478
0.601 3.65414
0.602 3.66356
0.603 3.67303
0.604 3.68255
0.605 3.69212
0.606 3.70174
0.607 3.71141
0.608 3.72114
0.609 3.73092
0.61 3.74075
0.611 3.75063
0.612 3.76057
0.613 3.77056
0.614 3.78061
0.615 3.79071
0.616 3.80086
0.617 3.81107
0.618 3.82134
0.619 3.83166
0.62 3.84204
0.621 3.85247
0.622 3.86296
0.623 3.87351
0.624 3.88412
0.625 3.89478
0.626 3.9055
0.627 3.91628
0.628 3.92712
0.629 3.93802
0.63 3.94898
0.631 3.95999
0.632 3.97107
0.633 3.98221
0.634 3.9934
0.635 4.00466
0.636 4.01598
0.637 4.02736
0.638 4.0388
0.639 4.0503
0.64 4.06187
0.641 4.07349
0.642 4.08518
0.643 4.09694
0.644 4.10875
0.645 4.12063
0.646 4.13257
0.647 4.14458
0.648 4.15664
0.649 4.16878
0.65 4.18097
0.651 4.19323
0.652 4.20556
0.653 4.21795
0.654 4.2304
0.655 4.24292
0.656 4.25551
0.657 4.26816
0.658 4.28087
0.659 4.29365
0.66 4.3065
0.661 4.31941
0.662 4.33239
0.663 4.34543
0.664 4.35854
0.665 4.37171
0.666 4.38495
0.667 4.39826
0.668 4.41163
0.669 4.42507
0.67 4.43857
0.671 4.45214
0.672 4.46578
0.673 4.47948
0.674 4.49325
0.675 4.50708
0.676 4.52098
0.677 4.53494
0.678 4.54897
0.679 4.56307
0.68 4.57723
0.681 4.59145
0.682 4.60574
0.683 4.62009
0.684 4.63451
0.685 4.64899
0.686 4.66354
0.687 4.67815
0.688 4.69282
0.689 4.70756
0.69 4.72236
0.691 4.73722
0.692 4.75214
0.693 4.76713
0.694 4.78218
0.695 4.79728
0.696 4.81245
0.697 4.82768
0.698 4.84297
0.699 4.85832
0.7 4.87373
0.701 4.88919
0.702 4.90472
0.703 4.9203
0.704 4.93593
0.705 4.95163
0.706 4.96738
0.707 4.98318
0.708 4.99904
0.709 5.01495
0.71 5.03092
0.711 5.04694
0.712 5.06301
0.713 5.07913
0.714 5.0953
0.715 5.11152
0.716 5.12779
0.717 5.1441
0.718 5.16047
0.719 5.17688
0.72 5.19334
0.721 5.20984
0.722 5.22638
0.723 5.24297
0.724 5.25959
0.725 5.27626
0.726 5.29297
0.727 5.30972
0.728 5.3265
0.729 5.34333
0.73 5.36018
0.731 5.37708
0.732 5.394
0.733 5.41096
0.734 5.42795
0.735 5.44497
0.736 5.46202
0.737 5.47909
0.738 5.4962
0.739 5.51333
0.74 5.53048
0.741 5.54765
0.742 5.56485
0.743 5.58207
0.744 5.5993
0.745 5.61656
0.746 5.63383
0.747 5.65111
0.748 5.66841
0.749 5.68572
0.75 5.70304
0.751 5.72037
0.752 5.73771
0.753 5.75506
0.754 5.77241
0.755 5.78977
0.756 5.80712
0.757 5.82448
0.758 5.84184
0.759 5.85919
0.76 5.87655
0.761 5.89389
0.762 5.91123
0.763 5.92856
0.764 5.94588
0.765 5.96319
0.766 5.98049
0.767 5.99777
0.768 6.01504
0.769 6.03229
0.77 6.04952
0.771 6.06673
0.772 6.08391
0.773 6.10107
0.774 6.11821
0.775 6.13532
0.776 6.1524
0.777 6.16945
0.778 6.18647
0.779 6.20345
0.78 6.2204
0.781 6.23732
0.782 6.25419
0.783 6.27103
0.784 6.28782
0.785 6.30457
0.786 6.32127
0.787 6.33793
0.788 6.35454
0.789 6.3711
0.79 6.38761
0.791 6.40407
0.792 6.42047
0.793 6.43682
0.794 6.45311
0.795 6.46934
0.796 6.48551
0.797 6.50162
0.798 6.51767
0.799 6.53365
0.8 6.54956
0.801 6.56541
0.802 6.58118
0.803 6.59689
0.804 6.61252
0.805 6.62808
0.806 6.64357
0.807 6.65898
0.808 6.67431
0.809 6.68956
0.81 6.70474
0.811 6.71983
0.812 6.73483
0.813 6.74976
0.814 6.76459
0.815 6.77934
0.816 6.79401
0.817 6.80858
0.818 6.82306
0.819 6.83745
0.82 6.85175
0.821 6.86595
0.822 6.88006
0.823 6.89408
0.824 6.90799
0.825 6.92181
0.826 6.93553
0.827 6.94915
0.828 6.96266
0.829 6.97608
0.83 6.98939
0.831 7.0026
0.832 7.01571
0.833 7.0287
0.834 7.0416
0.835 7.05438
0.836 7.06706
0.837 7.07963
0.838 7.09209
0.839 7.10444
0.84 7.11668
0.841 7.1288
0.842 7.14082
0.843 7.15273
0.844 7.16452
0.845 7.1762
0.846 7.18776
0.847 7.19921
0.848 7.21055
0.849 7.22177
0.85 7.23287
0.851 7.24386
0.852 7.25474
0.853 7.2655
0.854 7.27614
0.855 7.28667
0.856 7.29708
0.857 7.30737
0.858 7.31754
0.859 7.3276
0.86 7.33754
0.861 7.34737
0.862 7.35708
0.863 7.36667
0.864 7.37614
0.865 7.3855
0.866 7.39474
0.867 7.40386
0.868 7.41287
0.869 7.42176
0.87 7.43053
0.871 7.43919
0.872 7.44774
0.873 7.45617
0.874 7.46448
0.875 7.47268
0.876 7.48076
0.877 7.48874
0.878 7.49659
0.879 7.50434
0.88 7.51197
0.881 7.51949
0.882 7.5269
0.883 7.5342
0.884 7.54139
0.885 7.54847
0.886 7.55544
0.887 7.5623
0.888 7.56906
0.889 7.5757
0.89 7.58224
0.891 7.58868
0.892 7.59501
0.893 7.60123
0.894 7.60735
0.895 7.61337
0.896 7.61929
0.897 7.6251
0.898 7.63081
0.899 7.63643
0.9 7.64194
0.901 7.64736
0.902 7.65268
0.903 7.6579
0.904 7.66302
0.905 7.66805
0.906 7.67299
0.907 7.67784
0.908 7.68259
0.909 7.68725
0.91 7.69182
0.911 7.6963
0.912 7.70069
0.913 7.70499
0.914 7.70921
0.915 7.71334
0.916 7.71739
0.917 7.72135
0.918 7.72523
0.919 7.72902
0.92 7.73274
0.921 7.73637
0.922 7.73993
0.923 7.7434
0.924 7.7468
0.925 7.75013
0.926 7.75337
0.927 7.75655
0.928 7.75964
0.929 7.76267
0.93 7.76562
0.931 7.7685
0.932 7.77132
0.933 7.77406
0.934 7.77674
0.935 7.77934
0.936 7.78188
0.937 7.78436
0.938 7.78677
0.939 7.78912
0.94 7.7914
0.941 7.79363
0.942 7.79579
0.943 7.79789
0.944 7.79993
0.945 7.80191
0.946 7.80384
0.947 7.80571
0.948 7.80753
0.949 7.80928
0.95 7.81099
0.951 7.81264
0.952 7.81424
0.953 7.81579
0.954 7.81728
0.955 7.81873
0.956 7.82013
0.957 7.82148
0.958 7.82278
0.959 7.82403
0.96 7.82524
0.961 7.8264
0.962 7.82752
0.963 7.8286
0.964 7.82963
0.965 7.83062
0.966 7.83156
0.967 7.83247
0.968 7.83334
0.969 7.83416
0.97 7.83495
0.971 7.8357
0.972 7.83641
0.973 7.83708
0.974 7.83772
0.975 7.83833
0.976 7.83889
0.977 7.83943
0.978 7.83993
0.979 7.84039
0.98 7.84083
0.981 7.84123
0.982 7.8416
0.983 7.84194
0.984 7.84225
0.985 7.84253
0.986 7.84278
0.987 7.84301
0.988 7.8432
0.989 7.84337
0.99 7.84351
0.991 7.84362
0.992 7.84371
0.993 7.84378
0.994 7.84381
0.995 7.84383
0.996 7.84382
0.997 7.84378
0.998 7.84373
0.999 7.84365
1 7.84355
1.001 0
