0 -10
0.001 -6.15644
0.002 -6.142
0.003 -6.12754
0.004 -6.11307
0.005 -6.09858
0.006 -6.08408
0.007 -6.06956
0.008 -6.05503
0.009 -6.04048
0.01 -6.02593
0.011 -6.01136
0.012 -5.99679
0.013 -5.9822
0.014 -5.96761
0.015 -5.95301
0.016 -5.9384
0.017 -5.92379
0.018 -5.90917
0.019 -5.89455
0.02 -5.87993
0.021 -5.86531
0.022 -5.85068
0.023 -5.83606
0.024 -5.82144
0.025 -5.80681
0.026 -5.7922
0.027 -5.77758
0.028 -5.76297
0.029 -5.74837
0.03 -5.73378
0.031 -5.71919
0.032 -5.70461
0.033 -5.69004
0.034 -5.67548
0.035 -5.66094
0.036 -5.6464
0.037 -5.63188
0.038 -5.61737
0.039 -5.60288
0.04 -5.58841
0.041 -5.57395
0.042 -5.55951
0.043 -5.54509
0.044 -5.53069
0.045 -5.51631
0.046 -5.50196
0.047 -5.48762
0.048 -5.47331
0.049 -5.45902
0.05 -5.44476
0.051 -5.43052
0.052 -5.41631
0.053 -5.40213
0.054 -5.38797
0.055 -5.37385
0.056 -5.35975
0.057 -5.34569
0.058 -5.33166
0.059 -5.31766
0.06 -5.30369
0.061 -5.28975
0.062 -5.27585
0.063 -5.26199
0.064 -5.24816
0.065 -5.23436
0.066 -5.2206
0.067 -5.20689
0.068 -5.1932
0.069 -5.17956
0.07 -5.16596
0.071 -5.15239
0.072 -5.13887
0.073 -5.12539
0.074 -5.11194
0.075 -5.09855
0.076 -5.08519
0.077 -5.07187
0.078 -5.0586
0.079 -5.04537
0.08 -5.03219
0.081 -5.01905
0.082 -5.00595
0.083 -4.9929
0.084 -4.9799
0.085 -4.96694
0.086 -4.95403
0.087 -4.94116
0.088 -4.92834
0.089 -4.91557
0.09 -4.90285
0.091 -4.89017
0.092 -4.87754
0.093 -4.86495
0.094 -4.85242
0.095 -4.83993
0.096 -4.82749
0.097 -4.8151
0.098 -4.80276
0.099 -4.79047
0.1 -4.77823
0.101 -4.76603
0.102 -4.75388
0.103 -4.74179
0.104 -4.72974
0.105 -4.71774
0.106 -4.70579
0.107 -4.69389
0.108 -4.68203
0.109 -4.67023
0.11 -4.65848
0.111 -4.64677
0.112 -4.63511
0.113 -4.6235
0.114 -4.61195
0.115 -4.60043
0.116 -4.58897
0.117 -4.57756
0.118 -4.56619
0.119 -4.55487
0.12 -4.54361
0.121 -4.53238
0.122 -4.52121
0.123 -4.51008
0.124 -4.49901
0.125 -4.48797
0.126 -4.47699
0.127 -4.46605
0.128 -4.45516
0.129 -4.44432
0.13 -4.43352
0.131 -4.42277
0.132 -4.41207
0.133 -4.40141
0.134 -4.39079
0.135 -4.38022
0.136 -4.3697
0.137 -4.35922
0.138 -4.34879
0.139 -4.3384
0.14 -4.32805
0.141 -4.31775
0.142 -4.3075
0.143 -4.29728
0.144 -4.28711
0.145 -4.27698
0.146 -4.2669
0.147 -4.25686
0.148 -4.24686
0.149 -4.2369
0.15 -4.22698
0.151 -4.21711
0.152 -4.20727
0.153 -4.19748
0.154 -4.18773
0.155 -4.17802
0.156 -4.16834
0.157 -4.15871
0.158 -4.14912
0.159 -4.13957
0.16 -4.13005
0.161 -4.12058
0.162 -4.11114
0.163 -4.10174
0.164 -4.09238
0.165 -4.08306
0.166 -4.07378
0.167 -4.06453
0.168 -4.05532
0.169 -4.04614
0.17 -4.03701
0.171 -4.02791
0.172 -4.01884
0.173 -4.00981
0.174 -4.00082
0.175 -3.99186
0.176 -3.98293
0.177 -3.97404
0.178 -3.96519
0.179 -3.95637
0.18 -3.94758
0.181 -3.93883
0.182 -3.93011
0.183 -3.92142
0.184 -3.91277
0.185 -3.90414
0.186 -3.89556
0.187 -3.887
0.188 -3.87847
0.189 -3.86998
0.19 -3.86152
0.191 -3.85309
0.192 -3.84469
0.193 -3.83632
0.194 -3.82798
0.195 -3.81967
0.196 -3.81139
0.197 -3.80314
0.198 -3.79492
0.199 -3.78673
0.2 -3.77857
0.201 -3.77043
0.202 -3.76233
0.203 -3.75425
0.204 -3.7462
0.205 -3.73818
0.206 -3.73019
0.207 -3.72222
0.208 -3.71429
0.209 -3.70638
0.21 -3.69849
0.211 -3.69063
0.212 -3.6828
0.213 -3.67499
0.214 -3.66721
0.215 -3.65946
0.216 -3.65173
0.217 -3.64403
0.218 -3.63635
0.219 -3.6287
0.22 -3.62107
0.221 -3.61346
0.222 -3.60588
0.223 -3.59832
0.224 -3.59079
0.225 -3.58328
0.226 -3.5758
0.227 -3.56833
0.228 -3.56089
0.229 -3.55348
0.23 -3.54608
0.231 -3.53871
0.232 -3.53136
0.233 -3.52403
0.234 -3.51672
0.235 -3.50944
0.236 -3.50218
0.237 -3.49494
0.238 -3.48772
0.239 -3.48052
0.24 -3.47334
0.241 -3.46618
0.242 -3.45904
0.243 -3.45192
0.244 -3.44483
0.245 -3.43775
0.246 -3.43069
0.247 -3.42365
0.248 -3.41663
0.249 -3.40963
0.25 -3.40265
0.251 -3.39569
0.252 -3.38875
0.253 -3.38182
0.254 -3.37492
0.255 -3.36803
0.256 -3.36116
0.257 -3.35431
0.258 -3.34748
0.259 -3.34066
0.26 -3.33386
0.261 -3.32708
0.262 -3.32032
0.263 -3.31357
0.264 -3.30684
0.265 -3.30013
0.266 -3.29343
0.267 -3.28675
0.268 -3.28009
0.269 -3.27345
0.27 -3.26681
0.271 -3.2602
0.272 -3.2536
0.273 -3.24702
0.274 -3.24045
0.275 -3.2339
0.276 -3.22737
0.277 -3.22085
0.278 -3.21434
0.279 -3.20785
0.28 -3.20138
0.281 -3.19492
0.282 -3.18847
0.283 -3.18204
0.284 -3.17562
0.285 -3.16922
0.286 -3.16283
0.287 -3.15646
0.288 -3.1501
0.289 -3.14376
0.29 -3.13743
0.291 -3.13111
0.292 -3.1248
0.293 -3.11851
0.294 -3.11224
0.295 -3.10598
0.296 -3.09973
0.297 -3.09349
0.298 -3.08727
0.299 -3.08106
0.3 -3.07486
0.301 -3.06868
0.302 -3.06251
0.303 -3.05635
0.304 -3.0502
0.305 -3.04407
0.306 -3.03795
0.307 -3.03184
0.308 -3.02574
0.309 -3.01966
0.31 -3.01359
0.311 -3.00753
0.312 -3.00148
0.313 -2.99545
0.314 -2.98942
0.315 -2.98341
0.316 -2.97741
0.317 -2.97142
0.318 -2.96545
0.319 -2.95948
0.32 -2.95353
0.321 -2.94759
0.322 -2.94166
0.323 -2.93574
0.324 -2.92983
0.325 -2.92393
0.326 -2.91805
0.327 -2.91217
0.328 -2.90631
0.329 -2.90045
0.33 -2.89461
0.331 -2.88878
0.332 -2.88296
0.333 -2.87715
0.334 -2.87135
0.335 -2.86556
0.336 -2.85978
0.337 -2.85401
0.338 -2.84826
0.339 -2.84251
0.34 -2.83677
0.341 -2.83104
0.342 -2.82533
0.343 -2.81962
0.344 -2.81392
0.345 -2.80823
0.346 -2.80256
0.347 -2.79689
0.348 -2.79123
0.349 -2.78558
0.35 -2.77994
0.351 -2.77432
0.352 -2.7687
0.353 -2.76309
0.354 -2.75749
0.355 -2.7519
0.356 -2.74631
0.357 -2.74074
0.358 -2.73518
0.359 -2.72962
0.36 -2.72408
0.361 -2.71854
0.362 -2.71302
0.363 -2.7075
0.364 -2.70199
0.365 -2.69649
0.366 -2.691
0.367 -2.68551
0.368 -2.68004
0.369 -2.67457
0.37 -2.66912
0.371 -2.66367
0.372 -2.65823
0.373 -2.6528
0.374 -2.64737
0.375 -2.64196
0.376 -2.63655
0.377 -2.63115
0.378 -2.62576
0.379 -2.62038
0.38 -2.615
0.381 -2.60963
0.382 -2.60427
0.383 -2.59892
0.384 -2.59358
0.385 -2.58824
0.386 -2.58291
0.387 -2.57759
0.388 -2.57228
0.389 -2.56697
0.39 -2.56167
0.391 -2.55638
0.392 -2.5511
0.393 -2.54582
0.394 -2.54055
0.395 -2.53528
0.396 -2.53003
0.397 -2.52478
0.398 -2.51954
0.399 -2.5143
0.4 -2.50907
0.401 -2.50385
0.402 -2.49863
0.403 -2.49342
0.404 -2.48822
0.405 -2.48302
0.406 -2.47783
0.407 -2.47265
0.408 -2.46747
0.409 -2.4623
0.41 -2.45713
0.411 -2.45197
0.412 -2.44682
0.413 -2.44167
0.414 -2.43653
0.415 -2.43139
0.416 -2.42626
0.417 -2.42113
0.418 -2.41601
0.419 -2.4109
0.42 -2.40579
0.421 -2.40068
0.422 -2.39558
0.423 -2.39049
0.424 -2.3854
0.425 -2.38031
0.426 -2.37523
0.427 -2.37016
0.428 -2.36509
0.429 -2.36002
0.43 -2.35496
0.431 -2.3499
0.432 -2.34485
0.433 -2.3398
0.434 -2.33476
0.435 -2.32972
0.436 -2.32468
0.437 -2.31965
0.438 -2.31462
0.439 -2.3096
0.44 -2.30458
0.441 -2.29956
0.442 -2.29455
0.443 -2.28954
0.444 -2.28453
0.445 -2.27953
0.446 -2.27453
0.447 -2.26953
0.448 -2.26454
0.449 -2.25955
0.45 -2.25456
0.451 -2.24957
0.452 -2.24459
0.453 -2.23961
0.454 -2.23463
0.455 -2.22966
0.456 -2.22468
0.457 -2.21971
0.458 -2.21474
0.459 -2.20978
0.46 -2.20481
0.461 -2.19985
0.462 -2.19489
0.463 -2.18993
0.464 -2.18497
0.465 -2.18001
0.466 -2.17506
0.467 -2.1701
0.468 -2.16515
0.469 -2.1602
0.47 -2.15525
0.471 -2.1503
0.472 -2.14535
0.473 -2.1404
0.474 -2.13546
0.475 -2.13051
0.476 -2.12556
0.477 -2.12062
0.478 -2.11567
0.479 -2.11072
0.48 -2.10578
0.481 -2.10083
0.482 -2.09589
0.483 -2.09094
0.484 -2.08599
0.485 -2.08105
0.486 -2.0761
0.487 -2.07115
0.488 -2.0662
0.489 -2.06125
0.49 -2.0563
0.491 -2.05135
0.492 -2.04639
0.493 -2.04144
0.494 -2.03648
0.495 -2.03153
0.496 -2.02657
0.497 -2.02161
0.498 -2.01664
0.499 -2.01168
0.5 -2.00671
0.501 -2.00174
0.502 -1.99677
0.503 -1.9918
0.504 -1.98682
0.505 -1.98185
0.506 -1.97686
0.507 -1.97188
0.508 -1.96689
0.509 -1.96191
0.51 -1.95691
0.511 -1.95192
0.512 -1.94692
0.513 -1.94192
0.514 -1.93691
0.515 -1.9319
0.516 -1.92689
0.517 -1.92187
0.518 -1.91685
0.519 -1.91182
0.52 -1.90679
0.521 -1.90176
0.522 -1.89672
0.523 -1.89168
0.524 -1.88663
0.525 -1.88158
0.526 -1.87653
0.527 -1.87146
0.528 -1.8664
0.529 -1.86133
0.53 -1.85625
0.531 -1.85117
0.532 -1.84608
0.533 -1.84099
0.534 -1.83589
0.535 -1.83078
0.536 -1.82567
0.537 -1.82056
0.538 -1.81543
0.539 -1.8103
0.54 -1.80517
0.541 -1.80003
0.542 -1.79488
0.543 -1.78972
0.544 -1.78456
0.545 -1.77939
0.546 -1.77422
0.547 -1.76903
0.548 -1.76384
0.549 -1.75864
0.55 -1.75344
0.551 -1.74823
0.552 -1.74301
0.553 -1.73778
0.554 -1.73254
0.555 -1.7273
0.556 -1.72204
0.557 -1.71678
0.558 -1.71152
0.559 -1.70624
0.56 -1.70095
0.561 -1.69566
0.562 -1.69035
0.563 -1.68504
0.564 -1.67972
0.565 -1.67439
0.566 -1.66905
0.567 -1.6637
0.568 -1.65834
0.569 -1.65298
0.57 -1.6476
0.571 -1.64221
0.572 -1.63681
0.573 -1.63141
0.574 -1.62599
0.575 -1.62056
0.576 -1.61513
0.577 -1.60968
0.578 -1.60422
0.579 -1.59875
0.58 -1.59327
0.581 -1.58778
0.582 -1.58228
0.583 -1.57677
0.584 -1.57125
0.585 -1.56571
0.586 -1.56017
0.587 -1.55461
0.588 -1.54904
0.589 -1.54346
0.59 -1.53787
0.591 -1.53227
0.592 -1.52665
0.593 -1.52103
0.594 -1.51539
0.595 -1.50974
0.596 -1.50408
0.597 -1.4984
0.598 -1.49271
0.599 -1.48701
0.6 -1.4813
0.601 -1.47558
0.602 -1.46984
0.603 -1.46409
0.604 -1.45833
0.605 -1.45255
0.606 -1.44676
0.607 -1.44096
0.608 -1.43515
0.609 -1.42932
0.61 -1.42348
0.611 -1.41762
0.612 -1.41176
0.613 -1.40588
0.614 -1.39998
0.615 -1.39408
0.616 -1.38815
0.617 -1.38222
0.618 -1.37627
0.619 -1.37031
0.62 -1.36433
0.621 -1.35834
0.622 -1.35234
0.623 -1.34632
0.624 -1.34029
0.625 -1.33425
0.626 -1.32819
0.627 -1.32211
0.628 -1.31603
0.629 -1.30993
0.63 -1.30381
0.631 -1.29768
0.632 -1.29154
0.633 -1.28538
0.634 -1.27921
0.635 -1.27303
0.636 -1.26683
0.637 -1.26061
0.638 -1.25438
0.639 -1.24814
0.64 -1.24189
0.641 -1.23562
0.642 -1.22933
0.643 -1.22303
0.644 -1.21672
0.645 -1.2104
0.646 -1.20406
0.647 -1.1977
0.648 -1.19133
0.649 -1.18495
0.65 -1.17856
0.651 -1.17215
0.652 -1.16573
0.653 -1.15929
0.654 -1.15284
0.655 -1.14638
0.656 -1.1399
0.657 -1.13341
0.658 -1.12691
0.659 -1.12039
0.66 -1.11386
0.661 -1.10732
0.662 -1.10077
0.663 -1.0942
0.664 -1.08762
0.665 -1.08103
0.666 -1.07443
0.667 -1.06781
0.668 -1.06118
0.669 -1.05454
0.67 -1.04789
0.671 -1.04123
0.672 -1.03455
0.673 -1.02787
0.674 -1.02117
0.675 -1.01446
0.676 -1.00775
0.677 -1.00102
0.678 -0.99428
0.679 -0.987532
0.68 -0.980774
0.681 -0.974007
0.682 -0.96723
0.683 -0.960445
0.684 -0.95365
0.685 -0.946847
0.686 -0.940036
0.687 -0.933217
0.688 -0.92639
0.689 -0.919556
0.69 -0.912715
0.691 -0.905868
0.692 -0.899013
0.693 -0.892153
0.694 -0.885287
0.695 -0.878415
0.696 -0.871539
0.697 -0.864657
0.698 -0.857771
0.699 -0.850882
0.7 -0.843988
0.701 -0.837092
0.702 -0.830193
0.703 -0.823291
0.704 -0.816387
0.705 -0.809482
0.706 -0.802576
0.707 -0.795669
0.708 -0.788762
0.709 -0.781855
0.71 -0.774949
0.711 -0.768044
0.712 -0.761141
0.713 -0.754241
0.714 -0.747343
0.715 -0.740448
0.716 -0.733557
0.717 -0.72667
0.718 -0.719789
0.719 -0.712912
0.72 -0.706042
0.721 -0.699179
0.722 -0.692323
0.723 -0.685474
0.724 -0.678634
0.725 -0.671803
0.726 -0.664982
0.727 -0.658171
0.728 -0.651371
0.729 -0.644583
0.73 -0.637807
0.731 -0.631044
0.732 -0.624294
0.733 -0.617559
0.734 -0.61084
0.735 -0.604135
0.736 -0.597448
0.737 -0.590778
0.738 -0.584125
0.739 -0.577492
0.74 -0.570877
0.741 -0.564284
0.742 -0.557711
0.743 -0.55116
0.744 -0.544632
0.745 -0.538127
0.746 -0.531646
0.747 -0.525191
0.748 -0.518761
0.749 -0.512358
0.75 -0.505983
0.751 -0.499636
0.752 -0.493318
0.753 -0.487031
0.754 -0.480774
0.755 -0.47455
0.756 -0.468358
0.757 -0.4622
0.758 -0.456076
0.759 -0.449988
0.76 -0.443936
0.761 -0.437922
0.762 -0.431946
0.763 -0.426008
0.764 -0.420111
0.765 -0.414255
0.766 -0.408441
0.767 -0.40267
0.768 -0.396943
0.769 -0.39126
0.77 -0.385624
0.771 -0.380033
0.772 -0.374491
0.773 -0.368997
0.774 -0.363553
0.775 -0.358159
0.776 -0.352817
0.777 -0.347527
0.778 -0.342291
0.779 -0.337109
0.78 -0.331983
0.781 -0.326913
0.782 -0.3219
0.783 -0.316945
0.784 -0.31205
0.785 -0.307215
0.786 -0.302442
0.787 -0.29773
0.788 -0.293082
0.789 -0.288498
0.79 -0.283978
0.791 -0.279525
0.792 -0.275139
0.793 -0.270821
0.794 -0.266571
0.795 -0.262392
0.796 -0.258283
0.797 -0.254245
0.798 -0.250281
0.799 -0.24639
0.8 -0.242573
0.801 -0.238831
0.802 -0.235166
0.803 -0.231578
0.804 -0.228068
0.805 -0.224637
0.806 -0.221285
0.807 -0.218014
0.808 -0.214825
0.809 -0.211718
0.81 -0.208693
0.811 -0.205753
0.812 -0.202898
0.813 -0.200128
0.814 -0.197445
0.815 -0.194848
0.816 -0.19234
0.817 -0.18992
0.818 -0.18759
0.819 -0.185349
0.82 -0.1832
0.821 -0.181142
0.822 -0.179176
0.823 -0.177304
0.824 -0.175524
0.825 -0.17384
0.826 -0.17225
0.827 -0.170755
0.828 -0.169357
0.829 -0.168055
0.83 -0.166851
0.831 -0.165745
0.832 -0.164737
0.833 -0.163828
0.834 -0.163018
0.835 -0.162309
0.836 -0.1617
0.837 -0.161192
0.838 -0.160785
0.839 -0.160481
0.84 -0.160278
0.841 -0.160179
0.842 -0.160182
0.843 -0.160289
0.844 -0.160499
0.845 -0.160814
0.846 -0.161233
0.847 -0.161757
0.848 -0.162386
0.849 -0.16312
0.85 -0.16396
0.851 -0.164906
0.852 -0.165957
0.853 -0.167115
0.854 -0.168379
0.855 -0.16975
0.856 -0.171227
0.857 -0.172811
0.858 -0.174502
0.859 -0.1763
0.86 -0.178205
0.861 -0.180217
0.862 -0.182336
0.863 -0.184562
0.864 -0.186895
0.865 -0.189336
0.866 -0.191883
0.867 -0.194537
0.868 -0.197298
0.869 -0.200166
0.87 -0.203141
0.871 -0.206222
0.872 -0.209409
0.873 -0.212702
0.874 -0.216102
0.875 -0.219607
0.876 -0.223217
0.877 -0.226933
0.878 -0.230754
0.879 -0.23468
0.88 -0.23871
0.881 -0.242844
0.882 -0.247081
0.883 -0.251423
0.884 -0.255867
0.885 -0.260413
0.886 -0.265062
0.887 -0.269813
0.888 -0.274665
0.889 -0.279618
0.89 -0.284671
0.891 -0.289824
0.892 -0.295077
0.893 -0.300428
0.894 -0.305878
0.895 -0.311426
0.896 -0.317071
0.897 -0.322812
0.898 -0.328649
0.899 -0.334582
0.9 -0.34061
0.901 -0.346731
0.902 -0.352946
0.903 -0.359254
0.904 -0.365654
0.905 -0.372145
0.906 -0.378728
0.907 -0.385399
0.908 -0.392161
0.909 -0.39901
0.91 -0.405948
0.911 -0.412972
0.912 -0.420082
0.913 -0.427278
0.914 -0.434558
0.915 -0.441922
0.916 -0.449368
0.917 -0.456897
0.918 -0.464507
0.919 -0.472197
0.92 -0.479966
0.921 -0.487814
0.922 -0.49574
0.923 -0.503742
0.924 -0.51182
0.925 -0.519972
0.926 -0.528199
0.927 -0.536499
0.928 -0.544871
0.929 -0.553313
0.93 -0.561826
0.931 -0.570408
0.932 -0.579058
0.933 -0.587776
0.934 -0.596559
0.935 -0.605408
0.936 -0.614321
0.937 -0.623297
0.938 -0.632335
0.939 -0.641435
0.94 -0.650595
0.941 -0.659813
0.942 -0.66909
0.943 -0.678424
0.944 -0.687814
0.945 -0.697259
0.946 -0.706758
0.947 -0.71631
0.948 -0.725914
0.949 -0.735569
0.95 -0.745273
0.951 -0.755026
0.952 -0.764827
0.953 -0.774675
0.954 -0.784568
0.955 -0.794506
0.956 -0.804487
0.957 -0.814511
0.958 -0.824576
0.959 -0.834682
0.96 -0.844827
0.961 -0.85501
0.962 -0.86523
0.963 -0.875487
0.964 -0.885779
0.965 -0.896105
0.966 -0.906464
0.967 -0.916856
0.968 -0.927278
0.969 -0.937731
0.97 -0.948212
0.971 -0.958722
0.972 -0.969259
0.973 -0.979821
0.974 -0.990409
0.975 -1.00102
0.976 -1.01166
0.977 -1.02231
0.978 -1.03299
0.979 -1.04369
0.98 -1.05441
0.981 -1.06514
0.982 -1.0759
0.983 -1.08666
0.984 -1.09745
0.985 -1.10825
0.986 -1.11906
0.987 -1.12989
0.988 -1.14072
0.989 -1.15157
0.99 -1.16243
0.991 -1.1733
0.992 -1.18417
0.993 -1.19505
0.994 -1.20594
0.995 -1.21684
0.996 -1.22774
0.997 -1.23864
0.998 -1.24955
0.999 -1.26046
1 -1.27137
1.001 -10
