0 0
0.001 0.632418
0.002 0.638484
0.003 0.644555
0.004 0.650631
0.005 0.656712
0.006 0.662796
0.007 0.668884
0.008 0.674975
0.009 0.681068
0.01 0.687164
0.011 0.693262
0.012 0.699362
0.013 0.705462
0.014 0.711563
0.015 0.717664
0.016 0.723765
0.017 0.729865
0.018 0.735964
0.019 0.742061
0.02 0.748156
0.021 0.754249
0.022 0.760339
0.023 0.766426
0.024 0.772509
0.025 0.778587
0.026 0.784661
0.027 0.79073
0.028 0.796793
0.029 0.802851
0.03 0.808902
0.031 0.814946
0.032 0.820983
0.033 0.827012
0.034 0.833034
0.035 0.839047
0.036 0.845051
0.037 0.851045
0.038 0.857031
0.039 0.863006
0.04 0.86897
0.041 0.874924
0.042 0.880867
0.043 0.886798
0.044 0.892717
0.045 0.898624
0.046 0.904518
0.047 0.910399
0.048 0.916267
0.049 0.922121
0.05 0.927961
0.051 0.933786
0.052 0.939597
0.053 0.945393
0.054 0.951174
0.055 0.956939
0.056 0.962689
0.057 0.968422
0.058 0.974139
0.059 0.979839
0.06 0.985522
0.061 0.991188
0.062 0.996837
0.063 1.00247
0.064 1.00808
0.065 1.01368
0.066 1.01925
0.067 1.02481
0.068 1.03035
0.069 1.03587
0.07 1.04138
0.071 1.04686
0.072 1.05232
0.073 1.05777
0.074 1.06319
0.075 1.0686
0.076 1.07398
0.077 1.07935
0.078 1.08469
0.079 1.09002
0.08 1.09532
0.081 1.10061
0.082 1.10587
0.083 1.11112
0.084 1.11634
0.085 1.12155
0.086 1.12673
0.087 1.1319
0.088 1.13704
0.089 1.14216
0.09 1.14726
0.091 1.15234
0.092 1.15741
0.093 1.16245
0.094 1.16747
0.095 1.17247
0.096 1.17745
0.097 1.18241
0.098 1.18735
0.099 1.19227
0.1 1.19717
0.101 1.20205
0.102 1.20691
0.103 1.21175
0.104 1.21657
0.105 1.22137
0.106 1.22615
0.107 1.23092
0.108 1.23566
0.109 1.24038
0.11 1.24509
0.111 1.24978
0.112 1.25444
0.113 1.25909
0.114 1.26373
0.115 1.26834
0.116 1.27294
0.117 1.27751
0.118 1.28207
0.119 1.28661
0.12 1.29114
0.121 1.29565
0.122 1.30014
0.123 1.30461
0.124 1.30907
0.125 1.31351
0.126 1.31793
0.127 1.32234
0.128 1.32673
0.129 1.3311
0.13 1.33546
0.131 1.33981
0.132 1.34414
0.133 1.34845
0.134 1.35275
0.135 1.35704
0.136 1.36131
0.137 1.36556
0.138 1.3698
0.139 1.37403
0.14 1.37824
0.141 1.38244
0.142 1.38663
0.143 1.3908
0.144 1.39496
0.145 1.39911
0.146 1.40324
0.147 1.40736
0.148 1.41147
0.149 1.41557
0.15 1.41965
0.151 1.42373
0.152 1.42779
0.153 1.43184
0.154 1.43587
0.155 1.4399
0.156 1.44392
0.157 1.44792
0.158 1.45192
0.159 1.4559
0.16 1.45988
0.161 1.46384
0.162 1.4678
0.163 1.47174
0.164 1.47568
0.165 1.4796
0.166 1.48352
0.167 1.48743
0.168 1.49133
0.169 1.49522
0.17 1.4991
0.171 1.50297
0.172 1.50684
0.173 1.51069
0.174 1.51454
0.175 1.51838
0.176 1.52221
0.177 1.52604
0.178 1.52986
0.179 1.53367
0.18 1.53747
0.181 1.54127
0.182 1.54506
0.183 1.54884
0.184 1.55262
0.185 1.55639
0.186 1.56015
0.187 1.56391
0.188 1.56766
0.189 1.57141
0.19 1.57515
0.191 1.57888
0.192 1.58261
0.193 1.58634
0.194 1.59006
0.195 1.59377
0.196 1.59748
0.197 1.60118
0.198 1.60488
0.199 1.60858
0.2 1.61227
0.201 1.61595
0.202 1.61963
0.203 1.62331
0.204 1.62698
0.205 1.63065
0.206 1.63432
0.207 1.63798
0.208 1.64164
0.209 1.6453
0.21 1.64895
0.211 1.6526
0.212 1.65624
0.213 1.65988
0.214 1.66352
0.215 1.66716
0.216 1.67079
0.217 1.67443
0.218 1.67806
0.219 1.68168
0.22 1.68531
0.221 1.68893
0.222 1.69255
0.223 1.69617
0.224 1.69978
0.225 1.7034
0.226 1.70701
0.227 1.71062
0.228 1.71423
0.229 1.71784
0.23 1.72144
0.231 1.72505
0.232 1.72865
0.233 1.73226
0.234 1.73586
0.235 1.73946
0.236 1.74306
0.237 1.74666
0.238 1.75026
0.239 1.75386
0.24 1.75746
0.241 1.76105
0.242 1.76465
0.243 1.76825
0.244 1.77184
0.245 1.77544
0.246 1.77904
0.247 1.78263
0.248 1.78623
0.249 1.78983
0.25 1.79342
0.251 1.79702
0.252 1.80062
0.253 1.80422
0.254 1.80781
0.255 1.81141
0.256 1.81501
0.257 1.81862
0.258 1.82222
0.259 1.82582
0.26 1.82942
0.261 1.83303
0.262 1.83663
0.263 1.84024
0.264 1.84385
0.265 1.84746
0.266 1.85107
0.267 1.85468
0.268 1.85829
0.269 1.86191
0.27 1.86552
0.271 1.86914
0.272 1.87276
0.273 1.87638
0.274 1.88001
0.275 1.88363
0.276 1.88726
0.277 1.89089
0.278 1.89452
0.279 1.89815
0.28 1.90179
0.281 1.90542
0.282 1.90906
0.283 1.9127
0.284 1.91635
0.285 1.92
0.286 1.92364
0.287 1.9273
0.288 1.93095
0.289 1.93461
0.29 1.93826
0.291 1.94193
0.292 1.94559
0.293 1.94926
0.294 1.95293
0.295 1.9566
0.296 1.96027
0.297 1.96395
0.298 1.96763
0.299 1.97132
0.3 1.975
0.301 1.97869
0.302 1.98239
0.303 1.98608
0.304 1.98978
0.305 1.99348
0.306 1.99719
0.307 2.0009
0.308 2.00461
0.309 2.00833
0.31 2.01205
0.311 2.01577
0.312 2.01949
0.313 2.02322
0.314 2.02696
0.315 2.03069
0.316 2.03443
0.317 2.03818
0.318 2.04192
0.319 2.04567
0.32 2.04943
0.321 2.05319
0.322 2.05695
0.323 2.06071
0.324 2.06448
0.325 2.06826
0.326 2.07203
0.327 2.07581
0.328 2.0796
0.329 2.08339
0.33 2.08718
0.331 2.09098
0.332 2.09478
0.333 2.09858
0.334 2.10239
0.335 2.10621
0.336 2.11002
0.337 2.11384
0.338 2.11767
0.339 2.1215
0.34 2.12533
0.341 2.12917
0.342 2.13302
0.343 2.13686
0.344 2.14071
0.345 2.14457
0.346 2.14843
0.347 2.15229
0.348 2.15616
0.349 2.16004
0.35 2.16391
0.351 2.1678
0.352 2.17168
0.353 2.17558
0.354 2.17947
0.355 2.18337
0.356 2.18728
0.357 2.19119
0.358 2.1951
0.359 2.19902
0.36 2.20295
0.361 2.20688
0.362 2.21081
0.363 2.21475
0.364 2.2187
0.365 2.22264
0.366 2.2266
0.367 2.23056
0.368 2.23452
0.369 2.23849
0.37 2.24246
0.371 2.24644
0.372 2.25043
0.373 2.25442
0.374 2.25841
0.375 2.26241
0.376 2.26642
0.377 2.27043
0.378 2.27444
0.379 2.27846
0.38 2.28249
0.381 2.28652
0.382 2.29056
0.383 2.2946
0.384 2.29865
0.385 2.30271
0.386 2.30677
0.387 2.31083
0.388 2.3149
0.389 2.31898
0.39 2.32306
0.391 2.32715
0.392 2.33124
0.393 2.33534
0.394 2.33945
0.395 2.34356
0.396 2.34768
0.397 2.3518
0.398 2.35593
0.399 2.36007
0.4 2.36421
0.401 2.36836
0.402 2.37252
0.403 2.37668
0.404 2.38084
0.405 2.38502
0.406 2.3892
0.407 2.39339
0.408 2.39758
0.409 2.40178
0.41 2.40599
0.411 2.4102
0.412 2.41442
0.413 2.41865
0.414 2.42288
0.415 2.42712
0.416 2.43137
0.417 2.43562
0.418 2.43989
0.419 2.44415
0.42 2.44843
0.421 2.45271
0.422 2.457
0.423 2.4613
0.424 2.46561
0.425 2.46992
0.426 2.47424
0.427 2.47857
0.428 2.48291
0.429 2.48725
0.43 2.4916
0.431 2.49596
0.432 2.50033
0.433 2.5047
0.434 2.50909
0.435 2.51348
0.436 2.51788
0.437 2.52229
0.438 2.5267
0.439 2.53113
0.44 2.53556
0.441 2.54
0.442 2.54445
0.443 2.54891
0.444 2.55338
0.445 2.55786
0.446 2.56234
0.447 2.56684
0.448 2.57134
0.449 2.57586
0.45 2.58038
0.451 2.58491
0.452 2.58945
0.453 2.594
0.454 2.59857
0.455 2.60314
0.456 2.60772
0.457 2.61231
0.458 2.61691
0.459 2.62152
0.46 2.62614
0.461 2.63077
0.462 2.63541
0.463 2.64006
0.464 2.64472
0.465 2.6494
0.466 2.65408
0.467 2.65878
0.468 2.66348
0.469 2.6682
0.47 2.67293
0.471 2.67766
0.472 2.68242
0.473 2.68718
0.474 2.69195
0.475 2.69674
0.476 2.70153
0.477 2.70634
0.478 2.71116
0.479 2.71599
0.48 2.72084
0.481 2.7257
0.482 2.73057
0.483 2.73545
0.484 2.74035
0.485 2.74525
0.486 2.75017
0.487 2.75511
0.488 2.76006
0.489 2.76502
0.49 2.76999
0.491 2.77498
0.492 2.77998
0.493 2.78499
0.494 2.79002
0.495 2.79507
0.496 2.80012
0.497 2.80519
0.498 2.81028
0.499 2.81538
0.5 2.82049
0.501 2.82562
0.502 2.83077
0.503 2.83593
0.504 2.8411
0.505 2.8463
0.506 2.8515
0.507 2.85672
0.508 2.86196
0.509 2.86721
0.51 2.87248
0.511 2.87777
0.512 2.88307
0.513 2.88839
0.514 2.89373
0.515 2.89908
0.516 2.90445
0.517 2.90983
0.518 2.91524
0.519 2.92066
0.52 2.9261
0.521 2.93155
0.522 2.93703
0.523 2.94252
0.524 2.94803
0.525 2.95356
0.526 2.95911
0.527 2.96467
0.528 2.97026
0.529 2.97586
0.53 2.98149
0.531 2.98713
0.532 2.99279
0.533 2.99848
0.534 3.00418
0.535 3.0099
0.536 3.01564
0.537 3.0214
0.538 3.02719
0.539 3.03299
0.54 3.03882
0.541 3.04466
0.542 3.05053
0.543 3.05642
0.544 3.06233
0.545 3.06826
0.546 3.07422
0.547 3.08019
0.548 3.08619
0.549 3.09222
0.55 3.09826
0.551 3.10433
0.552 3.11042
0.553 3.11653
0.554 3.12267
0.555 3.12883
0.556 3.13502
0.557 3.14123
0.558 3.14746
0.559 3.15372
0.56 3.16
0.561 3.16631
0.562 3.17264
0.563 3.179
0.564 3.18538
0.565 3.19179
0.566 3.19823
0.567 3.20469
0.568 3.21118
0.569 3.21769
0.57 3.22423
0.571 3.2308
0.572 3.2374
0.573 3.24402
0.574 3.25067
0.575 3.25735
0.576 3.26405
0.577 3.27079
0.578 3.27755
0.579 3.28434
0.58 3.29116
0.581 3.29801
0.582 3.30489
0.583 3.3118
0.584 3.31874
0.585 3.32571
0.586 3.33271
0.587 3.33973
0.588 3.34679
0.589 3.35388
0.59 3.361
0.591 3.36816
0.592 3.37534
0.593 3.38256
0.594 3.38981
0.595 3.39709
0.596 3.4044
0.597 3.41174
0.598 3.41912
0.599 3.42653
0.6 3.43398
0.601 3.44146
0.602 3.44897
0.603 3.45651
0.604 3.46409
0.605 3.47171
0.606 3.47936
0.607 3.48704
0.608 3.49476
0.609 3.50251
0.61 3.5103
0.611 3.51813
0.612 3.52599
0.613 3.53389
0.614 3.54182
0.615 3.5498
0.616 3.5578
0.617 3.56585
0.618 3.57393
0.619 3.58205
0.62 3.59021
0.621 3.59841
0.622 3.60664
0.623 3.61491
0.624 3.62323
0.625 3.63158
0.626 3.63997
0.627 3.6484
0.628 3.65686
0.629 3.66537
0.63 3.67392
0.631 3.68251
0.632 3.69114
0.633 3.69981
0.634 3.70852
0.635 3.71727
0.636 3.72606
0.637 3.7349
0.638 3.74377
0.639 3.75269
0.64 3.76165
0.641 3.77065
0.642 3.77969
0.643 3.78878
0.644 3.79791
0.645 3.80708
0.646 3.8163
0.647 3.82555
0.648 3.83486
0.649 3.8442
0.65 3.85359
0.651 3.86302
0.652 3.8725
0.653 3.88202
0.654 3.89159
0.655 3.9012
0.656 3.91086
0.657 3.92056
0.658 3.9303
0.659 3.94009
0.66 3.94993
0.661 3.95981
0.662 3.96974
0.663 3.97971
0.664 3.98973
0.665 3.99979
0.666 4.0099
0.667 4.02006
0.668 4.03026
0.669 4.04051
0.67 4.05081
0.671 4.06115
0.672 4.07154
0.673 4.08197
0.674 4.09246
0.675 4.10299
0.676 4.11356
0.677 4.12418
0.678 4.13485
0.679 4.14557
0.68 4.15633
0.681 4.16714
0.682 4.178
0.683 4.18891
0.684 4.19986
0.685 4.21086
0.686 4.2219
0.687 4.233
0.688 4.24414
0.689 4.25533
0.69 4.26656
0.691 4.27784
0.692 4.28917
0.693 4.30055
0.694 4.31197
0.695 4.32344
0.696 4.33495
0.697 4.34651
0.698 4.35812
0.699 4.36978
0.7 4.38148
0.701 4.39322
0.702 4.40502
0.703 4.41686
0.704 4.42874
0.705 4.44067
0.706 4.45265
0.707 4.46467
0.708 4.47673
0.709 4.48884
0.71 4.501
0.711 4.5132
0.712 4.52544
0.713 4.53773
0.714 4.55006
0.715 4.56243
0.716 4.57485
0.717 4.58731
0.718 4.59981
0.719 4.61236
0.72 4.62495
0.721 4.63758
0.722 4.65025
0.723 4.66296
0.724 4.67571
0.725 4.6885
0.726 4.70133
0.727 4.71421
0.728 4.72712
0.729 4.74007
0.73 4.75306
0.731 4.76608
0.732 4.77915
0.733 4.79225
0.734 4.80539
0.735 4.81856
0.736 4.83177
0.737 4.84502
0.738 4.85829
0.739 4.87161
0.74 4.88496
0.741 4.89834
0.742 4.91175
0.743 4.9252
0.744 4.93867
0.745 4.95218
0.746 4.96572
0.747 4.97929
0.748 4.99289
0.749 5.00651
0.75 5.02017
0.751 5.03385
0.752 5.04756
0.753 5.06129
0.754 5.07505
0.755 5.08883
0.756 5.10264
0.757 5.11648
0.758 5.13033
0.759 5.14421
0.76 5.15811
0.761 5.17202
0.762 5.18596
0.763 5.19992
0.764 5.2139
0.765 5.22789
0.766 5.2419
0.767 5.25593
0.768 5.26997
0.769 5.28402
0.77 5.29809
0.771 5.31218
0.772 5.32627
0.773 5.34038
0.774 5.3545
0.775 5.36862
0.776 5.38276
0.777 5.3969
0.778 5.41105
0.779 5.42521
0.78 5.43937
0.781 5.45354
0.782 5.46771
0.783 5.48188
0.784 5.49606
0.785 5.51023
0.786 5.52441
0.787 5.53859
0.788 5.55276
0.789 5.56694
0.79 5.5811
0.791 5.59527
0.792 5.60943
0.793 5.62358
0.794 5.63773
0.795 5.65187
0.796 5.666
0.797 5.68012
0.798 5.69423
0.799 5.70833
0.8 5.72242
0.801 5.73649
0.802 5.75055
0.803 5.76459
0.804 5.77862
0.805 5.79263
0.806 5.80663
0.807 5.8206
0.808 5.83456
0.809 5.84849
0.81 5.86241
0.811 5.8763
0.812 5.89016
0.813 5.90401
0.814 5.91783
0.815 5.93162
0.816 5.94539
0.817 5.95913
0.818 5.97284
0.819 5.98652
0.82 6.00017
0.821 6.01379
0.822 6.02738
0.823 6.04093
0.824 6.05445
0.825 6.06794
0.826 6.08139
0.827 6.0948
0.828 6.10818
0.829 6.12152
0.83 6.13482
0.831 6.14809
0.832 6.16131
0.833 6.17449
0.834 6.18762
0.835 6.20072
0.836 6.21377
0.837 6.22678
0.838 6.23974
0.839 6.25266
0.84 6.26553
0.841 6.27835
0.842 6.29112
0.843 6.30385
0.844 6.31652
0.845 6.32915
0.846 6.34172
0.847 6.35424
0.848 6.36671
0.849 6.37913
0.85 6.39149
0.851 6.4038
0.852 6.41605
0.853 6.42825
0.854 6.44039
0.855 6.45247
0.856 6.46449
0.857 6.47646
0.858 6.48837
0.859 6.50021
0.86 6.512
0.861 6.52373
0.862 6.53539
0.863 6.54699
0.864 6.55853
0.865 6.57001
0.866 6.58142
0.867 6.59277
0.868 6.60405
0.869 6.61527
0.87 6.62642
0.871 6.6375
0.872 6.64852
0.873 6.65947
0.874 6.67036
0.875 6.68117
0.876 6.69192
0.877 6.70259
0.878 6.7132
0.879 6.72374
0.88 6.7342
0.881 6.7446
0.882 6.75492
0.883 6.76517
0.884 6.77536
0.885 6.78546
0.886 6.7955
0.887 6.80546
0.888 6.81535
0.889 6.82517
0.89 6.83491
0.891 6.84458
0.892 6.85417
0.893 6.86369
0.894 6.87313
0.895 6.8825
0.896 6.89179
0.897 6.90101
0.898 6.91015
0.899 6.91922
0.9 6.92821
0.901 6.93712
0.902 6.94595
0.903 6.95471
0.904 6.9634
0.905 6.972
0.906 6.98053
0.907 6.98898
0.908 6.99736
0.909 7.00566
0.91 7.01388
0.911 7.02202
0.912 7.03008
0.913 7.03807
0.914 7.04598
0.915 7.05382
0.916 7.06157
0.917 7.06925
0.918 7.07685
0.919 7.08438
0.92 7.09182
0.921 7.09919
0.922 7.10649
0.923 7.1137
0.924 7.12084
0.925 7.1279
0.926 7.13489
0.927 7.1418
0.928 7.14864
0.929 7.15539
0.93 7.16207
0.931 7.16868
0.932 7.17521
0.933 7.18167
0.934 7.18805
0.935 7.19435
0.936 7.20059
0.937 7.20674
0.938 7.21283
0.939 7.21884
0.94 7.22477
0.941 7.23064
0.942 7.23643
0.943 7.24214
0.944 7.24779
0.945 7.25336
0.946 7.25887
0.947 7.2643
0.948 7.26966
0.949 7.27495
0.95 7.28017
0.951 7.28532
0.952 7.2904
0.953 7.29541
0.954 7.30036
0.955 7.30523
0.956 7.31004
0.957 7.31478
0.958 7.31945
0.959 7.32406
0.96 7.3286
0.961 7.33308
0.962 7.33749
0.963 7.34184
0.964 7.34612
0.965 7.35034
0.966 7.3545
0.967 7.35859
0.968 7.36262
0.969 7.36659
0.97 7.3705
0.971 7.37435
0.972 7.37814
0.973 7.38186
0.974 7.38553
0.975 7.38914
0.976 7.3927
0.977 7.39619
0.978 7.39963
0.979 7.40301
0.98 7.40633
0.981 7.4096
0.982 7.41282
0.983 7.41598
0.984 7.41908
0.985 7.42213
0.986 7.42513
0.987 7.42808
0.988 7.43097
0.989 7.43382
0.99 7.43661
0.991 7.43935
0.992 7.44205
0.993 7.44469
0.994 7.44729
0.995 7.44983
0.996 7.45233
0.997 7.45478
0.998 7.45719
0.999 7.45955
1 7.46186
1.001 0
