0 5
0.001 3.23421
0.002 3.23109
0.003 3.22797
0.004 3.22485
0.005 3.22173
0.006 3.21862
0.007 3.21552
0.008 3.21242
0.009 3.20932
0.01 3.20623
0.011 3.20315
0.012 3.20007
0.013 3.197
0.014 3.19393
0.015 3.19088
0.016 3.18783
0.017 3.18479
0.018 3.18175
0.019 3.17873
0.02 3.17572
0.021 3.17271
0.022 3.16972
0.023 3.16674
0.024 3.16376
0.025 3.1608
0.026 3.15785
0.027 3.15491
0.028 3.15199
0.029 3.14907
0.03 3.14617
0.031 3.14328
0.032 3.14041
0.033 3.13755
0.034 3.13471
0.035 3.13188
0.036 3.12906
0.037 3.12626
0.038 3.12348
0.039 3.12071
0.04 3.11797
0.041 3.11523
0.042 3.11252
0.043 3.10982
0.044 3.10714
0.045 3.10448
0.046 3.10184
0.047 3.09922
0.048 3.09661
0.049 3.09403
0.05 3.09147
0.051 3.08892
0.052 3.0864
0.053 3.0839
0.054 3.08142
0.055 3.07897
0.056 3.07653
0.057 3.07412
0.058 3.07173
0.059 3.06936
0.06 3.06702
0.061 3.0647
0.062 3.0624
0.063 3.06013
0.064 3.05788
0.065 3.05565
0.066 3.05345
0.067 3.05128
0.068 3.04913
0.069 3.04701
0.07 3.04491
0.071 3.04284
0.072 3.04079
0.073 3.03877
0.074 3.03678
0.075 3.03481
0.076 3.03287
0.077 3.03096
0.078 3.02907
0.079 3.02721
0.08 3.02538
0.081 3.02358
0.082 3.0218
0.083 3.02006
0.084 3.01834
0.085 3.01664
0.086 3.01498
0.087 3.01334
0.088 3.01174
0.089 3.01016
0.09 3.0086
0.091 3.00708
0.092 3.00559
0.093 3.00412
0.094 3.00268
0.095 3.00128
0.096 2.9999
0.097 2.99854
0.098 2.99722
0.099 2.99593
0.1 2.99466
0.101 2.99343
0.102 2.99222
0.103 2.99104
0.104 2.98989
0.105 2.98876
0.106 2.98767
0.107 2.9866
0.108 2.98556
0.109 2.98455
0.11 2.98357
0.111 2.98262
0.112 2.98169
0.113 2.98079
0.114 2.97992
0.115 2.97908
0.116 2.97827
0.117 2.97748
0.118 2.97672
0.119 2.97598
0.12 2.97528
0.121 2.9746
0.122 2.97394
0.123 2.97332
0.124 2.97272
0.125 2.97214
0.126 2.9716
0.127 2.97107
0.128 2.97058
0.129 2.9701
0.13 2.96966
0.131 2.96924
0.132 2.96884
0.133 2.96847
0.134 2.96812
0.135 2.9678
0.136 2.9675
0.137 2.96723
0.138 2.96698
0.139 2.96675
0.14 2.96655
0.141 2.96637
0.142 2.96621
0.143 2.96607
0.144 2.96596
0.145 2.96587
0.146 2.9658
0.147 2.96575
0.148 2.96572
0.149 2.96572
0.15 2.96574
0.151 2.96577
0.152 2.96583
0.153 2.96591
0.154 2.966
0.155 2.96612
0.156 2.96626
0.157 2.96641
0.158 2.96659
0.159 2.96678
0.16 2.967
0.161 2.96723
0.162 2.96747
0.163 2.96774
0.164 2.96803
0.165 2.96833
0.166 2.96865
0.167 2.96898
0.168 2.96933
0.169 2.9697
0.17 2.97009
0.171 2.97049
0.172 2.9709
0.173 2.97133
0.174 2.97178
0.175 2.97224
0.176 2.97272
0.177 2.97321
0.178 2.97371
0.179 2.97423
0.18 2.97477
0.181 2.97531
0.182 2.97587
0.183 2.97645
0.184 2.97703
0.185 2.97763
0.186 2.97824
0.187 2.97886
0.188 2.9795
0.189 2.98015
0.19 2.98081
0.191 2.98148
0.192 2.98216
0.193 2.98285
0.194 2.98355
0.195 2.98427
0.196 2.98499
0.197 2.98573
0.198 2.98647
0.199 2.98723
0.2 2.98799
0.201 2.98876
0.202 2.98955
0.203 2.99034
0.204 2.99114
0.205 2.99195
0.206 2.99277
0.207 2.9936
0.208 2.99443
0.209 2.99527
0.21 2.99612
0.211 2.99698
0.212 2.99785
0.213 2.99872
0.214 2.9996
0.215 3.00049
0.216 3.00139
0.217 3.00229
0.218 3.0032
0.219 3.00411
0.22 3.00503
0.221 3.00596
0.222 3.00689
0.223 3.00783
0.224 3.00878
0.225 3.00973
0.226 3.01068
0.227 3.01164
0.228 3.01261
0.229 3.01358
0.23 3.01456
0.231 3.01554
0.232 3.01653
0.233 3.01752
0.234 3.01851
0.235 3.01951
0.236 3.02052
0.237 3.02153
0.238 3.02254
0.239 3.02355
0.24 3.02457
0.241 3.0256
0.242 3.02662
0.243 3.02766
0.244 3.02869
0.245 3.02973
0.246 3.03077
0.247 3.03181
0.248 3.03286
0.249 3.03391
0.25 3.03496
0.251 3.03602
0.252 3.03707
0.253 3.03814
0.254 3.0392
0.255 3.04026
0.256 3.04133
0.257 3.0424
0.258 3.04347
0.259 3.04455
0.26 3.04562
0.261 3.0467
0.262 3.04778
0.263 3.04886
0.264 3.04995
0.265 3.05103
0.266 3.05212
0.267 3.0532
0.268 3.05429
0.269 3.05538
0.27 3.05648
0.271 3.05757
0.272 3.05866
0.273 3.05976
0.274 3.06085
0.275 3.06195
0.276 3.06305
0.277 3.06414
0.278 3.06524
0.279 3.06634
0.28 3.06744
0.281 3.06854
0.282 3.06965
0.283 3.07075
0.284 3.07185
0.285 3.07295
0.286 3.07405
0.287 3.07516
0.288 3.07626
0.289 3.07736
0.29 3.07847
0.291 3.07957
0.292 3.08067
0.293 3.08178
0.294 3.08288
0.295 3.08398
0.296 3.08508
0.297 3.08618
0.298 3.08729
0.299 3.08839
0.3 3.08949
0.301 3.09059
0.302 3.09169
0.303 3.09279
0.304 3.09389
0.305 3.09498
0.306 3.09608
0.307 3.09718
0.308 3.09827
0.309 3.09937
0.31 3.10046
0.311 3.10155
0.312 3.10264
0.313 3.10374
0.314 3.10483
0.315 3.10591
0.316 3.107
0.317 3.10809
0.318 3.10917
0.319 3.11026
0.32 3.11134
0.321 3.11242
0.322 3.1135
0.323 3.11458
0.324 3.11566
0.325 3.11673
0.326 3.11781
0.327 3.11888
0.328 3.11995
0.329 3.12102
0.33 3.12209
0.331 3.12316
0.332 3.12422
0.333 3.12529
0.334 3.12635
0.335 3.12741
0.336 3.12847
0.337 3.12953
0.338 3.13058
0.339 3.13163
0.34 3.13268
0.341 3.13373
0.342 3.13478
0.343 3.13583
0.344 3.13687
0.345 3.13791
0.346 3.13895
0.347 3.13999
0.348 3.14102
0.349 3.14206
0.35 3.14309
0.351 3.14412
0.352 3.14514
0.353 3.14617
0.354 3.14719
0.355 3.14821
0.356 3.14923
0.357 3.15024
0.358 3.15126
0.359 3.15227
0.36 3.15328
0.361 3.15428
0.362 3.15529
0.363 3.15629
0.364 3.15729
0.365 3.15828
0.366 3.15928
0.367 3.16027
0.368 3.16126
0.369 3.16225
0.37 3.16323
0.371 3.16421
0.372 3.16519
0.373 3.16617
0.374 3.16714
0.375 3.16812
0.376 3.16909
0.377 3.17005
0.378 3.17102
0.379 3.17198
0.38 3.17294
0.381 3.17389
0.382 3.17485
0.383 3.1758
0.384 3.17675
0.385 3.17769
0.386 3.17864
0.387 3.17958
0.388 3.18051
0.389 3.18145
0.39 3.18238
0.391 3.18331
0.392 3.18424
0.393 3.18516
0.394 3.18608
0.395 3.187
0.396 3.18792
0.397 3.18883
0.398 3.18974
0.399 3.19065
0.4 3.19155
0.401 3.19246
0.402 3.19336
0.403 3.19425
0.404 3.19515
0.405 3.19604
0.406 3.19692
0.407 3.19781
0.408 3.19869
0.409 3.19957
0.41 3.20045
0.411 3.20132
0.412 3.20219
0.413 3.20306
0.414 3.20393
0.415 3.20479
0.416 3.20565
0.417 3.20651
0.418 3.20736
0.419 3.20821
0.42 3.20906
0.421 3.20991
0.422 3.21075
0.423 3.21159
0.424 3.21243
0.425 3.21326
0.426 3.21409
0.427 3.21492
0.428 3.21575
0.429 3.21657
0.43 3.21739
0.431 3.21821
0.432 3.21902
0.433 3.21983
0.434 3.22064
0.435 3.22145
0.436 3.22225
0.437 3.22305
0.438 3.22385
0.439 3.22465
0.44 3.22544
0.441 3.22623
0.442 3.22701
0.443 3.2278
0.444 3.22858
0.445 3.22936
0.446 3.23013
0.447 3.23091
0.448 3.23168
0.449 3.23244
0.45 3.23321
0.451 3.23397
0.452 3.23473
0.453 3.23548
0.454 3.23624
0.455 3.23699
0.456 3.23774
0.457 3.23848
0.458 3.23923
0.459 3.23997
0.46 3.2407
0.461 3.24144
0.462 3.24217
0.463 3.2429
0.464 3.24363
0.465 3.24435
0.466 3.24507
0.467 3.24579
0.468 3.24651
0.469 3.24722
0.47 3.24793
0.471 3.24864
0.472 3.24935
0.473 3.25005
0.474 3.25075
0.475 3.25145
0.476 3.25214
0.477 3.25284
0.478 3.25353
0.479 3.25421
0.48 3.2549
0.481 3.25558
0.482 3.25626
0.483 3.25694
0.484 3.25762
0.485 3.25829
0.486 3.25896
0.487 3.25963
0.488 3.26029
0.489 3.26096
0.49 3.26162
0.491 3.26227
0.492 3.26293
0.493 3.26358
0.494 3.26423
0.495 3.26488
0.496 3.26553
0.497 3.26617
0.498 3.26681
0.499 3.26745
0.5 3.26809
0.501 3.26872
0.502 3.26936
0.503 3.26999
0.504 3.27061
0.505 3.27124
0.506 3.27186
0.507 3.27248
0.508 3.2731
0.509 3.27371
0.51 3.27433
0.511 3.27494
0.512 3.27555
0.513 3.27616
0.514 3.27676
0.515 3.27736
0.516 3.27796
0.517 3.27856
0.518 3.27916
0.519 3.27975
0.52 3.28034
0.521 3.28093
0.522 3.28152
0.523 3.28211
0.524 3.28269
0.525 3.28327
0.526 3.28385
0.527 3.28442
0.528 3.285
0.529 3.28557
0.53 3.28614
0.531 3.28671
0.532 3.28728
0.533 3.28784
0.534 3.2884
0.535 3.28896
0.536 3.28952
0.537 3.29008
0.538 3.29063
0.539 3.29119
0.54 3.29174
0.541 3.29229
0.542 3.29283
0.543 3.29338
0.544 3.29392
0.545 3.29446
0.546 3.295
0.547 3.29554
0.548 3.29607
0.549 3.2966
0.55 3.29713
0.551 3.29766
0.552 3.29819
0.553 3.29872
0.554 3.29924
0.555 3.29976
0.556 3.30028
0.557 3.3008
0.558 3.30132
0.559 3.30183
0.56 3.30235
0.561 3.30286
0.562 3.30337
0.563 3.30387
0.564 3.30438
0.565 3.30488
0.566 3.30539
0.567 3.30589
0.568 3.30639
0.569 3.30688
0.57 3.30738
0.571 3.30787
0.572 3.30837
0.573 3.30886
0.574 3.30935
0.575 3.30983
0.576 3.31032
0.577 3.3108
0.578 3.31129
0.579 3.31177
0.58 3.31225
0.581 3.31272
0.582 3.3132
0.583 3.31367
0.584 3.31415
0.585 3.31462
0.586 3.31509
0.587 3.31555
0.588 3.31602
0.589 3.31649
0.59 3.31695
0.591 3.31741
0.592 3.31787
0.593 3.31833
0.594 3.31879
0.595 3.31924
0.596 3.3197
0.597 3.32015
0.598 3.3206
0.599 3.32105
0.6 3.3215
0.601 3.32195
0.602 3.32239
0.603 3.32283
0.604 3.32328
0.605 3.32372
0.606 3.32416
0.607 3.32459
0.608 3.32503
0.609 3.32547
0.61 3.3259
0.611 3.32633
0.612 3.32676
0.613 3.32719
0.614 3.32762
0.615 3.32805
0.616 3.32847
0.617 3.32889
0.618 3.32932
0.619 3.32974
0.62 3.33016
0.621 3.33057
0.622 3.33099
0.623 3.33141
0.624 3.33182
0.625 3.33223
0.626 3.33264
0.627 3.33305
0.628 3.33346
0.629 3.33387
0.63 3.33427
0.631 3.33467
0.632 3.33508
0.633 3.33548
0.634 3.33588
0.635 3.33627
0.636 3.33667
0.637 3.33706
0.638 3.33746
0.639 3.33785
0.64 3.33824
0.641 3.33863
0.642 3.33902
0.643 3.3394
0.644 3.33979
0.645 3.34017
0.646 3.34055
0.647 3.34093
0.648 3.34131
0.649 3.34169
0.65 3.34206
0.651 3.34244
0.652 3.34281
0.653 3.34318
0.654 3.34355
0.655 3.34391
0.656 3.34428
0.657 3.34464
0.658 3.345
0.659 3.34537
0.66 3.34572
0.661 3.34608
0.662 3.34644
0.663 3.34679
0.664 3.34714
0.665 3.34749
0.666 3.34784
0.667 3.34818
0.668 3.34853
0.669 3.34887
0.67 3.34921
0.671 3.34955
0.672 3.34988
0.673 3.35022
0.674 3.35055
0.675 3.35088
0.676 3.35121
0.677 3.35153
0.678 3.35186
0.679 3.35218
0.68 3.3525
0.681 3.35281
0.682 3.35313
0.683 3.35344
0.684 3.35375
0.685 3.35406
0.686 3.35436
0.687 3.35466
0.688 3.35496
0.689 3.35526
0.69 3.35555
0.691 3.35584
0.692 3.35613
0.693 3.35641
0.694 3.3567
0.695 3.35698
0.696 3.35725
0.697 3.35753
0.698 3.3578
0.699 3.35806
0.7 3.35833
0.701 3.35859
0.702 3.35884
0.703 3.3591
0.704 3.35935
0.705 3.35959
0.706 3.35983
0.707 3.36007
0.708 3.36031
0.709 3.36054
0.71 3.36077
0.711 3.36099
0.712 3.36121
0.713 3.36142
0.714 3.36163
0.715 3.36184
0.716 3.36204
0.717 3.36224
0.718 3.36243
0.719 3.36262
0.72 3.3628
0.721 3.36298
0.722 3.36315
0.723 3.36332
0.724 3.36348
0.725 3.36364
0.726 3.36379
0.727 3.36394
0.728 3.36408
0.729 3.36422
0.73 3.36435
0.731 3.36447
0.732 3.36459
0.733 3.3647
0.734 3.36481
0.735 3.36491
0.736 3.365
0.737 3.36509
0.738 3.36517
0.739 3.36524
0.74 3.3653
0.741 3.36536
0.742 3.36542
0.743 3.36546
0.744 3.3655
0.745 3.36553
0.746 3.36555
0.747 3.36557
0.748 3.36557
0.749 3.36557
0.75 3.36556
0.751 3.36555
0.752 3.36552
0.753 3.36549
0.754 3.36544
0.755 3.36539
0.756 3.36533
0.757 3.36527
0.758 3.36519
0.759 3.3651
0.76 3.365
0.761 3.3649
0.762 3.36478
0.763 3.36466
0.764 3.36452
0.765 3.36438
0.766 3.36422
0.767 3.36406
0.768 3.36388
0.769 3.3637
0.77 3.3635
0.771 3.36329
0.772 3.36308
0.773 3.36285
0.774 3.36261
0.775 3.36236
0.776 3.36209
0.777 3.36182
0.778 3.36154
0.779 3.36124
0.78 3.36093
0.781 3.36061
0.782 3.36028
0.783 3.35993
0.784 3.35958
0.785 3.35921
0.786 3.35883
0.787 3.35843
0.788 3.35803
0.789 3.35761
0.79 3.35718
0.791 3.35673
0.792 3.35628
0.793 3.35581
0.794 3.35532
0.795 3.35483
0.796 3.35432
0.797 3.35379
0.798 3.35326
0.799 3.35271
0.8 3.35214
0.801 3.35157
0.802 3.35098
0.803 3.35037
0.804 3.34976
0.805 3.34912
0.806 3.34848
0.807 3.34782
0.808 3.34715
0.809 3.34646
0.81 3.34576
0.811 3.34504
0.812 3.34432
0.813 3.34357
0.814 3.34282
0.815 3.34205
0.816 3.34126
0.817 3.34046
0.818 3.33965
0.819 3.33882
0.82 3.33798
0.821 3.33713
0.822 3.33626
0.823 3.33538
0.824 3.33448
0.825 3.33357
0.826 3.33265
0.827 3.33171
0.828 3.33076
0.829 3.3298
0.83 3.32882
0.831 3.32783
0.832 3.32682
0.833 3.32581
0.834 3.32478
0.835 3.32373
0.836 3.32268
0.837 3.32161
0.838 3.32052
0.839 3.31943
0.84 3.31832
0.841 3.3172
0.842 3.31607
0.843 3.31493
0.844 3.31377
0.845 3.3126
0.846 3.31142
0.847 3.31023
0.848 3.30903
0.849 3.30781
0.85 3.30659
0.851 3.30535
0.852 3.30411
0.853 3.30285
0.854 3.30158
0.855 3.30031
0.856 3.29902
0.857 3.29772
0.858 3.29642
0.859 3.2951
0.86 3.29377
0.861 3.29244
0.862 3.2911
0.863 3.28975
0.864 3.28839
0.865 3.28702
0.866 3.28564
0.867 3.28426
0.868 3.28287
0.869 3.28147
0.87 3.28007
0.871 3.27866
0.872 3.27724
0.873 3.27581
0.874 3.27438
0.875 3.27295
0.876 3.27151
0.877 3.27006
0.878 3.26861
0.879 3.26716
0.88 3.2657
0.881 3.26423
0.882 3.26276
0.883 3.26129
0.884 3.25982
0.885 3.25834
0.886 3.25686
0.887 3.25537
0.888 3.25389
0.889 3.2524
0.89 3.25091
0.891 3.24942
0.892 3.24793
0.893 3.24643
0.894 3.24494
0.895 3.24344
0.896 3.24195
0.897 3.24045
0.898 3.23896
0.899 3.23746
0.9 3.23597
0.901 3.23448
0.902 3.23299
0.903 3.2315
0.904 3.23001
0.905 3.22852
0.906 3.22704
0.907 3.22556
0.908 3.22408
0.909 3.2226
0.91 3.22113
0.911 3.21966
0.912 3.2182
0.913 3.21673
0.914 3.21528
0.915 3.21382
0.916 3.21237
0.917 3.21093
0.918 3.20949
0.919 3.20806
0.92 3.20663
0.921 3.2052
0.922 3.20379
0.923 3.20237
0.924 3.20097
0.925 3.19957
0.926 3.19817
0.927 3.19679
0.928 3.19541
0.929 3.19403
0.93 3.19267
0.931 3.19131
0.932 3.18996
0.933 3.18861
0.934 3.18728
0.935 3.18595
0.936 3.18463
0.937 3.18331
0.938 3.18201
0.939 3.18071
0.94 3.17943
0.941 3.17815
0.942 3.17687
0.943 3.17561
0.944 3.17436
0.945 3.17311
0.946 3.17188
0.947 3.17065
0.948 3.16943
0.949 3.16822
0.95 3.16702
0.951 3.16583
0.952 3.16465
0.953 3.16348
0.954 3.16232
0.955 3.16117
0.956 3.16003
0.957 3.15889
0.958 3.15777
0.959 3.15666
0.96 3.15555
0.961 3.15446
0.962 3.15337
0.963 3.1523
0.964 3.15124
0.965 3.15018
0.966 3.14914
0.967 3.1481
0.968 3.14708
0.969 3.14606
0.97 3.14506
0.971 3.14406
0.972 3.14307
0.973 3.1421
0.974 3.14113
0.975 3.14018
0.976 3.13923
0.977 3.13829
0.978 3.13737
0.979 3.13645
0.98 3.13554
0.981 3.13465
0.982 3.13376
0.983 3.13288
0.984 3.13201
0.985 3.13115
0.986 3.1303
0.987 3.12946
0.988 3.12863
0.989 3.12781
0.99 3.127
0.991 3.12619
0.992 3.1254
0.993 3.12461
0.994 3.12384
0.995 3.12307
0.996 3.12231
0.997 3.12157
0.998 3.12083
0.999 3.12009
1 3.11937
1.001 5
