0 -10
0.001 -5.06916
0.002 -5.05818
0.003 -5.0472
0.004 -5.03623
0.005 -5.02528
0.006 -5.01433
0.007 -5.0034
0.008 -4.99247
0.009 -4.98156
0.01 -4.97066
0.011 -4.95977
0.012 -4.94889
0.013 -4.93803
0.014 -4.92718
0.015 -4.91634
0.016 -4.90552
0.017 -4.89471
0.018 -4.88392
0.019 -4.87314
0.02 -4.86237
0.021 -4.85162
0.022 -4.84089
0.023 -4.83017
0.024 -4.81947
0.025 -4.80878
0.026 -4.79811
0.027 -4.78746
0.028 -4.77682
0.029 -4.76621
0.03 -4.75561
0.031 -4.74502
0.032 -4.73446
0.033 -4.72391
0.034 -4.71339
0.035 -4.70288
0.036 -4.69239
0.037 -4.68192
0.038 -4.67148
0.039 -4.66105
0.04 -4.65064
0.041 -4.64025
0.042 -4.62988
0.043 -4.61954
0.044 -4.60921
0.045 -4.59891
0.046 -4.58862
0.047 -4.57836
0.048 -4.56812
0.049 -4.55791
0.05 -4.54771
0.051 -4.53754
0.052 -4.52739
0.053 -4.51726
0.054 -4.50716
0.055 -4.49708
0.056 -4.48702
0.057 -4.47699
0.058 -4.46697
0.059 -4.45699
0.06 -4.44702
0.061 -4.43708
0.062 -4.42717
0.063 -4.41728
0.064 -4.40741
0.065 -4.39757
0.066 -4.38775
0.067 -4.37796
0.068 -4.36819
0.069 -4.35844
0.07 -4.34872
0.071 -4.33903
0.072 -4.32936
0.073 -4.31972
0.074 -4.3101
0.075 -4.30051
0.076 -4.29094
0.077 -4.28139
0.078 -4.27188
0.079 -4.26239
0.08 -4.25292
0.081 -4.24348
0.082 -4.23407
0.083 -4.22468
0.084 -4.21531
0.085 -4.20598
0.086 -4.19667
0.087 -4.18738
0.088 -4.17812
0.089 -4.16889
0.09 -4.15968
0.091 -4.1505
0.092 -4.14134
0.093 -4.13221
0.094 -4.12311
0.095 -4.11403
0.096 -4.10498
0.097 -4.09595
0.098 -4.08695
0.099 -4.07797
0.1 -4.06903
0.101 -4.0601
0.102 -4.05121
0.103 -4.04234
0.104 -4.03349
0.105 -4.02467
0.106 -4.01588
0.107 -4.00711
0.108 -3.99837
0.109 -3.98965
0.11 -3.98096
0.111 -3.97229
0.112 -3.96365
0.113 -3.95504
0.114 -3.94645
0.115 -3.93788
0.116 -3.92934
0.117 -3.92083
0.118 -3.91234
0.119 -3.90388
0.12 -3.89544
0.121 -3.88703
0.122 -3.87864
0.123 -3.87028
0.124 -3.86194
0.125 -3.85362
0.126 -3.84533
0.127 -3.83707
0.128 -3.82883
0.129 -3.82061
0.13 -3.81242
0.131 -3.80425
0.132 -3.79611
0.133 -3.78799
0.134 -3.7799
0.135 -3.77183
0.136 -3.76378
0.137 -3.75576
0.138 -3.74776
0.139 -3.73978
0.14 -3.73183
0.141 -3.7239
0.142 -3.71599
0.143 -3.70811
0.144 -3.70025
0.145 -3.69241
0.146 -3.6846
0.147 -3.67681
0.148 -3.66904
0.149 -3.6613
0.15 -3.65357
0.151 -3.64587
0.152 -3.63819
0.153 -3.63054
0.154 -3.6229
0.155 -3.61529
0.156 -3.6077
0.157 -3.60013
0.158 -3.59259
0.159 -3.58506
0.16 -3.57756
0.161 -3.57008
0.162 -3.56261
0.163 -3.55517
0.164 -3.54775
0.165 -3.54036
0.166 -3.53298
0.167 -3.52562
0.168 -3.51828
0.169 -3.51097
0.17 -3.50367
0.171 -3.4964
0.172 -3.48914
0.173 -3.4819
0.174 -3.47469
0.175 -3.46749
0.176 -3.46031
0.177 -3.45316
0.178 -3.44602
0.179 -3.4389
0.18 -3.4318
0.181 -3.42472
0.182 -3.41766
0.183 -3.41061
0.184 -3.40359
0.185 -3.39658
0.186 -3.38959
0.187 -3.38262
0.188 -3.37567
0.189 -3.36874
0.19 -3.36182
0.191 -3.35492
0.192 -3.34804
0.193 -3.34118
0.194 -3.33433
0.195 -3.3275
0.196 -3.32069
0.197 -3.31389
0.198 -3.30712
0.199 -3.30036
0.2 -3.29361
0.201 -3.28688
0.202 -3.28017
0.203 -3.27347
0.204 -3.26679
0.205 -3.26013
0.206 -3.25348
0.207 -3.24685
0.208 -3.24023
0.209 -3.23363
0.21 -3.22705
0.211 -3.22048
0.212 -3.21392
0.213 -3.20738
0.214 -3.20086
0.215 -3.19434
0.216 -3.18785
0.217 -3.18137
0.218 -3.1749
0.219 -3.16845
0.22 -3.16201
0.221 -3.15559
0.222 -3.14917
0.223 -3.14278
0.224 -3.1364
0.225 -3.13003
0.226 -3.12367
0.227 -3.11733
0.228 -3.111
0.229 -3.10469
0.23 -3.09838
0.231 -3.09209
0.232 -3.08582
0.233 -3.07955
0.234 -3.0733
0.235 -3.06707
0.236 -3.06084
0.237 -3.05463
0.238 -3.04843
0.239 -3.04224
0.24 -3.03606
0.241 -3.0299
0.242 -3.02374
0.243 -3.0176
0.244 -3.01148
0.245 -3.00536
0.246 -2.99925
0.247 -2.99316
0.248 -2.98708
0.249 -2.981
0.25 -2.97494
0.251 -2.96889
0.252 -2.96286
0.253 -2.95683
0.254 -2.95081
0.255 -2.94481
0.256 -2.93881
0.257 -2.93283
0.258 -2.92686
0.259 -2.92089
0.26 -2.91494
0.261 -2.909
0.262 -2.90307
0.263 -2.89715
0.264 -2.89124
0.265 -2.88533
0.266 -2.87944
0.267 -2.87356
0.268 -2.86769
0.269 -2.86183
0.27 -2.85598
0.271 -2.85013
0.272 -2.8443
0.273 -2.83848
0.274 -2.83266
0.275 -2.82686
0.276 -2.82106
0.277 -2.81528
0.278 -2.8095
0.279 -2.80374
0.28 -2.79798
0.281 -2.79223
0.282 -2.78649
0.283 -2.78076
0.284 -2.77503
0.285 -2.76932
0.286 -2.76362
0.287 -2.75792
0.288 -2.75223
0.289 -2.74655
0.29 -2.74088
0.291 -2.73522
0.292 -2.72957
0.293 -2.72393
0.294 -2.71829
0.295 -2.71266
0.296 -2.70704
0.297 -2.70143
0.298 -2.69583
0.299 -2.69023
0.3 -2.68465
0.301 -2.67907
0.302 -2.6735
0.303 -2.66793
0.304 -2.66238
0.305 -2.65683
0.306 -2.65129
0.307 -2.64576
0.308 -2.64024
0.309 -2.63472
0.31 -2.62921
0.311 -2.62371
0.312 -2.61822
0.313 -2.61273
0.314 -2.60726
0.315 -2.60179
0.316 -2.59632
0.317 -2.59087
0.318 -2.58542
0.319 -2.57998
0.32 -2.57455
0.321 -2.56912
0.322 -2.5637
0.323 -2.55829
0.324 -2.55288
0.325 -2.54749
0.326 -2.5421
0.327 -2.53671
0.328 -2.53134
0.329 -2.52597
0.33 -2.5206
0.331 -2.51525
0.332 -2.5099
0.333 -2.50455
0.334 -2.49922
0.335 -2.49389
0.336 -2.48857
0.337 -2.48325
0.338 -2.47794
0.339 -2.47264
0.34 -2.46734
0.341 -2.46205
0.342 -2.45677
0.343 -2.45149
0.344 -2.44622
0.345 -2.44096
0.346 -2.4357
0.347 -2.43045
0.348 -2.4252
0.349 -2.41996
0.35 -2.41473
0.351 -2.4095
0.352 -2.40428
0.353 -2.39906
0.354 -2.39385
0.355 -2.38864
0.356 -2.38344
0.357 -2.37825
0.358 -2.37306
0.359 -2.36788
0.36 -2.36271
0.361 -2.35753
0.362 -2.35237
0.363 -2.34721
0.364 -2.34205
0.365 -2.3369
0.366 -2.33176
0.367 -2.32662
0.368 -2.32149
0.369 -2.31636
0.37 -2.31123
0.371 -2.30611
0.372 -2.301
0.373 -2.29589
0.374 -2.29079
0.375 -2.28569
0.376 -2.28059
0.377 -2.2755
0.378 -2.27041
0.379 -2.26533
0.38 -2.26025
0.381 -2.25518
0.382 -2.25011
0.383 -2.24505
0.384 -2.23999
0.385 -2.23493
0.386 -2.22988
0.387 -2.22483
0.388 -2.21979
0.389 -2.21475
0.39 -2.20971
0.391 -2.20468
0.392 -2.19965
0.393 -2.19462
0.394 -2.1896
0.395 -2.18458
0.396 -2.17956
0.397 -2.17455
0.398 -2.16954
0.399 -2.16453
0.4 -2.15953
0.401 -2.15453
0.402 -2.14953
0.403 -2.14453
0.404 -2.13954
0.405 -2.13455
0.406 -2.12956
0.407 -2.12458
0.408 -2.1196
0.409 -2.11462
0.41 -2.10964
0.411 -2.10466
0.412 -2.09969
0.413 -2.09471
0.414 -2.08974
0.415 -2.08478
0.416 -2.07981
0.417 -2.07484
0.418 -2.06988
0.419 -2.06492
0.42 -2.05996
0.421 -2.055
0.422 -2.05004
0.423 -2.04508
0.424 -2.04012
0.425 -2.03517
0.426 -2.03021
0.427 -2.02526
0.428 -2.02031
0.429 -2.01535
0.43 -2.0104
0.431 -2.00545
0.432 -2.00049
0.433 -1.99554
0.434 -1.99059
0.435 -1.98564
0.436 -1.98069
0.437 -1.97573
0.438 -1.97078
0.439 -1.96583
0.44 -1.96087
0.441 -1.95592
0.442 -1.95096
0.443 -1.946
0.444 -1.94105
0.445 -1.93609
0.446 -1.93113
0.447 -1.92617
0.448 -1.9212
0.449 -1.91624
0.45 -1.91127
0.451 -1.90631
0.452 -1.90134
0.453 -1.89637
0.454 -1.89139
0.455 -1.88642
0.456 -1.88144
0.457 -1.87646
0.458 -1.87148
0.459 -1.86649
0.46 -1.86151
0.461 -1.85652
0.462 -1.85152
0.463 -1.84653
0.464 -1.84153
0.465 -1.83652
0.466 -1.83152
0.467 -1.82651
0.468 -1.82149
0.469 -1.81648
0.47 -1.81146
0.471 -1.80643
0.472 -1.8014
0.473 -1.79637
0.474 -1.79133
0.475 -1.78629
0.476 -1.78125
0.477 -1.7762
0.478 -1.77114
0.479 -1.76608
0.48 -1.76102
0.481 -1.75595
0.482 -1.75087
0.483 -1.74579
0.484 -1.74071
0.485 -1.73562
0.486 -1.73052
0.487 -1.72542
0.488 -1.72031
0.489 -1.7152
0.49 -1.71007
0.491 -1.70495
0.492 -1.69982
0.493 -1.69468
0.494 -1.68953
0.495 -1.68438
0.496 -1.67922
0.497 -1.67405
0.498 -1.66888
0.499 -1.6637
0.5 -1.65852
0.501 -1.65332
0.502 -1.64812
0.503 -1.64291
0.504 -1.63769
0.505 -1.63247
0.506 -1.62724
0.507 -1.622
0.508 -1.61675
0.509 -1.61149
0.51 -1.60623
0.511 -1.60095
0.512 -1.59567
0.513 -1.59038
0.514 -1.58508
0.515 -1.57977
0.516 -1.57446
0.517 -1.56913
0.518 -1.56379
0.519 -1.55845
0.52 -1.5531
0.521 -1.54773
0.522 -1.54236
0.523 -1.53698
0.524 -1.53158
0.525 -1.52618
0.526 -1.52077
0.527 -1.51535
0.528 -1.50992
0.529 -1.50447
0.53 -1.49902
0.531 -1.49356
0.532 -1.48808
0.533 -1.4826
0.534 -1.4771
0.535 -1.4716
0.536 -1.46608
0.537 -1.46055
0.538 -1.45501
0.539 -1.44946
0.54 -1.4439
0.541 -1.43833
0.542 -1.43274
0.543 -1.42714
0.544 -1.42154
0.545 -1.41592
0.546 -1.41029
0.547 -1.40464
0.548 -1.39899
0.549 -1.39332
0.55 -1.38764
0.551 -1.38195
0.552 -1.37625
0.553 -1.37054
0.554 -1.36481
0.555 -1.35907
0.556 -1.35332
0.557 -1.34755
0.558 -1.34178
0.559 -1.33599
0.56 -1.33018
0.561 -1.32437
0.562 -1.31854
0.563 -1.3127
0.564 -1.30685
0.565 -1.30099
0.566 -1.29511
0.567 -1.28922
0.568 -1.28331
0.569 -1.2774
0.57 -1.27147
0.571 -1.26552
0.572 -1.25957
0.573 -1.2536
0.574 -1.24762
0.575 -1.24163
0.576 -1.23562
0.577 -1.2296
0.578 -1.22357
0.579 -1.21752
0.58 -1.21146
0.581 -1.20539
0.582 -1.19931
0.583 -1.19321
0.584 -1.1871
0.585 -1.18098
0.586 -1.17485
0.587 -1.1687
0.588 -1.16254
0.589 -1.15637
0.59 -1.15018
0.591 -1.14398
0.592 -1.13777
0.593 -1.13155
0.594 -1.12532
0.595 -1.11907
0.596 -1.11281
0.597 -1.10654
0.598 -1.10026
0.599 -1.09397
0.6 -1.08766
0.601 -1.08135
0.602 -1.07502
0.603 -1.06868
0.604 -1.06233
0.605 -1.05597
0.606 -1.0496
0.607 -1.04321
0.608 -1.03682
0.609 -1.03042
0.61 -1.02401
0.611 -1.01758
0.612 -1.01115
0.613 -1.00471
0.614 -0.998256
0.615 -0.991796
0.616 -0.985326
0.617 -0.978848
0.618 -0.972361
0.619 -0.965867
0.62 -0.959364
0.621 -0.952853
0.622 -0.946336
0.623 -0.939811
0.624 -0.933279
0.625 -0.92674
0.626 -0.920196
0.627 -0.913645
0.628 -0.907089
0.629 -0.900527
0.63 -0.89396
0.631 -0.887389
0.632 -0.880813
0.633 -0.874234
0.634 -0.867651
0.635 -0.861064
0.636 -0.854475
0.637 -0.847883
0.638 -0.84129
0.639 -0.834694
0.64 -0.828098
0.641 -0.8215
0.642 -0.814903
0.643 -0.808305
0.644 -0.801709
0.645 -0.795113
0.646 -0.788519
0.647 -0.781926
0.648 -0.775337
0.649 -0.76875
0.65 -0.762167
0.651 -0.755588
0.652 -0.749014
0.653 -0.742445
0.654 -0.735881
0.655 -0.729324
0.656 -0.722774
0.657 -0.716232
0.658 -0.709697
0.659 -0.703171
0.66 -0.696655
0.661 -0.690149
0.662 -0.683653
0.663 -0.677168
0.664 -0.670696
0.665 -0.664236
0.666 -0.657789
0.667 -0.651357
0.668 -0.644939
0.669 -0.638536
0.67 -0.63215
0.671 -0.62578
0.672 -0.619428
0.673 -0.613095
0.674 -0.606781
0.675 -0.600486
0.676 -0.594212
0.677 -0.58796
0.678 -0.58173
0.679 -0.575524
0.68 -0.569341
0.681 -0.563183
0.682 -0.55705
0.683 -0.550944
0.684 -0.544865
0.685 -0.538814
0.686 -0.532793
0.687 -0.526801
0.688 -0.52084
0.689 -0.514911
0.69 -0.509015
0.691 -0.503152
0.692 -0.497323
0.693 -0.49153
0.694 -0.485773
0.695 -0.480053
0.696 -0.474371
0.697 -0.468729
0.698 -0.463126
0.699 -0.457565
0.7 -0.452045
0.701 -0.446569
0.702 -0.441136
0.703 -0.435749
0.704 -0.430407
0.705 -0.425112
0.706 -0.419865
0.707 -0.414667
0.708 -0.409519
0.709 -0.404422
0.71 -0.399376
0.711 -0.394384
0.712 -0.389445
0.713 -0.384561
0.714 -0.379733
0.715 -0.374962
0.716 -0.370249
0.717 -0.365595
0.718 -0.361001
0.719 -0.356468
0.72 -0.351996
0.721 -0.347588
0.722 -0.343243
0.723 -0.338964
0.724 -0.334751
0.725 -0.330604
0.726 -0.326525
0.727 -0.322516
0.728 -0.318576
0.729 -0.314707
0.73 -0.31091
0.731 -0.307186
0.732 -0.303536
0.733 -0.29996
0.734 -0.296461
0.735 -0.293038
0.736 -0.289692
0.737 -0.286425
0.738 -0.283238
0.739 -0.28013
0.74 -0.277105
0.741 -0.274161
0.742 -0.2713
0.743 -0.268524
0.744 -0.265832
0.745 -0.263226
0.746 -0.260706
0.747 -0.258274
0.748 -0.255929
0.749 -0.253674
0.75 -0.251509
0.751 -0.249434
0.752 -0.247451
0.753 -0.245559
0.754 -0.243761
0.755 -0.242056
0.756 -0.240446
0.757 -0.23893
0.758 -0.23751
0.759 -0.236187
0.76 -0.234961
0.761 -0.233832
0.762 -0.232802
0.763 -0.23187
0.764 -0.231038
0.765 -0.230307
0.766 -0.229676
0.767 -0.229146
0.768 -0.228718
0.769 -0.228392
0.77 -0.228169
0.771 -0.228049
0.772 -0.228033
0.773 -0.228121
0.774 -0.228314
0.775 -0.228611
0.776 -0.229014
0.777 -0.229523
0.778 -0.230137
0.779 -0.230858
0.78 -0.231686
0.781 -0.23262
0.782 -0.233662
0.783 -0.234811
0.784 -0.236068
0.785 -0.237433
0.786 -0.238906
0.787 -0.240487
0.788 -0.242176
0.789 -0.243974
0.79 -0.245881
0.791 -0.247896
0.792 -0.25002
0.793 -0.252252
0.794 -0.254594
0.795 -0.257044
0.796 -0.259603
0.797 -0.262271
0.798 -0.265048
0.799 -0.267933
0.8 -0.270926
0.801 -0.274028
0.802 -0.277238
0.803 -0.280557
0.804 -0.283983
0.805 -0.287516
0.806 -0.291157
0.807 -0.294905
0.808 -0.298761
0.809 -0.302722
0.81 -0.30679
0.811 -0.310964
0.812 -0.315244
0.813 -0.319629
0.814 -0.324119
0.815 -0.328713
0.816 -0.333411
0.817 -0.338213
0.818 -0.343118
0.819 -0.348125
0.82 -0.353235
0.821 -0.358446
0.822 -0.363759
0.823 -0.369172
0.824 -0.374685
0.825 -0.380297
0.826 -0.386008
0.827 -0.391817
0.828 -0.397723
0.829 -0.403727
0.83 -0.409826
0.831 -0.416021
0.832 -0.422311
0.833 -0.428694
0.834 -0.435171
0.835 -0.441741
0.836 -0.448402
0.837 -0.455154
0.838 -0.461997
0.839 -0.468928
0.84 -0.475948
0.841 -0.483056
0.842 -0.490251
0.843 -0.497532
0.844 -0.504897
0.845 -0.512347
0.846 -0.51988
0.847 -0.527496
0.848 -0.535193
0.849 -0.54297
0.85 -0.550827
0.851 -0.558763
0.852 -0.566776
0.853 -0.574866
0.854 -0.583031
0.855 -0.591272
0.856 -0.599585
0.857 -0.607972
0.858 -0.61643
0.859 -0.624958
0.86 -0.633557
0.861 -0.642223
0.862 -0.650957
0.863 -0.659758
0.864 -0.668624
0.865 -0.677554
0.866 -0.686547
0.867 -0.695602
0.868 -0.704718
0.869 -0.713895
0.87 -0.72313
0.871 -0.732423
0.872 -0.741772
0.873 -0.751177
0.874 -0.760636
0.875 -0.770149
0.876 -0.779714
0.877 -0.78933
0.878 -0.798996
0.879 -0.808711
0.88 -0.818474
0.881 -0.828283
0.882 -0.838138
0.883 -0.848038
0.884 -0.85798
0.885 -0.867965
0.886 -0.877991
0.887 -0.888057
0.888 -0.898162
0.889 -0.908305
0.89 -0.918484
0.891 -0.928699
0.892 -0.938949
0.893 -0.949231
0.894 -0.959547
0.895 -0.969893
0.896 -0.98027
0.897 -0.990676
0.898 -1.00111
0.899 -1.01157
0.9 -1.02206
0.901 -1.03257
0.902 -1.0431
0.903 -1.05366
0.904 -1.06424
0.905 -1.07484
0.906 -1.08546
0.907 -1.0961
0.908 -1.10676
0.909 -1.11743
0.91 -1.12812
0.911 -1.13882
0.912 -1.14954
0.913 -1.16027
0.914 -1.17101
0.915 -1.18177
0.916 -1.19253
0.917 -1.2033
0.918 -1.21408
0.919 -1.22487
0.92 -1.23566
0.921 -1.24646
0.922 -1.25727
0.923 -1.26807
0.924 -1.27888
0.925 -1.28969
0.926 -1.30051
0.927 -1.31132
0.928 -1.32213
0.929 -1.33294
0.93 -1.34375
0.931 -1.35456
0.932 -1.36536
0.933 -1.37616
0.934 -1.38695
0.935 -1.39773
0.936 -1.40851
0.937 -1.41929
0.938 -1.43005
0.939 -1.4408
0.94 -1.45155
0.941 -1.46228
0.942 -1.47301
0.943 -1.48372
0.944 -1.49442
0.945 -1.5051
0.946 -1.51578
0.947 -1.52643
0.948 -1.53708
0.949 -1.54771
0.95 -1.55832
0.951 -1.56891
0.952 -1.57949
0.953 -1.59005
0.954 -1.6006
0.955 -1.61112
0.956 -1.62162
0.957 -1.63211
0.958 -1.64257
0.959 -1.65302
0.96 -1.66344
0.961 -1.67384
0.962 -1.68422
0.963 -1.69457
0.964 -1.70491
0.965 -1.71521
0.966 -1.7255
0.967 -1.73576
0.968 -1.746
0.969 -1.75621
0.97 -1.76639
0.971 -1.77655
0.972 -1.78668
0.973 -1.79679
0.974 -1.80687
0.975 -1.81692
0.976 -1.82695
0.977 -1.83695
0.978 -1.84691
0.979 -1.85685
0.98 -1.86677
0.981 -1.87665
0.982 -1.8865
0.983 -1.89633
0.984 -1.90612
0.985 -1.91588
0.986 -1.92562
0.987 -1.93532
0.988 -1.94499
0.989 -1.95463
0.99 -1.96424
0.991 -1.97382
0.992 -1.98337
0.993 -1.99289
0.994 -2.00237
0.995 -2.01182
0.996 -2.02124
0.997 -2.03063
0.998 -2.03998
0.999 -2.04931
1 -2.05859
1.001 -10
