0 5
0.001 3.28812
0.002 3.28614
0.003 3.28417
0.004 3.28221
0.005 3.28026
0.006 3.27833
0.007 3.2764
0.008 3.27449
0.009 3.27258
0.01 3.27069
0.011 3.26881
0.012 3.26695
0.013 3.26509
0.014 3.26325
0.015 3.26142
0.016 3.2596
0.017 3.25779
0.018 3.256
0.019 3.25422
0.02 3.25245
0.021 3.2507
0.022 3.24896
0.023 3.24723
0.024 3.24552
0.025 3.24382
0.026 3.24213
0.027 3.24046
0.028 3.2388
0.029 3.23716
0.03 3.23553
0.031 3.23391
0.032 3.23231
0.033 3.23072
0.034 3.22915
0.035 3.22759
0.036 3.22605
0.037 3.22452
0.038 3.22301
0.039 3.22151
0.04 3.22003
0.041 3.21856
0.042 3.21711
0.043 3.21567
0.044 3.21425
0.045 3.21285
0.046 3.21146
0.047 3.21008
0.048 3.20872
0.049 3.20738
0.05 3.20605
0.051 3.20474
0.052 3.20345
0.053 3.20217
0.054 3.20091
0.055 3.19966
0.056 3.19843
0.057 3.19722
0.058 3.19602
0.059 3.19484
0.06 3.19368
0.061 3.19253
0.062 3.1914
0.063 3.19028
0.064 3.18918
0.065 3.1881
0.066 3.18704
0.067 3.18599
0.068 3.18495
0.069 3.18394
0.07 3.18294
0.071 3.18196
0.072 3.18099
0.073 3.18004
0.074 3.1791
0.075 3.17819
0.076 3.17729
0.077 3.1764
0.078 3.17554
0.079 3.17468
0.08 3.17385
0.081 3.17303
0.082 3.17223
0.083 3.17144
0.084 3.17067
0.085 3.16992
0.086 3.16918
0.087 3.16846
0.088 3.16776
0.089 3.16707
0.09 3.16639
0.091 3.16574
0.092 3.16509
0.093 3.16447
0.094 3.16386
0.095 3.16326
0.096 3.16268
0.097 3.16212
0.098 3.16157
0.099 3.16104
0.1 3.16052
0.101 3.16002
0.102 3.15953
0.103 3.15906
0.104 3.15861
0.105 3.15816
0.106 3.15774
0.107 3.15732
0.108 3.15692
0.109 3.15654
0.11 3.15617
0.111 3.15582
0.112 3.15548
0.113 3.15515
0.114 3.15484
0.115 3.15454
0.116 3.15425
0.117 3.15398
0.118 3.15372
0.119 3.15348
0.12 3.15325
0.121 3.15303
0.122 3.15282
0.123 3.15263
0.124 3.15245
0.125 3.15229
0.126 3.15213
0.127 3.15199
0.128 3.15186
0.129 3.15175
0.13 3.15164
0.131 3.15155
0.132 3.15147
0.133 3.1514
0.134 3.15135
0.135 3.1513
0.136 3.15127
0.137 3.15125
0.138 3.15123
0.139 3.15123
0.14 3.15125
0.141 3.15127
0.142 3.1513
0.143 3.15134
0.144 3.1514
0.145 3.15146
0.146 3.15154
0.147 3.15162
0.148 3.15171
0.149 3.15182
0.15 3.15193
0.151 3.15206
0.152 3.15219
0.153 3.15233
0.154 3.15248
0.155 3.15264
0.156 3.15281
0.157 3.15299
0.158 3.15318
0.159 3.15338
0.16 3.15358
0.161 3.15379
0.162 3.15401
0.163 3.15424
0.164 3.15448
0.165 3.15473
0.166 3.15498
0.167 3.15524
0.168 3.15551
0.169 3.15579
0.17 3.15607
0.171 3.15636
0.172 3.15666
0.173 3.15697
0.174 3.15728
0.175 3.1576
0.176 3.15793
0.177 3.15826
0.178 3.1586
0.179 3.15894
0.18 3.15929
0.181 3.15965
0.182 3.16002
0.183 3.16039
0.184 3.16077
0.185 3.16115
0.186 3.16154
0.187 3.16193
0.188 3.16233
0.189 3.16273
0.19 3.16314
0.191 3.16356
0.192 3.16398
0.193 3.16441
0.194 3.16484
0.195 3.16527
0.196 3.16571
0.197 3.16616
0.198 3.16661
0.199 3.16706
0.2 3.16752
0.201 3.16799
0.202 3.16846
0.203 3.16893
0.204 3.1694
0.205 3.16988
0.206 3.17037
0.207 3.17086
0.208 3.17135
0.209 3.17185
0.21 3.17235
0.211 3.17285
0.212 3.17336
0.213 3.17387
0.214 3.17438
0.215 3.1749
0.216 3.17542
0.217 3.17595
0.218 3.17647
0.219 3.177
0.22 3.17754
0.221 3.17807
0.222 3.17861
0.223 3.17916
0.224 3.1797
0.225 3.18025
0.226 3.1808
0.227 3.18135
0.228 3.18191
0.229 3.18246
0.23 3.18302
0.231 3.18359
0.232 3.18415
0.233 3.18472
0.234 3.18529
0.235 3.18586
0.236 3.18643
0.237 3.18701
0.238 3.18759
0.239 3.18817
0.24 3.18875
0.241 3.18933
0.242 3.18992
0.243 3.1905
0.244 3.19109
0.245 3.19168
0.246 3.19227
0.247 3.19287
0.248 3.19346
0.249 3.19406
0.25 3.19465
0.251 3.19525
0.252 3.19585
0.253 3.19645
0.254 3.19706
0.255 3.19766
0.256 3.19826
0.257 3.19887
0.258 3.19948
0.259 3.20008
0.26 3.20069
0.261 3.2013
0.262 3.20191
0.263 3.20252
0.264 3.20313
0.265 3.20375
0.266 3.20436
0.267 3.20497
0.268 3.20559
0.269 3.2062
0.27 3.20682
0.271 3.20743
0.272 3.20805
0.273 3.20867
0.274 3.20928
0.275 3.2099
0.276 3.21052
0.277 3.21114
0.278 3.21175
0.279 3.21237
0.28 3.21299
0.281 3.21361
0.282 3.21423
0.283 3.21485
0.284 3.21546
0.285 3.21608
0.286 3.2167
0.287 3.21732
0.288 3.21794
0.289 3.21856
0.29 3.21917
0.291 3.21979
0.292 3.22041
0.293 3.22102
0.294 3.22164
0.295 3.22226
0.296 3.22287
0.297 3.22349
0.298 3.2241
0.299 3.22472
0.3 3.22533
0.301 3.22594
0.302 3.22656
0.303 3.22717
0.304 3.22778
0.305 3.22839
0.306 3.229
0.307 3.22961
0.308 3.23022
0.309 3.23083
0.31 3.23144
0.311 3.23204
0.312 3.23265
0.313 3.23325
0.314 3.23385
0.315 3.23446
0.316 3.23506
0.317 3.23566
0.318 3.23626
0.319 3.23686
0.32 3.23746
0.321 3.23805
0.322 3.23865
0.323 3.23924
0.324 3.23983
0.325 3.24043
0.326 3.24102
0.327 3.24161
0.328 3.24219
0.329 3.24278
0.33 3.24337
0.331 3.24395
0.332 3.24453
0.333 3.24512
0.334 3.2457
0.335 3.24627
0.336 3.24685
0.337 3.24743
0.338 3.248
0.339 3.24858
0.34 3.24915
0.341 3.24972
0.342 3.25029
0.343 3.25085
0.344 3.25142
0.345 3.25198
0.346 3.25254
0.347 3.2531
0.348 3.25366
0.349 3.25422
0.35 3.25478
0.351 3.25533
0.352 3.25588
0.353 3.25643
0.354 3.25698
0.355 3.25753
0.356 3.25807
0.357 3.25862
0.358 3.25916
0.359 3.2597
0.36 3.26024
0.361 3.26077
0.362 3.26131
0.363 3.26184
0.364 3.26237
0.365 3.2629
0.366 3.26343
0.367 3.26395
0.368 3.26448
0.369 3.265
0.37 3.26552
0.371 3.26603
0.372 3.26655
0.373 3.26706
0.374 3.26758
0.375 3.26809
0.376 3.26859
0.377 3.2691
0.378 3.2696
0.379 3.27011
0.38 3.2706
0.381 3.2711
0.382 3.2716
0.383 3.27209
0.384 3.27258
0.385 3.27307
0.386 3.27356
0.387 3.27405
0.388 3.27453
0.389 3.27501
0.39 3.27549
0.391 3.27597
0.392 3.27644
0.393 3.27692
0.394 3.27739
0.395 3.27786
0.396 3.27833
0.397 3.27879
0.398 3.27925
0.399 3.27971
0.4 3.28017
0.401 3.28063
0.402 3.28108
0.403 3.28154
0.404 3.28199
0.405 3.28244
0.406 3.28288
0.407 3.28333
0.408 3.28377
0.409 3.28421
0.41 3.28465
0.411 3.28508
0.412 3.28551
0.413 3.28595
0.414 3.28638
0.415 3.2868
0.416 3.28723
0.417 3.28765
0.418 3.28807
0.419 3.28849
0.42 3.28891
0.421 3.28932
0.422 3.28974
0.423 3.29015
0.424 3.29056
0.425 3.29096
0.426 3.29137
0.427 3.29177
0.428 3.29217
0.429 3.29257
0.43 3.29296
0.431 3.29336
0.432 3.29375
0.433 3.29414
0.434 3.29453
0.435 3.29491
0.436 3.2953
0.437 3.29568
0.438 3.29606
0.439 3.29644
0.44 3.29681
0.441 3.29719
0.442 3.29756
0.443 3.29793
0.444 3.2983
0.445 3.29866
0.446 3.29902
0.447 3.29939
0.448 3.29975
0.449 3.3001
0.45 3.30046
0.451 3.30081
0.452 3.30117
0.453 3.30152
0.454 3.30186
0.455 3.30221
0.456 3.30255
0.457 3.3029
0.458 3.30324
0.459 3.30357
0.46 3.30391
0.461 3.30425
0.462 3.30458
0.463 3.30491
0.464 3.30524
0.465 3.30556
0.466 3.30589
0.467 3.30621
0.468 3.30653
0.469 3.30685
0.47 3.30717
0.471 3.30749
0.472 3.3078
0.473 3.30811
0.474 3.30842
0.475 3.30873
0.476 3.30904
0.477 3.30934
0.478 3.30965
0.479 3.30995
0.48 3.31025
0.481 3.31054
0.482 3.31084
0.483 3.31113
0.484 3.31143
0.485 3.31172
0.486 3.31201
0.487 3.31229
0.488 3.31258
0.489 3.31286
0.49 3.31314
0.491 3.31342
0.492 3.3137
0.493 3.31398
0.494 3.31425
0.495 3.31453
0.496 3.3148
0.497 3.31507
0.498 3.31534
0.499 3.3156
0.5 3.31587
0.501 3.31613
0.502 3.31639
0.503 3.31665
0.504 3.31691
0.505 3.31716
0.506 3.31742
0.507 3.31767
0.508 3.31792
0.509 3.31817
0.51 3.31842
0.511 3.31867
0.512 3.31891
0.513 3.31916
0.514 3.3194
0.515 3.31964
0.516 3.31988
0.517 3.32011
0.518 3.32035
0.519 3.32058
0.52 3.32081
0.521 3.32104
0.522 3.32127
0.523 3.3215
0.524 3.32173
0.525 3.32195
0.526 3.32217
0.527 3.32239
0.528 3.32261
0.529 3.32283
0.53 3.32305
0.531 3.32326
0.532 3.32347
0.533 3.32368
0.534 3.32389
0.535 3.3241
0.536 3.32431
0.537 3.32451
0.538 3.32472
0.539 3.32492
0.54 3.32512
0.541 3.32532
0.542 3.32551
0.543 3.32571
0.544 3.3259
0.545 3.32609
0.546 3.32628
0.547 3.32647
0.548 3.32666
0.549 3.32684
0.55 3.32703
0.551 3.32721
0.552 3.32739
0.553 3.32757
0.554 3.32774
0.555 3.32792
0.556 3.32809
0.557 3.32826
0.558 3.32843
0.559 3.3286
0.56 3.32877
0.561 3.32893
0.562 3.3291
0.563 3.32926
0.564 3.32942
0.565 3.32957
0.566 3.32973
0.567 3.32988
0.568 3.33004
0.569 3.33019
0.57 3.33033
0.571 3.33048
0.572 3.33062
0.573 3.33077
0.574 3.33091
0.575 3.33105
0.576 3.33118
0.577 3.33132
0.578 3.33145
0.579 3.33158
0.58 3.33171
0.581 3.33183
0.582 3.33196
0.583 3.33208
0.584 3.3322
0.585 3.33232
0.586 3.33243
0.587 3.33255
0.588 3.33266
0.589 3.33276
0.59 3.33287
0.591 3.33297
0.592 3.33308
0.593 3.33317
0.594 3.33327
0.595 3.33336
0.596 3.33345
0.597 3.33354
0.598 3.33363
0.599 3.33371
0.6 3.33379
0.601 3.33387
0.602 3.33394
0.603 3.33402
0.604 3.33409
0.605 3.33415
0.606 3.33421
0.607 3.33427
0.608 3.33433
0.609 3.33438
0.61 3.33443
0.611 3.33448
0.612 3.33453
0.613 3.33457
0.614 3.3346
0.615 3.33464
0.616 3.33467
0.617 3.33469
0.618 3.33472
0.619 3.33473
0.62 3.33475
0.621 3.33476
0.622 3.33477
0.623 3.33477
0.624 3.33477
0.625 3.33477
0.626 3.33476
0.627 3.33474
0.628 3.33473
0.629 3.3347
0.63 3.33468
0.631 3.33464
0.632 3.33461
0.633 3.33457
0.634 3.33452
0.635 3.33447
0.636 3.33442
0.637 3.33436
0.638 3.33429
0.639 3.33422
0.64 3.33414
0.641 3.33406
0.642 3.33397
0.643 3.33388
0.644 3.33378
0.645 3.33367
0.646 3.33356
0.647 3.33345
0.648 3.33332
0.649 3.33319
0.65 3.33306
0.651 3.33291
0.652 3.33277
0.653 3.33261
0.654 3.33245
0.655 3.33228
0.656 3.3321
0.657 3.33192
0.658 3.33173
0.659 3.33153
0.66 3.33132
0.661 3.33111
0.662 3.33089
0.663 3.33066
0.664 3.33042
0.665 3.33018
0.666 3.32992
0.667 3.32966
0.668 3.32939
0.669 3.32911
0.67 3.32883
0.671 3.32853
0.672 3.32823
0.673 3.32791
0.674 3.32759
0.675 3.32726
0.676 3.32691
0.677 3.32656
0.678 3.3262
0.679 3.32583
0.68 3.32545
0.681 3.32506
0.682 3.32466
0.683 3.32424
0.684 3.32382
0.685 3.32339
0.686 3.32295
0.687 3.32249
0.688 3.32203
0.689 3.32155
0.69 3.32106
0.691 3.32056
0.692 3.32005
0.693 3.31953
0.694 3.319
0.695 3.31845
0.696 3.3179
0.697 3.31733
0.698 3.31675
0.699 3.31615
0.7 3.31555
0.701 3.31493
0.702 3.3143
0.703 3.31366
0.704 3.313
0.705 3.31233
0.706 3.31165
0.707 3.31095
0.708 3.31025
0.709 3.30953
0.71 3.30879
0.711 3.30804
0.712 3.30728
0.713 3.30651
0.714 3.30572
0.715 3.30492
0.716 3.30411
0.717 3.30328
0.718 3.30243
0.719 3.30158
0.72 3.30071
0.721 3.29982
0.722 3.29893
0.723 3.29801
0.724 3.29709
0.725 3.29615
0.726 3.29519
0.727 3.29423
0.728 3.29324
0.729 3.29225
0.73 3.29124
0.731 3.29021
0.732 3.28918
0.733 3.28812
0.734 3.28706
0.735 3.28598
0.736 3.28488
0.737 3.28378
0.738 3.28265
0.739 3.28152
0.74 3.28037
0.741 3.27921
0.742 3.27803
0.743 3.27684
0.744 3.27564
0.745 3.27442
0.746 3.27319
0.747 3.27195
0.748 3.27069
0.749 3.26942
0.75 3.26814
0.751 3.26685
0.752 3.26554
0.753 3.26422
0.754 3.26289
0.755 3.26154
0.756 3.26019
0.757 3.25882
0.758 3.25744
0.759 3.25605
0.76 3.25465
0.761 3.25323
0.762 3.25181
0.763 3.25038
0.764 3.24893
0.765 3.24747
0.766 3.24601
0.767 3.24453
0.768 3.24305
0.769 3.24155
0.77 3.24005
0.771 3.23853
0.772 3.23701
0.773 3.23548
0.774 3.23394
0.775 3.23239
0.776 3.23084
0.777 3.22928
0.778 3.22771
0.779 3.22613
0.78 3.22455
0.781 3.22296
0.782 3.22136
0.783 3.21976
0.784 3.21815
0.785 3.21654
0.786 3.21492
0.787 3.2133
0.788 3.21167
0.789 3.21004
0.79 3.20841
0.791 3.20677
0.792 3.20513
0.793 3.20349
0.794 3.20184
0.795 3.20019
0.796 3.19854
0.797 3.19689
0.798 3.19523
0.799 3.19358
0.8 3.19192
0.801 3.19027
0.802 3.18861
0.803 3.18695
0.804 3.1853
0.805 3.18364
0.806 3.18199
0.807 3.18034
0.808 3.17869
0.809 3.17704
0.81 3.17539
0.811 3.17375
0.812 3.17211
0.813 3.17047
0.814 3.16884
0.815 3.16721
0.816 3.16559
0.817 3.16397
0.818 3.16235
0.819 3.16074
0.82 3.15913
0.821 3.15753
0.822 3.15594
0.823 3.15435
0.824 3.15277
0.825 3.15119
0.826 3.14962
0.827 3.14806
0.828 3.1465
0.829 3.14496
0.83 3.14342
0.831 3.14189
0.832 3.14036
0.833 3.13885
0.834 3.13734
0.835 3.13585
0.836 3.13436
0.837 3.13288
0.838 3.13141
0.839 3.12995
0.84 3.1285
0.841 3.12706
0.842 3.12564
0.843 3.12422
0.844 3.12281
0.845 3.12141
0.846 3.12002
0.847 3.11865
0.848 3.11728
0.849 3.11593
0.85 3.11459
0.851 3.11326
0.852 3.11194
0.853 3.11063
0.854 3.10934
0.855 3.10806
0.856 3.10679
0.857 3.10553
0.858 3.10428
0.859 3.10305
0.86 3.10182
0.861 3.10062
0.862 3.09942
0.863 3.09823
0.864 3.09706
0.865 3.0959
0.866 3.09476
0.867 3.09363
0.868 3.09251
0.869 3.0914
0.87 3.0903
0.871 3.08922
0.872 3.08815
0.873 3.0871
0.874 3.08605
0.875 3.08502
0.876 3.08401
0.877 3.083
0.878 3.08201
0.879 3.08103
0.88 3.08007
0.881 3.07911
0.882 3.07818
0.883 3.07725
0.884 3.07633
0.885 3.07543
0.886 3.07454
0.887 3.07367
0.888 3.0728
0.889 3.07195
0.89 3.07111
0.891 3.07029
0.892 3.06948
0.893 3.06867
0.894 3.06789
0.895 3.06711
0.896 3.06634
0.897 3.06559
0.898 3.06485
0.899 3.06412
0.9 3.06341
0.901 3.0627
0.902 3.06201
0.903 3.06133
0.904 3.06066
0.905 3.06
0.906 3.05935
0.907 3.05871
0.908 3.05809
0.909 3.05747
0.91 3.05687
0.911 3.05628
0.912 3.0557
0.913 3.05513
0.914 3.05457
0.915 3.05402
0.916 3.05348
0.917 3.05295
0.918 3.05243
0.919 3.05192
0.92 3.05142
0.921 3.05094
0.922 3.05046
0.923 3.04999
0.924 3.04953
0.925 3.04908
0.926 3.04864
0.927 3.04821
0.928 3.04778
0.929 3.04737
0.93 3.04697
0.931 3.04657
0.932 3.04619
0.933 3.04581
0.934 3.04544
0.935 3.04508
0.936 3.04473
0.937 3.04438
0.938 3.04405
0.939 3.04372
0.94 3.0434
0.941 3.04309
0.942 3.04278
0.943 3.04249
0.944 3.0422
0.945 3.04191
0.946 3.04164
0.947 3.04137
0.948 3.04111
0.949 3.04086
0.95 3.04061
0.951 3.04037
0.952 3.04014
0.953 3.03992
0.954 3.0397
0.955 3.03949
0.956 3.03928
0.957 3.03908
0.958 3.03889
0.959 3.0387
0.96 3.03852
0.961 3.03834
0.962 3.03817
0.963 3.03801
0.964 3.03785
0.965 3.0377
0.966 3.03755
0.967 3.03741
0.968 3.03727
0.969 3.03714
0.97 3.03702
0.971 3.0369
0.972 3.03678
0.973 3.03667
0.974 3.03656
0.975 3.03646
0.976 3.03637
0.977 3.03628
0.978 3.03619
0.979 3.03611
0.98 3.03603
0.981 3.03596
0.982 3.03589
0.983 3.03582
0.984 3.03576
0.985 3.03571
0.986 3.03565
0.987 3.03561
0.988 3.03556
0.989 3.03552
0.99 3.03548
0.991 3.03545
0.992 3.03542
0.993 3.03539
0.994 3.03537
0.995 3.03535
0.996 3.03534
0.997 3.03533
0.998 3.03532
0.999 3.03531
1 3.03531
1.001 5
