0 0
0.001 0.607663
0.002 0.612547
0.003 0.617427
0.004 0.622303
0.005 0.627174
0.006 0.632041
0.007 0.636903
0.008 0.641761
0.009 0.646614
0.01 0.651462
0.011 0.656305
0.012 0.661143
0.013 0.665975
0.014 0.670802
0.015 0.675624
0.016 0.68044
0.017 0.68525
0.018 0.690055
0.019 0.694853
0.02 0.699646
0.021 0.704433
0.022 0.709213
0.023 0.713987
0.024 0.718755
0.025 0.723516
0.026 0.728271
0.027 0.733019
0.028 0.73776
0.029 0.742495
0.03 0.747223
0.031 0.751944
0.032 0.756657
0.033 0.761364
0.034 0.766064
0.035 0.770756
0.036 0.775441
0.037 0.780119
0.038 0.784789
0.039 0.789452
0.04 0.794107
0.041 0.798755
0.042 0.803395
0.043 0.808028
0.044 0.812653
0.045 0.81727
0.046 0.82188
0.047 0.826481
0.048 0.831075
0.049 0.835661
0.05 0.840239
0.051 0.844809
0.052 0.849372
0.053 0.853926
0.054 0.858472
0.055 0.86301
0.056 0.867541
0.057 0.872063
0.058 0.876577
0.059 0.881084
0.06 0.885582
0.061 0.890072
0.062 0.894554
0.063 0.899028
0.064 0.903494
0.065 0.907952
0.066 0.912402
0.067 0.916845
0.068 0.921279
0.069 0.925705
0.07 0.930123
0.071 0.934533
0.072 0.938935
0.073 0.94333
0.074 0.947716
0.075 0.952095
0.076 0.956466
0.077 0.960829
0.078 0.965184
0.079 0.969532
0.08 0.973872
0.081 0.978204
0.082 0.982529
0.083 0.986846
0.084 0.991155
0.085 0.995457
0.086 0.999752
0.087 1.00404
0.088 1.00832
0.089 1.01259
0.09 1.01686
0.091 1.02111
0.092 1.02537
0.093 1.02961
0.094 1.03385
0.095 1.03808
0.096 1.0423
0.097 1.04651
0.098 1.05072
0.099 1.05493
0.1 1.05912
0.101 1.06331
0.102 1.06749
0.103 1.07167
0.104 1.07584
0.105 1.08
0.106 1.08416
0.107 1.08831
0.108 1.09245
0.109 1.09659
0.11 1.10072
0.111 1.10485
0.112 1.10897
0.113 1.11308
0.114 1.11719
0.115 1.12129
0.116 1.12539
0.117 1.12948
0.118 1.13356
0.119 1.13764
0.12 1.14172
0.121 1.14579
0.122 1.14985
0.123 1.15391
0.124 1.15796
0.125 1.16201
0.126 1.16606
0.127 1.1701
0.128 1.17413
0.129 1.17816
0.13 1.18218
0.131 1.1862
0.132 1.19022
0.133 1.19423
0.134 1.19824
0.135 1.20224
0.136 1.20624
0.137 1.21023
0.138 1.21422
0.139 1.2182
0.14 1.22219
0.141 1.22616
0.142 1.23014
0.143 1.23411
0.144 1.23808
0.145 1.24204
0.146 1.246
0.147 1.24995
0.148 1.25391
0.149 1.25786
0.15 1.2618
0.151 1.26575
0.152 1.26969
0.153 1.27363
0.154 1.27756
0.155 1.28149
0.156 1.28542
0.157 1.28935
0.158 1.29327
0.159 1.29719
0.16 1.30111
0.161 1.30503
0.162 1.30894
0.163 1.31285
0.164 1.31676
0.165 1.32067
0.166 1.32458
0.167 1.32848
0.168 1.33238
0.169 1.33628
0.17 1.34018
0.171 1.34408
0.172 1.34798
0.173 1.35187
0.174 1.35576
0.175 1.35966
0.176 1.36355
0.177 1.36744
0.178 1.37133
0.179 1.37521
0.18 1.3791
0.181 1.38299
0.182 1.38687
0.183 1.39076
0.184 1.39464
0.185 1.39852
0.186 1.40241
0.187 1.40629
0.188 1.41017
0.189 1.41405
0.19 1.41793
0.191 1.42182
0.192 1.4257
0.193 1.42958
0.194 1.43346
0.195 1.43735
0.196 1.44123
0.197 1.44511
0.198 1.449
0.199 1.45288
0.2 1.45677
0.201 1.46065
0.202 1.46454
0.203 1.46842
0.204 1.47231
0.205 1.4762
0.206 1.48009
0.207 1.48398
0.208 1.48788
0.209 1.49177
0.21 1.49567
0.211 1.49956
0.212 1.50346
0.213 1.50736
0.214 1.51126
0.215 1.51517
0.216 1.51907
0.217 1.52298
0.218 1.52689
0.219 1.5308
0.22 1.53471
0.221 1.53863
0.222 1.54255
0.223 1.54647
0.224 1.55039
0.225 1.55431
0.226 1.55824
0.227 1.56217
0.228 1.5661
0.229 1.57004
0.23 1.57398
0.231 1.57792
0.232 1.58186
0.233 1.58581
0.234 1.58976
0.235 1.59371
0.236 1.59767
0.237 1.60163
0.238 1.60559
0.239 1.60956
0.24 1.61353
0.241 1.6175
0.242 1.62148
0.243 1.62546
0.244 1.62944
0.245 1.63343
0.246 1.63742
0.247 1.64142
0.248 1.64542
0.249 1.64942
0.25 1.65343
0.251 1.65744
0.252 1.66146
0.253 1.66548
0.254 1.6695
0.255 1.67353
0.256 1.67756
0.257 1.6816
0.258 1.68564
0.259 1.68969
0.26 1.69374
0.261 1.6978
0.262 1.70186
0.263 1.70593
0.264 1.71
0.265 1.71407
0.266 1.71815
0.267 1.72224
0.268 1.72633
0.269 1.73043
0.27 1.73453
0.271 1.73863
0.272 1.74274
0.273 1.74686
0.274 1.75098
0.275 1.75511
0.276 1.75924
0.277 1.76338
0.278 1.76753
0.279 1.77168
0.28 1.77583
0.281 1.77999
0.282 1.78416
0.283 1.78833
0.284 1.79251
0.285 1.7967
0.286 1.80089
0.287 1.80508
0.288 1.80929
0.289 1.81349
0.29 1.81771
0.291 1.82193
0.292 1.82616
0.293 1.83039
0.294 1.83463
0.295 1.83887
0.296 1.84313
0.297 1.84739
0.298 1.85165
0.299 1.85592
0.3 1.8602
0.301 1.86448
0.302 1.86878
0.303 1.87307
0.304 1.87738
0.305 1.88169
0.306 1.88601
0.307 1.89033
0.308 1.89466
0.309 1.899
0.31 1.90335
0.311 1.9077
0.312 1.91206
0.313 1.91643
0.314 1.9208
0.315 1.92518
0.316 1.92957
0.317 1.93396
0.318 1.93837
0.319 1.94278
0.32 1.94719
0.321 1.95162
0.322 1.95605
0.323 1.96049
0.324 1.96493
0.325 1.96939
0.326 1.97385
0.327 1.97832
0.328 1.9828
0.329 1.98728
0.33 1.99177
0.331 1.99627
0.332 2.00078
0.333 2.00529
0.334 2.00982
0.335 2.01435
0.336 2.01889
0.337 2.02344
0.338 2.02799
0.339 2.03255
0.34 2.03713
0.341 2.0417
0.342 2.04629
0.343 2.05089
0.344 2.05549
0.345 2.0601
0.346 2.06473
0.347 2.06936
0.348 2.07399
0.349 2.07864
0.35 2.08329
0.351 2.08796
0.352 2.09263
0.353 2.09731
0.354 2.102
0.355 2.1067
0.356 2.11141
0.357 2.11612
0.358 2.12085
0.359 2.12558
0.36 2.13032
0.361 2.13508
0.362 2.13984
0.363 2.14461
0.364 2.14939
0.365 2.15418
0.366 2.15897
0.367 2.16378
0.368 2.1686
0.369 2.17343
0.37 2.17826
0.371 2.18311
0.372 2.18797
0.373 2.19283
0.374 2.19771
0.375 2.20259
0.376 2.20749
0.377 2.21239
0.378 2.21731
0.379 2.22223
0.38 2.22717
0.381 2.23212
0.382 2.23707
0.383 2.24204
0.384 2.24702
0.385 2.25201
0.386 2.25701
0.387 2.26202
0.388 2.26704
0.389 2.27207
0.39 2.27711
0.391 2.28216
0.392 2.28723
0.393 2.2923
0.394 2.29739
0.395 2.30249
0.396 2.3076
0.397 2.31272
0.398 2.31785
0.399 2.323
0.4 2.32815
0.401 2.33332
0.402 2.3385
0.403 2.3437
0.404 2.3489
0.405 2.35412
0.406 2.35935
0.407 2.36459
0.408 2.36984
0.409 2.37511
0.41 2.38039
0.411 2.38568
0.412 2.39099
0.413 2.39631
0.414 2.40164
0.415 2.40698
0.416 2.41234
0.417 2.41771
0.418 2.4231
0.419 2.4285
0.42 2.43391
0.421 2.43933
0.422 2.44478
0.423 2.45023
0.424 2.4557
0.425 2.46118
0.426 2.46668
0.427 2.47219
0.428 2.47772
0.429 2.48326
0.43 2.48882
0.431 2.49439
0.432 2.49998
0.433 2.50558
0.434 2.5112
0.435 2.51684
0.436 2.52249
0.437 2.52815
0.438 2.53383
0.439 2.53953
0.44 2.54525
0.441 2.55098
0.442 2.55672
0.443 2.56249
0.444 2.56827
0.445 2.57407
0.446 2.57988
0.447 2.58572
0.448 2.59157
0.449 2.59743
0.45 2.60332
0.451 2.60922
0.452 2.61514
0.453 2.62108
0.454 2.62704
0.455 2.63302
0.456 2.63902
0.457 2.64503
0.458 2.65106
0.459 2.65712
0.46 2.66319
0.461 2.66928
0.462 2.67539
0.463 2.68152
0.464 2.68768
0.465 2.69385
0.466 2.70004
0.467 2.70625
0.468 2.71249
0.469 2.71874
0.47 2.72502
0.471 2.73132
0.472 2.73764
0.473 2.74398
0.474 2.75034
0.475 2.75673
0.476 2.76313
0.477 2.76956
0.478 2.77602
0.479 2.78249
0.48 2.78899
0.481 2.79551
0.482 2.80206
0.483 2.80863
0.484 2.81522
0.485 2.82184
0.486 2.82848
0.487 2.83515
0.488 2.84184
0.489 2.84855
0.49 2.8553
0.491 2.86206
0.492 2.86886
0.493 2.87567
0.494 2.88252
0.495 2.88939
0.496 2.89629
0.497 2.90321
0.498 2.91016
0.499 2.91714
0.5 2.92414
0.501 2.93118
0.502 2.93824
0.503 2.94533
0.504 2.95245
0.505 2.95959
0.506 2.96677
0.507 2.97397
0.508 2.98121
0.509 2.98847
0.51 2.99576
0.511 3.00308
0.512 3.01044
0.513 3.01782
0.514 3.02524
0.515 3.03268
0.516 3.04016
0.517 3.04767
0.518 3.05521
0.519 3.06278
0.52 3.07039
0.521 3.07802
0.522 3.08569
0.523 3.0934
0.524 3.10113
0.525 3.1089
0.526 3.11671
0.527 3.12455
0.528 3.13242
0.529 3.14033
0.53 3.14827
0.531 3.15624
0.532 3.16426
0.533 3.17231
0.534 3.18039
0.535 3.18851
0.536 3.19667
0.537 3.20486
0.538 3.2131
0.539 3.22136
0.54 3.22967
0.541 3.23802
0.542 3.2464
0.543 3.25482
0.544 3.26328
0.545 3.27178
0.546 3.28032
0.547 3.28889
0.548 3.29751
0.549 3.30617
0.55 3.31487
0.551 3.32361
0.552 3.33239
0.553 3.34121
0.554 3.35007
0.555 3.35897
0.556 3.36792
0.557 3.37691
0.558 3.38594
0.559 3.39501
0.56 3.40413
0.561 3.41329
0.562 3.4225
0.563 3.43175
0.564 3.44104
0.565 3.45038
0.566 3.45976
0.567 3.46919
0.568 3.47866
0.569 3.48818
0.57 3.49774
0.571 3.50735
0.572 3.51701
0.573 3.52671
0.574 3.53646
0.575 3.54626
0.576 3.55611
0.577 3.566
0.578 3.57594
0.579 3.58593
0.58 3.59597
0.581 3.60606
0.582 3.61619
0.583 3.62638
0.584 3.63661
0.585 3.64689
0.586 3.65723
0.587 3.66761
0.588 3.67805
0.589 3.68853
0.59 3.69907
0.591 3.70966
0.592 3.7203
0.593 3.73099
0.594 3.74173
0.595 3.75252
0.596 3.76337
0.597 3.77427
0.598 3.78522
0.599 3.79622
0.6 3.80728
0.601 3.81839
0.602 3.82955
0.603 3.84077
0.604 3.85204
0.605 3.86336
0.606 3.87474
0.607 3.88617
0.608 3.89766
0.609 3.9092
0.61 3.92079
0.611 3.93244
0.612 3.94415
0.613 3.95591
0.614 3.96772
0.615 3.97959
0.616 3.99152
0.617 4.0035
0.618 4.01554
0.619 4.02763
0.62 4.03977
0.621 4.05198
0.622 4.06423
0.623 4.07655
0.624 4.08892
0.625 4.10134
0.626 4.11383
0.627 4.12636
0.628 4.13896
0.629 4.1516
0.63 4.16431
0.631 4.17707
0.632 4.18989
0.633 4.20276
0.634 4.21568
0.635 4.22867
0.636 4.24171
0.637 4.2548
0.638 4.26795
0.639 4.28116
0.64 4.29442
0.641 4.30773
0.642 4.3211
0.643 4.33453
0.644 4.348
0.645 4.36154
0.646 4.37513
0.647 4.38877
0.648 4.40246
0.649 4.41621
0.65 4.43002
0.651 4.44387
0.652 4.45778
0.653 4.47174
0.654 4.48576
0.655 4.49982
0.656 4.51394
0.657 4.52811
0.658 4.54233
0.659 4.5566
0.66 4.57093
0.661 4.5853
0.662 4.59972
0.663 4.61419
0.664 4.62871
0.665 4.64328
0.666 4.6579
0.667 4.67256
0.668 4.68727
0.669 4.70203
0.67 4.71683
0.671 4.73168
0.672 4.74658
0.673 4.76152
0.674 4.7765
0.675 4.79153
0.676 4.8066
0.677 4.82171
0.678 4.83686
0.679 4.85206
0.68 4.86729
0.681 4.88257
0.682 4.89788
0.683 4.91323
0.684 4.92862
0.685 4.94405
0.686 4.95951
0.687 4.97501
0.688 4.99055
0.689 5.00611
0.69 5.02172
0.691 5.03735
0.692 5.05301
0.693 5.06871
0.694 5.08444
0.695 5.10019
0.696 5.11597
0.697 5.13178
0.698 5.14762
0.699 5.16348
0.7 5.17937
0.701 5.19528
0.702 5.21121
0.703 5.22717
0.704 5.24314
0.705 5.25914
0.706 5.27515
0.707 5.29119
0.708 5.30724
0.709 5.3233
0.71 5.33938
0.711 5.35547
0.712 5.37158
0.713 5.3877
0.714 5.40382
0.715 5.41996
0.716 5.43611
0.717 5.45226
0.718 5.46842
0.719 5.48458
0.72 5.50075
0.721 5.51692
0.722 5.53309
0.723 5.54926
0.724 5.56543
0.725 5.5816
0.726 5.59776
0.727 5.61392
0.728 5.63008
0.729 5.64623
0.73 5.66236
0.731 5.6785
0.732 5.69461
0.733 5.71072
0.734 5.72682
0.735 5.7429
0.736 5.75896
0.737 5.77501
0.738 5.79104
0.739 5.80705
0.74 5.82304
0.741 5.83901
0.742 5.85496
0.743 5.87088
0.744 5.88677
0.745 5.90264
0.746 5.91848
0.747 5.93429
0.748 5.95007
0.749 5.96582
0.75 5.98154
0.751 5.99722
0.752 6.01287
0.753 6.02848
0.754 6.04405
0.755 6.05958
0.756 6.07507
0.757 6.09052
0.758 6.10593
0.759 6.12129
0.76 6.13661
0.761 6.15188
0.762 6.1671
0.763 6.18227
0.764 6.19739
0.765 6.21247
0.766 6.22749
0.767 6.24245
0.768 6.25736
0.769 6.27222
0.77 6.28701
0.771 6.30175
0.772 6.31643
0.773 6.33105
0.774 6.34561
0.775 6.36011
0.776 6.37454
0.777 6.3889
0.778 6.4032
0.779 6.41744
0.78 6.4316
0.781 6.4457
0.782 6.45973
0.783 6.47368
0.784 6.48757
0.785 6.50138
0.786 6.51512
0.787 6.52878
0.788 6.54237
0.789 6.55588
0.79 6.56931
0.791 6.58267
0.792 6.59594
0.793 6.60914
0.794 6.62225
0.795 6.63529
0.796 6.64824
0.797 6.66111
0.798 6.67389
0.799 6.68659
0.8 6.69921
0.801 6.71174
0.802 6.72418
0.803 6.73654
0.804 6.74881
0.805 6.76099
0.806 6.77308
0.807 6.78508
0.808 6.79699
0.809 6.80881
0.81 6.82054
0.811 6.83218
0.812 6.84372
0.813 6.85518
0.814 6.86654
0.815 6.8778
0.816 6.88898
0.817 6.90005
0.818 6.91104
0.819 6.92193
0.82 6.93272
0.821 6.94342
0.822 6.95402
0.823 6.96453
0.824 6.97494
0.825 6.98526
0.826 6.99548
0.827 7.0056
0.828 7.01562
0.829 7.02555
0.83 7.03538
0.831 7.04512
0.832 7.05475
0.833 7.06429
0.834 7.07374
0.835 7.08308
0.836 7.09233
0.837 7.10148
0.838 7.11053
0.839 7.11949
0.84 7.12835
0.841 7.13711
0.842 7.14578
0.843 7.15435
0.844 7.16282
0.845 7.1712
0.846 7.17948
0.847 7.18766
0.848 7.19575
0.849 7.20375
0.85 7.21164
0.851 7.21945
0.852 7.22716
0.853 7.23477
0.854 7.24229
0.855 7.24972
0.856 7.25706
0.857 7.2643
0.858 7.27145
0.859 7.27851
0.86 7.28547
0.861 7.29235
0.862 7.29913
0.863 7.30583
0.864 7.31243
0.865 7.31895
0.866 7.32537
0.867 7.33171
0.868 7.33796
0.869 7.34412
0.87 7.3502
0.871 7.35619
0.872 7.36209
0.873 7.36791
0.874 7.37365
0.875 7.3793
0.876 7.38486
0.877 7.39035
0.878 7.39575
0.879 7.40107
0.88 7.40631
0.881 7.41147
0.882 7.41655
0.883 7.42155
0.884 7.42648
0.885 7.43132
0.886 7.43609
0.887 7.44078
0.888 7.4454
0.889 7.44994
0.89 7.4544
0.891 7.4588
0.892 7.46312
0.893 7.46736
0.894 7.47154
0.895 7.47564
0.896 7.47968
0.897 7.48364
0.898 7.48754
0.899 7.49136
0.9 7.49512
0.901 7.49882
0.902 7.50244
0.903 7.50601
0.904 7.5095
0.905 7.51293
0.906 7.5163
0.907 7.51961
0.908 7.52285
0.909 7.52604
0.91 7.52916
0.911 7.53222
0.912 7.53522
0.913 7.53817
0.914 7.54106
0.915 7.54389
0.916 7.54666
0.917 7.54938
0.918 7.55204
0.919 7.55465
0.92 7.5572
0.921 7.5597
0.922 7.56215
0.923 7.56454
0.924 7.56689
0.925 7.56919
0.926 7.57143
0.927 7.57363
0.928 7.57577
0.929 7.57787
0.93 7.57992
0.931 7.58193
0.932 7.58389
0.933 7.5858
0.934 7.58767
0.935 7.5895
0.936 7.59128
0.937 7.59302
0.938 7.59471
0.939 7.59637
0.94 7.59798
0.941 7.59955
0.942 7.60109
0.943 7.60258
0.944 7.60403
0.945 7.60545
0.946 7.60683
0.947 7.60817
0.948 7.60947
0.949 7.61074
0.95 7.61197
0.951 7.61317
0.952 7.61433
0.953 7.61546
0.954 7.61655
0.955 7.61762
0.956 7.61865
0.957 7.61964
0.958 7.62061
0.959 7.62154
0.96 7.62245
0.961 7.62332
0.962 7.62417
0.963 7.62498
0.964 7.62577
0.965 7.62653
0.966 7.62726
0.967 7.62796
0.968 7.62864
0.969 7.62929
0.97 7.62991
0.971 7.63051
0.972 7.63108
0.973 7.63163
0.974 7.63216
0.975 7.63266
0.976 7.63313
0.977 7.63359
0.978 7.63402
0.979 7.63442
0.98 7.63481
0.981 7.63517
0.982 7.63552
0.983 7.63584
0.984 7.63614
0.985 7.63642
0.986 7.63668
0.987 7.63692
0.988 7.63714
0.989 7.63735
0.99 7.63753
0.991 7.6377
0.992 7.63785
0.993 7.63798
0.994 7.63809
0.995 7.63818
0.996 7.63826
0.997 7.63833
0.998 7.63837
0.999 7.6384
1 7.63842
1.001 0
